2977
487192086 693870787
218058785 339446705
848507691 905170645
542585138 822146841
978333028 996941104
894188784 942791941
646836341 851777064
578784412 605856896
856835596 897087998
564029912 866826150
786130356 947428538
444288257 515766157
457341710 773258103
760656194 968529794
628385351 860292877
869160301 953040860
327295234 393939969
311210146 612312327
52861528 860812568
131151333 874790904
746481887 962203876
967506517 974557379
704056379 920180551
544569799 693615363
11967484 886215737
33239554 807198582
276893621 492704730
832682860 880899780
597760693 819075064
724030991 912456270
513444142 691217018
559124678 848205854
992094233 996215291
91089913 676274781
196695678 453390930
788610506 880874119
942202333 943782279
953686580 979136197
877914564 915648947
346633038 502770573
293820829 711596724
165142068 753699386
851937402 885051537
821934212 914259348
646209082 933593706
298770628 786719704
192784647 899357076
853317653 873082967
359910384 925799425
713822538 887290319
735167422 945207566
70507334 545335977
426004151 651896291
387459539 652736294
408441709 610758953
334426044 547212542
652021582 922806388
143388100 199390659
82768831 990158171
814293918 957326598
808978633 904327262
812327893 834850359
64453786 244091495
618334829 859789377
432259466 968984301
657761119 729839733
886953294 938467067
85876759 651880553
735456078 750732226
333174010 407961670
226637321 825083497
96996331 503667195
748341722 878657115
277343504 379476900
739442245 743315146
496277599 946601951
55587949 941026417
619739720 642788616
592724051 981126920
388781466 402637454
140373896 994965552
492921254 900984949
22885097 369460102
320850220 527534820
406224934 644208035
883495043 920252912
748002029 871842343
411360952 553158693
797559801 806332521
268671638 461880987
850222039 905232593
743232001 918038960
860693662 875871362
297244158 311852274
185132975 558393189
368451879 421426318
899653089 977696922
182616595 718832258
889649711 954637901
345125820 867978891
253178204 606634733
289564052 794792739
399910406 708939223
499275986 564555425
151906933 819142515
111416314 971823195
33531246 912887094
607931229 920861239
507513565 578477380
100589847 845459404
612359515 683032757
23626469 990878038
638516810 654381501
509362565 565563736
44578461 229512327
641215497 646983032
207403199 278726229
828667311 960702254
770493061 889798690
784986713 794329666
387817022 518827526
718379623 820056615
452752109 478866073
939626468 994946070
761175427 812390823
435086966 992969283
827878937 932434294
57104490 719985394
561498066 624028509
720786861 783437085
926169145 992230963
515384449 596293172
525516787 840301685
169407013 564405187
519660221 868761820
620009941 924301084
343198723 814597668
207701896 881961535
40091709 523859923
916932806 924062157
495167426 865125150
921572578 993555195
373104325 429119003
98065491 893009873
457150291 551712258
534225000 699904345
131262816 698283315
629086993 920255161
857321875 962653904
157455509 848195746
312337988 549239947
660585504 672998920
194422592 260557046
718130126 985517527
362687974 576888973
957151554 969330793
900841176 936159673
494995046 855798672
42950031 493144966
102895181 500655028
551666092 708218799
828028284 903238114
598024619 705543662
11454539 863392411
9848649 698752485
666625699 798486890
213202026 375799525
721317114 856979447
706595579 861959736
707449719 772648643
719884421 830724334
417480583 786580110
69624952 218014043
890855364 999570342
691208663 932055498
973163010 987181087
664918926 978862066
812333449 832459955
449261668 994857857
577501950 687977782
208779983 490177669
546118671 557141529
68317676 600871229
638151993 859289425
813273596 957837956
466068923 518864737
710957478 972210732
916981970 985246275
72606825 885777822
994824088 999190220
191740524 468899131
313363812 846147726
59044017 243419190
918697473 932058302
19633424 752652796
408015229 856223394
58625367 670000491
757081074 855327015
848455918 961499365
467328691 901121289
973286713 977638264
615429855 626513123
11305414 887749778
958262998 972262610
531459994 704054189
445386266 530572283
524357608 621745762
650260159 838314745
761168478 844878955
587351645 898408385
297977352 724134340
451587760 505369465
738445800 987794752
34114902 706628570
825086752 849537615
616131635 851391599
478886647 973655397
799383301 907335136
610739598 720558770
286491632 624481087
341091514 940997510
172432491 671003814
961463856 981147071
680426526 865170147
25405119 93604568
254421873 790866893
47568788 549868528
536966719 698582210
697973605 775223789
504804372 602380146
51377018 176001212
894329527 998996533
310376341 520738084
755869820 811294699
720748214 993449538
652712830 961083622
544881119 548874129
298593782 653550803
484504970 884467563
577292473 815170526
509284312 865094404
341947037 459366720
904704973 969348500
348604785 848506860
778230757 847843381
803155969 831586157
240046692 322155130
389338545 490099420
183389774 813094824
625222053 884237412
571652491 906639958
313616162 948728402
176320604 848449033
989521320 997498190
813205995 819331240
679343722 950110891
233214777 543014096
98021957 259148404
523143398 896143261
903356845 924541582
3064586 277039311
861971735 906282014
60377426 449561381
833915403 864535287
22125944 789745194
335288610 940643174
72829713 861144012
13211562 150610342
743508498 920712548
802133586 934096453
470949491 633649854
451290467 765027495
693119380 979826609
764754858 966037762
370181377 953573496
985884770 988231053
975787093 989188958
201386464 428793467
910677170 982537784
894901190 986260891
918808618 999961456
198815636 436363028
556585277 881273958
981301495 981351649
375579455 497753943
794996413 995536801
566386929 652520631
174195206 240400034
846910261 939115535
587447502 674641215
425966991 726145194
895296833 904119046
453920390 505931330
3098576 425198463
899176302 961935102
176136313 517060833
953190811 963750937
301963849 454042582
705831265 921404986
124324364 531784416
693677030 710631793
133349515 329250696
735150755 940617212
253030154 423315587
116278311 312488755
946285119 970195761
268699130 270384148
971007423 996742842
754197981 816059092
582171344 907891983
978807825 993336328
38843587 734205746
311580470 692087594
27587559 117534558
320829195 339810630
677886634 693118281
643243254 909734332
326422423 852574884
857839452 944575264
124307328 567960152
662180891 666327722
870741825 942710740
582462865 913192547
327840919 788348271
267089236 440234650
29701432 189516920
341641208 896564636
356795418 804591959
770694967 836603061
298288311 489330331
57708265 610910740
596195386 958741639
593432960 662432327
348979648 929440936
380796799 416602212
369255613 467057628
350044067 755926749
830387288 992040102
420230692 813193712
287008501 476967857
527870847 608193436
8149878 234020798
675868880 739832043
620009215 645427810
331128479 863622721
252119304 723858412
919747517 970750307
669745769 670120847
90905902 657385235
929842671 983412812
529337 994351954
468613853 904296558
627076626 977109343
539472978 843924988
935759338 961311655
691969296 821947491
757249707 819537304
834740940 866359718
290153265 775712739
66391019 638365173
798831886 927244602
375699303 483926304
462446040 790814104
464067406 551646486
409362762 611702270
962246963 993509469
945325645 949626576
89731515 410361597
304405340 611412906
624930425 829986662
385954884 486271009
897935032 936927124
714892800 764902604
382619419 569678078
207783737 281891486
326461850 338503807
365575361 423326699
917010393 993340881
304113981 657848867
819559513 846254073
273835126 993343305
965576219 969703935
9987167 966462326
935441682 982552015
759658383 945834259
35120738 684703933
199817401 245627904
163558522 896523551
526926232 982923004
157078465 207683879
520697480 544887845
341835324 543137303
821157006 920998509
148807511 481082172
592206579 830376658
322045108 604022177
145231707 792158016
137416114 654451255
36675383 483556265
868313679 993594088
531133613 831599281
461144961 679038301
950023905 966238194
246569453 294253444
249926523 976932040
399976933 737752973
211868174 519743111
941656793 981593939
392352902 945097036
580810430 831337871
993872384 995300518
421111071 953168661
489607094 761342759
225360245 396396610
993376836 999217538
687536053 903176560
967962923 969115783
848652430 889865759
187959926 483581096
512651974 929880396
178898465 324660578
351772366 948550586
316319931 588136918
114411988 254703644
237608612 292022327
842571451 945462909
285419844 430271528
889425672 962380068
68016093 86988260
866760248 956099268
543977700 786528712
826889620 907874487
695916938 963792727
512005368 582816069
553540029 706786079
711844510 766501337
539397305 906631273
57184942 477115498
499936390 758690211
317595416 361239017
161296225 741449574
698701242 782861682
365209781 577300641
606648360 655341418
922818796 943122880
618442479 719797903
405059549 492250897
29976015 821232439
328393630 505057260
655663699 983769452
191966868 997101611
117808157 289997849
749685973 879619967
106568111 403036461
626828137 733921396
550960966 727229843
697051720 987229282
763157851 833858391
415130392 814508502
382524729 511711128
286027784 768676439
9156949 821738433
866596573 987869229
65629999 117642799
735117149 888233688
636721415 996423656
969813192 986615765
949196104 992383002
607226697 806975345
285002355 522222073
23730114 402738546
541585874 766524078
81533915 855561340
277042303 426576674
804635431 844384585
49752409 890663632
984683073 985817805
680354922 913421825
104596847 676895063
983908265 985075449
618822403 954734301
406280513 762018605
631157723 831553410
671031779 915883558
99238314 476397313
330664605 749951389
848995178 876695768
232546655 262117636
649252148 998650388
872742188 944036546
567486082 877936601
442259050 558124697
929067333 981645185
889346366 901974088
141123306 211353423
218690429 396658168
583215330 744362015
286849490 636310310
999706707 999734625
549754819 907579286
645930868 868600981
451587046 642650718
953474382 984046074
673024233 899371425
471064555 517923442
678904316 990149608
339191153 690269402
938475705 948743627
868657919 949618238
417468614 566421918
446783937 850909093
515072822 696765470
781298509 969425451
93306590 541068520
967549227 993193422
106683225 324197688
596736146 920804391
166702922 670936166
7413642 109673399
435900403 698981384
498796346 819422248
858909727 999105242
713874653 959218925
466437339 719105735
944792863 951151529
348919454 549321838
32893082 221290696
415376426 911892765
401305773 478798986
137262418 407592741
11047456 66463670
737432152 810392156
981024210 991043082
821217803 911278209
167188846 624006481
835696931 866191208
680646626 719696700
502114596 680926509
529802403 748215326
611598892 724021046
882872601 924748593
629485482 885599366
493520449 844420079
215247098 237306084
371362653 675653861
243304749 546578578
628779230 994845885
840185251 933621830
885304086 903877622
383083800 908075950
734765000 825137448
395689228 863627028
903527485 909506588
997062368 997878102
458593216 709721918
939337796 945790880
778920345 943322213
803050731 895665694
791753279 798496220
516622017 753335270
412279394 925631500
367790445 370801526
769800455 887307103
295747953 369361077
379335996 910700730
154467573 712324067
61791822 609119799
865686685 901656341
556256415 688152880
930347499 941576999
960392359 994739301
83477068 904951289
687326513 752185849
117981184 407296410
287180416 556730805
295345902 568594646
366470968 754648730
658353646 920633873
77516950 181176812
46916466 654474959
586305735 825117637
929183056 941144520
672520353 895118762
551047483 931938595
504662201 881907334
969433004 971753643
56977326 374835685
537035823 927282234
382048022 442143414
209307056 818644245
146454922 708721709
843459946 875435647
517930739 787310187
60130280 65605587
348948048 362160781
236334208 783530631
115295294 620692876
670781150 679242163
300525622 585079554
164168718 205693264
445257864 750181027
800354906 819332845
673027534 967642336
738945738 761582779
921823461 931346927
101266124 480538298
23471108 98110871
437983201 654761025
350185846 453486963
855079160 943655015
503142057 657348316
696982169 794791804
704275482 858791063
848980027 958618671
778113205 813098226
909397816 993502123
857893414 923749994
324680513 631472271
196571654 850847260
832452024 892949923
998583223 999705915
48720879 938625441
987819591 990130175
386641926 669386795
133677742 482487992
386930450 828171789
859017026 926017464
268173068 981599592
965307983 973873064
915077267 954965839
54896599 420379167
176725352 464679839
482651701 915952965
224351196 733803364
14986917 709851332
670917705 828743777
595903773 649623256
739598172 783880751
525663365 871986475
673665456 966587780
752656328 883208798
354580429 689701314
232018904 523885321
309100888 847378778
846135812 853081000
1761511 663193073
846971795 971459886
197068923 243734653
932255358 972822142
265589234 414451739
915678196 919893959
97090226 955468490
553908990 661503034
770817830 787323011
705270433 792460286
510732270 897756448
850512674 869342534
711567441 789940202
904773525 942970406
154814398 373653319
782571613 968541706
256219829 784849758
499121151 868412756
562750639 993509388
820884060 925877453
711104297 813918835
156327404 574446957
891851480 984291345
829136250 895254578
813391552 941328181
358812951 971983252
145344610 705403626
58697241 377280507
2390961 700902381
493782520 780741582
921944740 936640077
234228707 909201211
623011970 762934246
84248963 976104530
245365628 514046515
353994460 394309108
66646540 954739929
920923234 930584686
457521818 907897416
509707918 762983115
610766538 988333830
444833875 784464510
540469342 908438767
99129323 518506430
830447462 967596401
37792735 517705345
511427284 514648084
335855602 540743019
155591248 442318127
120817066 337948520
599672113 746315464
487481083 965470621
73187483 509698021
917085251 998558650
742172117 794304047
970150183 983301782
332394871 392973589
452503461 924294616
761691695 928041649
745642680 980666623
149244856 580458836
884264725 981625086
890634716 943414007
13770674 660679392
956891277 961289367
566392134 677666479
934847810 970284656
932788409 933025290
267964107 866293133
363281437 969683617
826000935 857030283
534175954 836990009
556272598 972719046
834815447 907803221
776860941 944154571
267745248 863856625
350731328 845977694
50208092 80198890
113055298 642472472
77495184 436285983
283192620 867267614
135272629 449141629
56049180 379033514
38668695 318538991
277933851 977973731
149903028 978723091
381010160 683956399
952158468 962437718
578225715 838671133
805373421 989223662
485582596 628892458
786245270 847749987
400637399 985312016
820468422 830931509
903901804 955314797
232335620 419508960
873354109 923418231
848926799 921739170
869864016 979288488
825372273 840248626
487015212 689094034
180460671 708130972
544658708 790107605
150757194 426445582
801419460 957908014
960926390 970760657
418446885 485278863
716305378 775394549
854731106 973842090
292049074 758615752
306359079 608743058
980522038 994306469
578008665 826384273
547287863 680750056
828881712 993708334
330220702 842190407
700173504 976569913
192596925 373808678
923712997 964713899
275327788 635332482
196735409 533126540
643657510 922510083
9525315 545369804
457270067 619838323
608635251 992374888
54876934 833448262
859298723 894162297
194157382 248464392
553415984 750886875
646705289 893089525
12960857 353226080
1999023 350644249
872627266 974307014
679067300 786869411
473421937 532419043
154281042 457631367
435004409 536785976
859804328 907631573
160583458 607635803
454347297 767463719
798524545 953921431
79681301 318401208
640464674 905637509
629159978 853678037
224823508 889907936
462267985 922361845
322255812 337860898
144145911 799827960
384582974 462175376
242667703 333951785
491194841 756120330
320548834 768124812
499483853 707650373
520077788 526868562
267189208 345348254
998571603 999514931
764430015 853429610
823436959 983309703
524097588 949612277
126505042 983758973
404973858 912989501
338137651 518791138
843339284 912138500
13460906 676276336
987907258 994633709
828707524 975171299
60623673 746680796
351946754 894051764
841714160 983144441
48506967 131954345
376672704 697735066
859722089 910664891
274157737 511049441
679625094 774266841
553731865 819646777
909672166 957528197
738935338 763193397
104718763 728576215
645377692 784231480
539540139 826992216
183445465 870057782
854577116 859744645
704944232 856587397
530464847 930501397
758053601 978537923
451432147 757893551
648026781 763876644
122457883 777799999
308391886 811870407
296473581 706170050
487888270 989495256
967082409 988765242
415639497 961465476
378465031 986642015
6667087 991112996
50742449 399242253
607991313 841759627
592976236 866953091
160300755 708967188
364961588 369369377
302355037 646546965
363056490 854169492
725104609 731920517
990436891 992155946
692932292 951897625
844524136 895858671
670000464 727000970
676586098 738863351
818684921 846499605
74099643 110102724
41906812 794107544
164989044 636838285
136334473 204433968
186077026 820196926
213435802 611966662
547976675 827699522
424290239 513744760
554984663 800030026
188167629 891277873
298294304 722000012
337691678 941582103
332004040 521972321
465442455 478982961
797023560 812691724
889552423 926735620
562082358 565476435
75661826 435013442
835083772 922438833
220230538 295976223
771132128 891418799
856615732 909203633
546471279 841392650
68366801 643721276
235691116 326828738
483087823 926376460
246319547 933769505
253074131 562195141
995896670 998363064
288863946 468846780
765868679 915308332
381462943 716757286
937827207 970523281
919455062 980609629
933438057 942813053
905344846 975690096
781449660 839658601
770933 973976046
156691766 595425995
939473947 992339848
33992379 303791211
411522798 626051029
844440626 949898689
591512761 762657705
455362098 766532006
981658137 996601456
933338948 983638998
983671313 988202207
114779875 879509878
881266777 977783327
779888117 831173985
224380712 323765583
413554944 677099590
745475612 822938129
823692069 829966311
718814239 841102663
614149793 769980002
711526590 752316142
607762817 961095097
495469757 526502795
421844180 880586209
764019855 765399744
262213757 315780085
36768834 73166693
508442982 562664870
21344670 830468834
741686170 784475877
619454739 972021855
756964796 859015105
975355816 997759338
416891899 645105966
327135889 611558455
9478201 648311623
896480325 898224183
98852762 575736810
463457619 465718556
407047425 508392028
734706720 872135072
456799650 930204224
667138796 917737827
809133340 958791350
278439792 432425475
384143492 862533827
398015163 877919745
174097717 821085634
423113071 661793249
970786628 988283272
651814261 950445467
470130835 540067184
130270052 307286942
522821072 875522215
858144572 984345808
921350184 921517196
643082760 722561283
407708973 655458020
483101536 793856642
185585046 535958937
787414397 954943861
277258329 439978036
803466232 969769180
122157049 691026982
171248803 792302519
678326534 710668123
322393544 776797544
612669894 684739015
697984317 749188863
664847019 892266918
961995260 972464553
379051654 713141518
751857778 980342174
103323307 578371145
12089051 870086016
583209181 990034456
290641338 685876125
736509623 790730054
384427300 524307905
716581114 938766642
859999900 947348642
76414686 205494849
195136752 712479808
348118591 385143342
935883355 968513166
877603431 906341084
945231915 969633432
77261014 194003287
66751258 597323346
688837410 993415378
29041710 291464538
373884112 674251168
386608009 569888169
817665653 942618062
309967938 412627522
279556744 438197064
964362551 997659789
388401362 786906604
606343912 636144570
280372531 341098969
957953153 989264473
35563718 632670080
135665511 862124447
824243336 842461061
992801098 998967167
656605183 799412042
72029004 628903523
223600138 634969655
718704198 990006188
825267593 870785582
25746869 185123687
447854070 949594930
183205378 978301633
589986509 708134604
563795371 761082759
118190989 743507376
40305995 557466448
27605229 120744161
989342761 998043832
131831497 453381645
896708533 994097085
649406052 816250730
389967378 585129035
404495413 656414869
469714240 694861110
483024544 685761126
250373464 436182585
94366198 813203859
580525087 844969739
570799246 722212509
437142843 663551403
242672930 463699891
779500203 847304232
54633529 392931656
99150441 620130018
658072468 674342604
888836941 965041794
792199518 975595073
464153329 601147303
231061186 919383479
14404467 201982974
41197563 143398421
89388173 605691552
203379180 852707192
655408440 785343009
643330910 683105545
599506937 961886389
916364622 968231237
70259191 160032970
254203597 989132288
348210000 516978776
301686419 637218306
817068429 867199087
653424322 702810091
403690072 798737391
851091605 864626959
927656414 928026725
247042118 637336777
421488980 509274443
867048742 983930246
34934168 852813508
810371763 915488419
275335779 361461308
589676947 651916593
662101394 682891232
15928306 937407415
591832934 900644918
822964435 841016581
382136020 564261135
879963920 992960127
843296661 868329936
195913747 930782448
282022235 497624293
690946682 913302485
65664623 251063021
748811389 934779739
357865512 692349824
671337175 819095588
861926081 978096071
336929679 670208448
71719749 207330249
122350525 824721762
660816543 976528081
311978554 954560267
893459641 900924614
839684697 891910539
857058913 862526148
496992532 664327877
461173348 750932767
247168284 368131551
470452372 949676562
955109587 969507567
739928885 915537625
442517873 450401305
687449686 899982707
610013154 727697202
148424378 686875043
257850565 296223345
470086631 789109465
670714410 907418192
962278468 984677051
825438415 842658172
921318198 982363394
786405755 821856914
309854441 942572563
904651785 964731879
588383335 647312057
61145385 674333390
40639368 462743385
352982176 603617694
441776125 481231018
386772106 855675736
147264271 530350407
760066731 962981353
971037429 999630017
383369186 899087505
629065163 788871744
859361175 958078466
704813246 825932639
911952143 965259887
767503493 821756842
317544000 439769957
216541512 263514653
496646295 505314506
594510041 683396498
126554471 791931319
322627089 855626663
551550652 682674917
676267739 767977123
301875811 321825708
243915780 643050150
184995295 304994564
390431898 493984640
288300538 707694826
599879094 888773912
656268854 754168150
280994296 996589278
987038574 988708566
379857187 912069966
736063556 899815669
459046407 959358059
679941127 785207913
321306210 687671904
806883110 822159497
218249385 815738851
631473751 688245482
992897909 997320528
629701862 701051744
856578734 924398913
622997022 865698843
558353971 981945855
953702944 975881121
100691463 222219501
265929492 948933898
800702019 921742829
876412292 932111826
551750562 729620785
308436924 425251645
60710790 306941159
663055115 927311893
538584706 589011769
422056288 947906598
214477969 530791004
634400134 654199171
673499336 958431307
302916718 786326193
288667918 969505494
488183694 708319629
637788326 796284835
775277180 810694026
594490171 628241651
820252581 995268108
765148953 929241047
295958168 865959423
657056242 695500828
409792761 770138719
653393278 870266605
692739650 808298592
655694738 959702282
187903928 820243028
197611420 874352060
673893478 736383760
757206802 992046435
283441076 762175490
192055237 380989862
566121174 583574583
741172961 769756094
679539058 899633999
80656679 458813264
306914809 665407834
512179162 691060734
163865698 814317691
769301231 863830651
167513063 905582076
484434112 964386290
230232807 800164792
188145115 315611491
604018862 645382033
83141468 117163127
2015433 524427170
97207333 472651218
169051753 882275313
876823291 990196353
973961192 983779119
430098183 823065425
755745524 826361832
110224645 940654416
794849572 926204825
16210398 711018070
399345656 968321709
539108422 702479506
973996344 982016743
584596079 968500360
103147225 188385910
859202789 892570560
718024591 975805515
692211575 768488294
850947805 985300328
431964947 729073269
73340002 671987409
950916782 970175897
825493693 836649324
469043505 670966739
946975192 997050787
388805306 461107489
130850622 999698921
859518496 970951388
192292134 246460260
8542198 403486393
541405088 881453691
685306094 895908884
497144530 637346767
30087136 184451740
268574603 658313282
247075036 601821686
650509943 856966550
105643396 468687283
659386106 692921151
668150360 960106201
308568107 493638606
620255477 733525079
921372151 978001080
701540575 964511280
11705016 811288517
938450958 953883104
163280731 782594590
876296011 989635350
411915641 638476245
411617925 583570141
273218992 808053035
46929547 487173597
791888127 882285905
109450326 686916747
295631252 861124604
672555960 996064801
218420366 392230956
685396741 869335074
16944905 926898988
14802103 741318411
291419537 749211435
414356443 432657782
147766844 768215950
24248314 388761624
458155018 967863946
84748858 629610010
201998769 587814759
494306029 849170393
269891476 517432395
486209640 556749214
806179950 806255245
341173241 523408675
516112507 616979794
545904860 906435749
630148259 755276272
490256518 548900837
67521216 834545280
41178956 920804609
481272858 674676849
840408578 994105823
471938083 925255031
927303546 983001816
288314100 935315876
954365159 960359559
938392898 975535341
384894861 904801493
363128968 816241155
646372880 859128441
512665243 794364430
163116782 611293274
757754467 993696593
689368115 770015398
262539206 830222095
615840546 934426586
570733434 572280092
144830716 401436127
845526709 883920412
94725199 135284984
903770454 964339285
985595949 995701626
587489062 717694884
704101473 847800734
492029455 814402032
210228651 550499929
417854151 670446987
319107814 647993888
50401033 758146847
435091174 670399219
163625288 264749891
840829730 971682760
417102677 747918918
791688278 896775695
519765745 984186105
753261122 854404300
529344478 818772957
113099857 380030425
357569002 582374694
234590777 307534259
293047723 976751915
510773062 830879235
16073861 851400036
646282001 758020090
143396197 949533759
439089754 709610752
919794378 994938516
945731845 960134771
437985176 997919537
412488851 858836277
325407281 579044730
534975095 600345949
512885998 596603734
548051204 696838971
992816676 998411547
227513302 316708283
885973857 966671443
874740898 976586645
449017174 672851897
28614846 901382211
695851835 859572804
10335585 816491849
870002718 934698967
9463059 207970176
805236632 825055143
202407512 787221850
503094740 839644270
709330515 819712325
610514135 845391317
417894980 625693103
792730223 959196622
286013609 602163218
441690809 834274907
502243745 530159345
437368961 669811456
101220102 693908070
39833277 453221631
450847764 995471263
506262550 626927364
404076258 732524709
381267414 596285086
828105683 969994994
808436585 834924875
27350851 202762638
992340038 998072313
243697209 252074791
122363031 679686630
366108967 471669405
757733246 845840734
867678229 976687693
669457124 801480629
172984991 905945915
510833001 843045984
557638339 602964801
750154967 907453717
81825928 963545432
222763866 250388689
718646684 811438677
172806668 241903688
370165624 533199117
469606202 512057678
398874933 517796009
408897414 713826998
910244327 938038458
712562949 783044801
831912455 885438570
724050109 847049216
557964020 985863132
312364660 980164850
63870605 545211410
936787219 977960966
356179127 633108409
705793509 917077603
282114483 879289468
497434119 666692387
138447681 232288658
696560139 717969940
454911207 926671424
603668317 665648913
539674607 953161851
926111296 952993876
722468590 738592142
192849925 285199967
504469422 796240045
995563898 998722276
182865542 823470508
923103309 965063924
680429441 737549679
161471134 739546189
471665472 621342376
878597325 947197907
202220680 959203774
549845385 888335770
369527312 555363619
709604515 821676050
236568082 504594698
443615116 978022003
514836512 662070351
692470649 841165896
104510424 257519406
667288267 903684079
718275158 929360531
128336630 805457030
553410680 952708717
55121191 346122271
702832252 963558134
978373099 985573938
789072733 996029214
587621740 948892938
691661863 833957032
436102344 637818164
364068617 682412860
488607079 625300049
21636936 53311858
181457994 990840980
173029223 986896739
47669223 52151188
953974611 959464494
185579558 558773887
185163871 338186591
495925204 796141153
827209077 892785550
172566557 936840776
335005602 446111696
828362771 860270839
106439336 510650221
23739341 677800917
400450144 501208156
467633443 701397589
950035724 960240760
893516046 973503292
93794067 602170204
737156956 874338332
5364232 254426033
834432540 908375547
570642033 628173979
255984034 690723603
85795826 468972199
808975721 886134459
621651308 762034341
911204453 973475001
237795734 367389553
133190841 737396321
319519630 351880366
64887061 953823689
657214082 935833781
739773620 750115356
361406931 496179631
840018937 973270914
783856321 933337739
529706249 820265639
256586667 945973423
629477576 937216382
47131069 511541278
848465983 856225575
290722826 380526917
55611954 770693621
237759013 752805586
363291551 733953644
411614700 974544391
47135142 195960211
499534888 710509817
763000731 912886534
751921390 796839113
935271878 975637651
782489521 968499797
891298032 896040446
645435648 742754978
671498569 899400824
295858307 327973658
98172558 744155280
199879091 734235948
299923149 547876597
133129510 607941815
342918976 893836410
221558261 244315441
496173257 848379425
186261572 971810352
213592141 772127326
362945459 512578638
172704223 418556484
643522756 835109240
286753291 562009995
900741549 987747288
744154646 871665444
2913238 375317198
105598215 692577456
452252674 737978791
910965811 953961585
673654620 806056232
144907450 691488072
571017552 608486873
238124158 238186048
792227916 933410510
619356449 835520799
69200878 866360221
416205540 556668836
625686744 993398420
430943323 447836329
408261135 789376396
741099495 927505308
93595828 436570171
915645026 997719699
696902449 936135189
503305805 601092356
680148956 944201625
702696403 911424819
459313199 910341214
754578525 931191398
784122434 959844194
672937606 824615566
668937636 984294885
923571041 964418043
52524926 213359113
139764417 781628594
991045776 994200824
997417728 998436174
976562849 983885281
273164246 926647573
108618345 863848356
98086435 196836483
207647916 230068943
784185475 902198059
528815273 877772813
228680361 986535695
915968814 927135197
493693805 766903796
478855287 782906995
788717770 920909572
209805614 913034553
170470932 786749555
788020611 835165169
924391159 953743813
166327067 385240270
407579904 737536330
968349783 987713794
955328202 962992062
106857337 759037120
771370985 990120506
279015180 314190022
580178901 602172626
240107888 829820675
262557083 547315890
216153713 271828009
434681249 999836865
565887189 760414404
217565104 656410416
997277775 998260788
735901744 767014089
245844272 864179579
501897910 577151274
288011557 830682335
125484646 381032030
103378742 998078465
723164637 806487071
712367607 856925590
509888238 722331448
73154854 499466745
466604431 696584596
205968421 530351136
196920361 937129204
245295690 850028116
915366122 919037436
933637195 989660579
539357906 992038918
57630259 550871096
225589154 925617989
493325454 803906644
215253979 670634796
260914538 599276901
68872744 456809800
191487175 575437999
678571892 955418742
369610962 453605930
448471984 745718276
324989092 619589527
408480742 491514911
325390327 853821145
748492827 838775294
865959984 872811968
644258492 825411932
603536210 914830896
283711675 840487456
86099911 144476652
906949558 932825814
453635928 551613492
932507969 969210967
566788716 932003444
858123578 915952318
569938105 690972184
158779154 604535784
697317055 849019167
218738421 321150042
18575483 596382801
32526547 919853157
606477226 780470346
769816470 793862257
763285733 829506167
509789317 625057537
482434341 596687698
138225873 578359611
44447846 113630528
625783507 987419797
403670025 492046281
784112683 991255005
318357507 924311845
713722135 848798098
966413654 976784044
967206051 975718572
535920729 651632113
417234479 683379922
401143448 605803412
386148548 640357550
933280768 979142448
456469564 534152073
694504819 748310598
867066967 929223449
233223821 464509611
691317744 931714229
372419161 824967227
724086142 842859189
998486269 999377065
409470938 972539142
676227267 805265025
257111180 709341759
142729752 885697036
88425102 386214759
90511356 359634845
78297041 556915882
818675512 989674327
977811838 980921325
612507477 988880759
65785485 228740318
79787524 164501315
180335660 345290042
641809159 743262716
921324615 960937820
571593091 768813952
805230441 836849568
91001886 954179066
409696270 638734790
22128528 654066501
4152423 316766981
664596021 964629719
759102543 880428431
268657475 835661702
75164863 428913923
941869005 989090485
507213482 701374777
426983438 993284815
893310245 986799994
123136788 391058374
557168107 787031330
94752300 759833269
617199941 955777601
516808548 973279335
128724431 637795385
48552157 384957496
288963518 867913256
291582310 843521319
405663608 831830796
38885145 546062552
421317699 912253217
924086801 950668575
413428043 514721864
698955094 982584202
362999616 441858419
340745834 621818560
993143005 995865190
899955506 990743157
420137411 897400727
323302977 514140236
313687549 440217359
466875976 875758173
497148950 869646387
109291045 841340669
323967589 532696932
667571675 674274040
319887995 367003019
634285390 994133021
596564020 788158173
637961116 674205832
429216801 641463929
709763780 806901639
911039957 924971284
283979065 629168158
792484645 886796813
605984421 897311442
41393220 907684433
45123662 50226692
457349622 927805185
459734102 725350162
701819738 972726131
570143065 870630946
983578582 991406753
861862857 920149444
787812362 899427863
371128427 514946070
726300362 782369231
251355374 469104208
992751714 999227168
143457526 802256987
764128542 942239794
948650012 996385453
283425235 939417637
135840670 555095956
549329406 973711563
670117079 917421178
154208361 711292487
989046436 994647656
89277367 600079269
563385586 714308194
681597487 703640185
361542500 857922684
957796184 972770305
349451576 575309245
992145460 996980756
728166042 938944669
342797815 893868389
692149475 960012637
638039491 656255046
54541973 600014239
569789131 667586608
447842427 749854876
821654904 833806069
290536064 985663236
656700149 935479858
633602725 818433980
898787631 926716045
943414130 961779370
948093554 979045846
938129906 976649840
15403453 833979922
848923825 934364127
541100714 545492352
256108280 550220990
110775556 551132928
601767014 932910254
279787765 971829981
90064571 663909827
576186729 934566031
170376761 798133212
567157850 831443665
562188777 737850731
633570168 634802937
578516115 825192830
721039727 914275608
651853389 718941883
254622872 277315657
154600256 719026544
564822991 756568138
713115137 771080690
64185601 337359948
831670921 963059581
142251202 266230444
906923009 929687878
179581922 785964790
42127622 836149759
813445207 870637605
182677903 587382065
611632949 959219881
457164964 720977381
988447217 998500291
287290684 290107020
499468958 579334294
922218302 999874902
202262057 994383045
644458942 951702112
601678342 966572356
63180621 524006643
231200544 548700172
158569560 877940384
493801665 875859287
72898659 397607259
892663199 981900426
852312118 939527165
898520019 940782267
33177997 195364949
744728679 916876992
350977075 364154739
666358102 672525467
233652038 339867373
359398877 405774178
597488502 861232419
380023156 460107036
834226767 857932279
130097283 318957003
771573877 880083185
968086558 987503201
837645956 986910212
698154499 889276056
677637251 748693269
480903575 710098477
589655572 956538907
415026966 573041895
145445737 767630272
214868960 959872350
979902427 985888386
615422731 641167676
671421473 716084620
125474185 192006045
499090091 797908050
351350180 983952921
242912306 295703403
814742378 894518855
856927985 953986460
808865954 819013600
378538969 527414595
865769171 949221599
619662053 705154094
787546608 925928833
925854264 944437351
52930119 978330091
982454598 998774006
485802111 949307200
703670829 884341425
824627590 892365090
244692604 690083135
919571276 963415771
511961927 573032518
32921415 151705780
119008809 699874253
848537324 961139449
729918510 979383704
797192966 803347371
751203502 880088078
182738507 501939491
995231894 999983633
330062853 515270462
834420737 992282818
833244349 882167361
502389482 509026508
674118702 777086042
294610568 437969189
868465642 950862903
594257392 933531371
489219580 991791377
144209458 239572217
608358722 796524822
5313496 239371425
44878523 947455471
942958046 966803731
936975337 947419394
783017083 836506002
416167605 715903330
381667224 677985025
542129834 987590579
28765973 680610064
291198116 464133002
321497320 435998006
375607960 476524302
53242010 312179050
825042813 936495415
669426743 846784218
98061376 983135805
370314470 902779337
733829714 876830040
122981107 592513638
9925815 285934796
83071344 687007806
227085434 569619284
366317957 461535379
955157161 967632576
846221054 946555543
335436327 359612022
777976991 948376424
173095829 718382324
38813096 260322136
659352845 911161296
702162890 993210759
840810430 934101143
804090068 876837644
476183966 658771190
775507236 922006739
344158069 582731446
74325107 145275838
314510892 937767179
187002709 439510265
803415841 855623017
865563981 998877240
473495494 570182427
391058788 456508455
462646017 785908564
486650225 495369783
210425930 878847294
952723042 998531195
553096013 841100611
727185909 738224176
913481169 949909559
523627031 885481909
402057569 823914593
424290500 472728926
821207281 948478492
454945070 484630973
782905155 811313403
961458717 974654135
287304756 702857204
277253349 344840288
637160341 984454261
593659061 910203333
276354185 619343040
933409135 933949327
431017411 672814223
655623261 963730612
798017216 817925750
70698408 227152413
120171934 338454169
320147343 510049044
198944186 661467628
660822928 748372653
53248611 239156364
257948731 289195312
96346638 197735707
612313039 635854197
817920504 881075216
804524609 863297179
494221652 923150020
744655273 895370987
168374851 192071131
23403151 595222893
533266065 635005608
329758847 472920067
665644236 723246040
838900482 962748526
190358507 822054103
973891728 974237014
434290246 964996811
280215914 744271329
685666049 789609257
968706585 983293659
859783411 871853988
94183322 323997705
116459933 253284006
12357635 911843965
560846861 969819604
221817249 318212207
206263250 477594920
406974316 539850855
868552037 937269368
569854763 676689799
615490065 681905477
270293886 332502284
998713667 999411068
860414975 896242327
233173781 882931873
232164846 416472114
325165949 586527405
460363708 838098731
904065439 970713661
506502151 547925393
34715392 578923955
930216406 993397376
453823694 546343085
859654463 974768784
501023711 931867437
438498410 711709344
409072161 688686015
952716797 977707522
454748141 673665779
368187999 927849144
891046242 952666492
365137893 752514109
638752278 743420345
173831797 710874703
498352173 911152090
685716644 686873045
324688012 992087390
675222637 713571210
933026145 996842795
170838508 364183382
10338555 272320352
388444384 757433422
573989123 972033230
650319640 952055453
640744022 914506776
444119056 745787632
549336980 718712033
301217320 928484375
133667984 785148060
711608832 751267784
514180912 988148362
506888030 961320604
784943146 884502860
974489429 981420062
896728138 904283093
157041128 300684676
410880086 853542738
562421906 576807651
132726374 917267720
381019132 467669573
634763104 886214290
704724943 950350265
341533526 468614293
145882976 249510846
588766159 687690389
74060825 265248685
792726249 831452329
731977765 752571138
607093327 663985060
296110557 542815012
393902741 445085486
533982473 898493385
324877269 369189438
971544990 984718020
999436062 999670613
525076780 793878790
117881443 534057396
511425898 546524700
611621384 696436958
729735754 745883489
980769281 993537914
334801555 783624363
513910708 820850600
984260451 984936551
636887287 857734392
812653683 905592396
91493063 120101769
587967712 607487299
442919466 882858297
145769034 227587037
459863257 592782112
567526789 822931690
225372228 488879610
462400056 974318026
278001014 310743942
291564096 562611837
894008027 925334511
52369221 472461443
964717005 987599509
695693843 819003120
785535250 954494637
125712167 559189829
761396139 798193145
136255687 259757640
679434277 920101654
826124561 827006689
117083468 378923712
880309087 943161944
566943361 617167446
948184840 994023278
944949555 946070259
902371758 940555798
496025082 803378054
475537364 537878271
830696122 880995123
463050728 582689699
816388174 818766280
88925102 957395311
470973945 542752296
306785809 693903207
391642222 860460903
832182592 944702366
261608907 438117737
930519484 982696750
621141436 700572340
546590212 550396128
620258238 802828434
915066574 992880906
271445725 872957309
644915946 928264460
732998651 906760750
937967287 976179007
199596254 722556623
758366087 928371230
594985999 851609595
111963941 723037178
985272220 997954870
920331720 926088091
310447364 442618274
177564618 381059940
303452575 455387235
266476373 889477196
895613891 924035627
777108016 854834119
623843299 885482351
624488998 686637391
905381331 925979714
521106434 566573412
884215918 957090055
355570611 863457883
418786735 729555347
366095560 825570686
986303536 999558750
948589607 953935230
541487189 985670169
170319135 595954995
869026678 872955915
90304600 451284097
822194855 909191665
853667791 860427523
873344914 938122969
286390775 900528541
590248175 593281132
581254068 834103436
746678560 860831743
893375622 919762110
608883923 932272741
256279932 425185329
952437130 961879436
491901712 973829832
401717901 562079803
968216616 982790078
1726969 796033444
259721448 486070825
57069314 189767754
908099189 988793768
223121897 743984909
178779716 436295715
832750836 915988876
913715791 964337555
348444944 546278063
168890889 173593913
795326404 812994189
167709262 244196607
419850162 780680185
683980983 826709487
23144725 463567050
625328359 947050552
964016630 968063854
728105648 906377178
185580214 357247871
10462827 442328868
678593108 941159608
431475186 927429240
542180637 866223597
656839525 760693307
962880986 964077332
188014637 330258500
744414276 829826242
960569840 978591782
469031352 613706408
394205523 512118615
825272964 902647248
232030473 604914220
552310790 579524463
752600110 934404399
172479308 316716711
169669160 693902134
312428055 352491321
511519463 860614740
389841191 514341355
553232859 776687415
353329816 446951634
296458264 583453271
122036691 743239657
491641916 651278229
379353340 940745992
108511334 906798541
760610918 834185820
355816882 957471602
899457854 921629990
698426744 992428880
215848446 987289101
13191146 124239326
171747116 807281116
663918236 949139134
165459323 623103044
571760793 944099897
801357173 812501310
143311602 440982743
300281159 390662208
494289932 509052018
694061713 774041881
407607736 971115036
382454862 412751197
850917441 905898911
768715826 858993529
938195614 946427441
330770117 517384209
990126134 996088137
650974144 887526955
220677508 524188574
681083333 711899962
256406335 422372921
850679743 850689787
681096778 732295223
236839353 665813405
53231067 802149294
147930032 174942120
644019661 756884678
583632487 856925394
425835176 533102833
316590210 655105415
449386779 801526393
397244103 764517956
90132238 868150310
349237168 564427776
644027823 813350785
580048881 728323747
656534312 713913328
811127958 987406223
272894752 296346749
899632001 940674833
964728337 973972002
496205272 926557261
695913190 976779560
682455706 797517024
88174983 769685968
245989746 967051192
322841159 915426693
624540639 713517531
282709088 762437436
212290696 243932465
161773585 689649316
732715646 905279394
195451855 447531867
686893503 982407516
392470864 784697077
122667478 130841747
59360578 794881314
27270472 626248160
786906966 805114488
325627687 545064896
102584264 612633580
607820678 869821303
225371195 580964576
962916257 974063632
827159047 961678023
375379280 570810478
310415743 923486409
698661458 815045754
459063 723586442
899971693 914919804
113500779 229940209
965294295 987485793
684982596 973700955
131137286 252200325
268042982 841947065
967791936 984096306
165394241 481505035
714681407 898306225
557964925 980672277
110101895 629820032
346764187 916528967
570017219 922915325
302217955 576533718
507937440 563819202
926525655 945396298
595696101 999624794
43226669 92184891
516183060 955972290
478475664 556120738
619912870 737564000
322467230 576440498
572917315 976975334
903523260 955956492
783663129 821966325
309098577 906247213
916144235 936965817
240318063 766370833
346421097 483184908
755751501 866208900
442653219 601300477
897103056 992086926
878791875 933053387
488755981 898247404
678233575 728928368
999154823 999240850
964312159 990816012
63811067 837815127
286340857 970381367
100328522 248464095
516320464 633520445
583374258 815136907
579256122 848171237
83249165 923960767
274142012 352653085
919621465 986198029
690142843 889640380
717225545 748186665
754450845 782036296
793803165 830618859
196898301 620037766
556108986 754479836
709807991 962829884
475698712 879885549
595241313 894165369
509080077 830379049
434777896 888882809
47198374 554533413
195689435 505629018
872710160 975297140
436761190 746620717
206595857 653979485
520323343 640506926
961207245 983112448
937261864 950731406
21742539 478390805
876871768 925227529
814034056 900538172
439881198 453860846
109789499 969581497
868614652 908628802
735203420 903052359
271663241 632345655
587560629 665998343
87886747 764223329
206955420 887410732
420924484 951421909
783550087 802105793
90249520 577058916
647391112 834571215
225972121 425702061
178292358 344616997
868052083 974990855
856815 681615350
291159224 656318007
878287260 886926998
37378400 68994060
49619151 215114481
934030706 976632331
335237837 859145414
554535849 880309181
230230934 305987001
293485565 729108580
477139867 805172970
374464489 698557919
200573645 393389865
696990946 905240215
769867845 950907963
274574651 980005605
747886083 978879343
31811069 626598138
110008995 839070374
984972481 987201795
83044050 182246378
984846061 987800308
510541592 641992770
760064774 896945914
885257473 989133002
993175470 993848888
913144992 974462444
819127904 936552889
285917294 330511118
149274632 245699992
953282388 997033448
815565266 842370388
979333586 987367148
850239232 923379695
571245887 854890916
499573362 941935898
158220661 973603766
978886948 984277760
291221977 548567214
778340260 901742848
25558910 95189787
716355313 935168166
66334109 666646823
142253927 197545032
901596402 921889951
157772879 183136159
924207368 928590137
628202864 831752158
897367696 933513654
241748745 701495681
514925853 603664552
325606324 643383822
428734692 929599787
579532303 688976988
15781858 591788025
402354134 715811174
891749375 924967926
903207982 934326934
637734365 875254219
883655070 891102905
728071554 763228345
143285782 979589647
61808248 905276412
82611351 333392430
352342192 527619303
844315580 991489346
563458758 753683327
110333387 939330620
709678204 930401857
102213700 994995922
404792162 964261347
457833177 916809368
821200204 945742940
644983176 654954274
763234195 789885347
276926134 565901532
691997837 787997406
330991821 697240407
328454253 918164031
355010961 934467048
692711242 784437315
506069115 723908989
721630070 800146729
239212730 827047667
257552805 792605379
981959598 987798313
168295150 543886674
992526748 994589584
996974445 999107420
125327067 200443042
243615245 861519177
37654084 990746215
545515149 599708756
779240418 863025395
918078799 973976527
330330322 621721958
828750914 925074769
850051719 906336667
967956710 990138613
887179580 902850017
331484365 809275175
54190106 540878487
721446331 826973304
594309582 828107188
625933765 675156504
26520032 73153311
170516059 718005852
673287274 837292029
277960888 978503149
639381373 692166688
618806886 709591134
309995242 534826474
165728621 806001038
329783468 565981124
623761840 833494931
503330922 745612009
111562957 282754580
683958829 793269286
398873062 741066268
418058072 516454429
777329269 981938735
108612152 386174798
495748890 621392111
271324159 438166854
941545179 980594996
314523904 747068488
335654072 997673628
219248133 928257408
616132158 921386648
219958581 676798867
794817172 799829906
768079320 849963110
771083644 962810101
653988849 994213477
381684630 397564179
389328289 858765436
13752935 265343264
838673471 974603458
616102532 626360557
393406349 923093774
875560833 911791771
884724518 979407861
115323004 859144167
469248782 661377709
168003671 969009166
105968767 124052777
832265800 935109675
216275461 758135996
231838152 603919901
405174855 968292011
190205257 788632444
549770089 800720449
793160096 934693422
617338744 747485587
399313753 720149356
457531327 771434870
120011512 875306931
367530079 531086252
854890982 936598989
860576680 968787841
127082828 557512785
432458589 988843834
344363720 563689223
130125685 528429672
697806940 726905144
495084538 904043690
289690919 579864648
465316449 486844953
977697112 997000172
265263080 304791396
121703356 159847321
794700013 985796981
177842902 940837950
344224600 488880149
563476295 642770273
253785527 437752640
116285724 811946966
306086886 617583287
169979344 770285265
788695502 801539286
144476876 272832889
311214690 857926598
210504411 706079478
224606088 468135617
63946721 486850346
734570649 919856732
505149874 989089084
520372315 968312031
380749144 418859114
376369654 742603870
331936187 574458983
477080658 801153042
195759002 373600998
958358528 983291115
728377316 751081365
997290905 997853904
146517012 727868665
726562411 804598361
459132304 863567618
618571548 997684522
78950469 180016339
667952416 923200819
155989968 594089985
399596624 708524496
873784118 928664433
233004582 305023729
430464605 757065677
137855364 332635404
907265365 945921656
240840968 429458440
92664367 634958249
848006230 966761933
450607144 663499358
905261677 917907144
308064326 335133219
920263167 958288677
57372976 819361287
340773083 749765513
471689145 734742352
306950243 941663976
830576365 909850314
272496281 360200550
930115945 978853055
203469002 585656494
755477979 894126274
799521938 890506872
869381951 919964733
613653795 840712653
916417880 992686389
232013178 388716008
751264007 993395150
107913498 841453099
390102056 949594058
755796424 877710600
215681264 764267172
410536279 987289179
298410080 963873859
218122698 415310486
907718263 927450822
530951211 934808627
289941138 967774582
154178326 649843097
174073910 836935332
833032797 867903392
512697231 695194726
798037413 984206139
863595327 983010448
900046419 991334028
649309099 757028631
366184841 729849809
442209359 457087229
930015936 946811431
939361709 987876949
533696888 762335482
864159458 902305107
122640383 901741315
816353138 825896018
412562658 565110074
695128406 899798579
810624615 812642219
483617905 855794970
624840282 731437526
496153015 550453652
60798792 541091082
576360575 733274872
220930817 679863841
876341359 945434156
895373461 926223548
898631282 902513063
246634253 274324361
619592592 637563562
679806773 853466413
316505787 924026493
158153891 602174226
766463596 861342751
37671660 575377131
980281357 989562517
119569804 561549549
136002797 486692669
873498062 883987231
366548389 946969505
318600796 842225974
525930745 905854171
201730912 671571625
523194682 638835959
37438063 768804246
750430847 877471955
394932114 912104384
256398372 578504730
909592997 984672818
638000025 977983389
637236780 929804268
979081510 979450188
853189113 938675130
128350207 903837121
120977461 755010483
644154509 881995765
571447259 694874914
299458903 891151515
855868313 926725297
122612508 182764169
665797338 908525304
685178045 697924671
194728551 269858640
416677424 566905017
868109911 908104410
373043218 425192745
806268299 928417605
980906388 988022207
200393036 922745013
597270095 620813188
910232286 970676866
715871857 731724251
520536436 866454335
818883389 933853987
684713970 706695989
293117464 892866582
256148943 604244702
861310804 880408636
208277992 665562774
818162140 913144977
482711776 524800847
166964135 318493971
254348787 515844745
524539527 783417971
494345116 850316895
321942974 877099538
732886255 873757454
444352088 698969457
407226293 492543424
196990038 967493980
811975319 852483547
558662639 696667147
118060797 143715146
849367267 937309229
98577807 144112535
887015056 936186547
872477723 986634568
956941992 969052442
194691860 832269481
832096069 951338376
618163323 791351875
827408678 987547870
979104445 993589450
613660234 837790222
7885181 76313970
316140801 624926625
165089527 837513156
597992155 686198605
399659162 718631206
288310226 713111575
251493649 676577658
341837902 766765193
765184047 885532633
5754774 233963412
688910278 860207744
955124899 990407937
822013255 895938934
414929351 735454419
334671158 615024164
231985280 358345732
363955554 806516570
579175105 850787067
966100720 981089570
481486130 765470886
298347441 916721430
426488786 447346188
20363918 733712865
898733127 957811266
532938215 863977713
498830921 689501274
509624452 554796355
158043865 841469827
948813495 983739200
175386680 468938376
556044542 725035687
712328563 952839065
715199793 951434078
693258703 861921746
439828834 874010724
583707057 842305766
290087805 561407115
665690202 957745110
201661346 702127348
575594067 856840417
209614361 608106959
49713124 154669335
801122845 823254167
478773390 547056567
53008438 962006272
350290705 650395506
543656337 558548167
498134347 630331001
746984980 946876456
80044885 164164680
335767768 540706529
916172786 933484435
603470824 603758820
67819207 350932240
991580359 994160206
24838901 572262506
48924943 634650176
748379881 841708876
752650384 819753793
444850019 739422305
442450554 870761462
281520430 296288372
847297742 874200407
273627107 851946081
182802022 983644829
681362886 710926753
738454982 798220599
542935883 671966540
332440371 650552179
480931457 861964869
842234553 881484815
548750038 700646836
303836280 499595465
320897711 451149026
939936769 954622935
248030986 835805873
444542564 798468438
442683302 936553831
256539673 459139392
698080521 740910009
427456286 451736887
934564952 975160893
666172687 730521327
970706726 995391151
796578186 896510730
358471099 558532897
94682290 979978887
467890624 855849827
885955798 971233959
221895463 919081135
454235160 867693424
527573406 628777417
96140630 117177366
259524412 333660135
926071466 943567333
599504051 671878159
193265992 482232311
45850552 584572505
244560921 485290906
849452019 911681490
235906697 943573222
365566116 947730550
170955570 287352581
320250021 338424316
902710603 988253600
837562126 901366909
115308616 676047982
90128404 575057882
313082179 852350400
685400204 876062962
944720475 994067884
780420691 802843909
995554400 998246120
543500328 602698247
184336981 237322546
656864207 984346989
631294294 640469764
64623001 577575301
949708345 967583514
680077469 812980256
599900155 718360239
815085228 950556841
520343294 575831983
351404682 673834657
403897995 618933100
370941347 719528822
418901985 814146272
833081330 862557425
693487979 989499715
126021802 962968974
66833291 824489281
495955293 518625386
872433330 892853809
406505763 570772335
64438423 132979662
454505685 740270251
828797623 878995623
790337232 973109909
165553991 446892099
91838492 203961763
234106451 753384603
797032726 815456606
226061617 395416705
17548336 366515920
408488479 702900246
471014551 575653904
890299628 901986135
710447021 904248813
795463116 956856044
107831882 773316389
140611515 559868332
922828823 934477489
980889145 993415307
361246661 700457069
325864341 760093472
448377768 965349064
195639832 330376263
146075272 162845879
182395841 983194797
398827025 730330209
343276144 745007081
91905013 798457658
582382573 614899745
32553569 998351731
222682254 970152134
932843752 992062141
581443362 833790061
299110512 754333812
827123960 939621015
146895949 905403182
535275226 958746066
629234774 813084900
905347069 979672440
803681332 921494584
699586628 961036057
591954441 988370262
755884312 859052865
121084948 579799630
432502863 493584261
169249375 590967128
853701091 982802952
813288545 879642010
204715805 890299426
597646273 747383073
946027238 987218627
912670581 956774172
615489105 889348683
722129017 758479352
711830784 862007308
479890309 713521048
506753852 691156216
767013465 926904466
490391660 505808352
809485396 855349683
617790141 944301480
757127011 763937665
105665450 646385108
269533670 437687946
401047126 966462904
493069950 649245416
483947813 874394459
911115217 926890953
469408645 870682678
484112988 527339302
163759926 430410897
44881371 228436452
293481459 381773556
523970026 818943210
664054852 900871918
50942975 527286202
382827513 428456796
533140816 867881085
398781753 477311359
358125341 848675414
423357570 481026146
690907311 941639572
313372138 899059305
328991873 951172103
840673561 888322498
977014567 984370220
938979564 987770536
422199899 465174724
503955113 609571451
231589762 567603672
899155176 997530240
675198130 732014705
486598645 640954005
904511061 968969393
59559775 751598942
500282361 781007268
171616840 405290684
62907490 680277312
981685106 987835087
983151840 992894527
3419310 389238616
90613177 640766640
432289575 583477944
345843352 558105707
811658928 845612880
951609959 996095231
384428520 961318219
404687970 823331763
906532851 921867464
275720022 924474886
67805814 943077698
528808906 638421702
793750104 851816937
854604105 923766530
340580169 941126002
615329064 834386644
760461709 841468892
482777631 880744725
768861178 982696358
649635319 918522601
563311270 836412705
153557828 639953781
223124520 733342075
385748994 575077521
409536014 558634615
426788467 975967849
390225890 604702455
736902312 933662010
876104974 984243578
250948046 411177099
624913012 750252854
333869138 827412006
812106825 905065617
652202976 716874763
893916656 908873769
325452653 552001779
351112710 584202042
27556588 140911229
707923617 886235263
351348559 458447312
615376569 709569972
780348676 802032973
511422969 540653238
516152416 531061905
662263732 908048800
434965380 604275139
109445836 168587805
415718556 718957512
357503677 786053090
483013075 556487213
331340564 728964546
873848675 981346796
465771117 761752455
80256277 687412104
588810220 853002562
8416442 798525919
516201875 955707719
274635033 872263858
329201224 539713448
633828774 640588490
839259517 895014633
656697613 787970477
757164124 959692641
826535878 835671324
170503401 337395004
590129317 863276633
909879763 968473885
611893564 847588398
586585677 788847941
312434080 800633503
66667270 848201907
576398637 611962580
343123806 954118230
224962986 937734505
802241740 842309543
762903769 955300255
336096403 795755508
604233658 641707658
197834166 334221165
229831441 310604628
476398580 894214453
22994681 975370052
593770770 825960403
2479036 602496445
774000014 923546385
