1389
235971179 407074839
10752808 911148657
277975650 352317173
669143221 931167466
173499942 796508102
461787710 579596607
52325694 328724819
801131751 812119500
405309980 721667065
434918874 683333609
765354748 850419444
938410110 959111082
971371852 980794573
767761068 982465201
467685529 558514208
609519762 859440123
792048315 939709840
960549036 987806154
824067707 914021107
175696900 516148199
295355151 424183680
751271904 898863668
178857590 360443634
292031321 696101466
153976520 213269447
945824219 963658006
658070646 665758799
622006487 871814469
766250954 914275224
566049421 702609401
588637389 989002397
239969188 669430473
453427330 839052741
242161984 529608579
386364273 447629759
851742018 960234848
369514636 780456193
563636484 689829414
192306468 814969663
814574659 814838997
542400785 860906709
957354561 961635745
278411546 418034319
642019430 908948418
422653428 509480932
534553045 767901785
813630631 982059793
630980895 717127894
433919993 822927418
275054856 987977340
69286625 619404840
764500092 784679378
575596828 584679177
442241343 634078533
401180159 785452131
422452 927701543
214103092 821646938
17382735 587881860
750828569 767861978
734650247 739157828
99677007 262390220
924276952 996250950
296016422 774784439
375436860 402228091
59044493 387825450
555030726 963740386
682777272 920258184
747674148 913591704
636084846 953854801
420981428 566806535
375416282 708366365
682928397 744998361
591002291 721874183
891237670 911405560
692768151 926994587
642570111 888732131
745884346 784306310
127646761 654138083
947246564 994658059
427667563 785643694
77746003 713354284
338061462 346934164
16794988 941581620
356818165 954596226
720122069 768846027
295791871 794430326
616193388 908725085
159691320 816492719
410299218 527700008
762620940 963626533
716153801 764836254
997329150 999801550
608529601 908770879
690292309 848799747
579403717 760913258
188331745 707582433
71421950 164820348
739909729 832538772
154900325 726243369
699065098 806429469
170727018 781664295
472660589 915177888
788439915 880216636
685608719 861113355
374716700 820183948
112458434 540372446
284059206 297484705
842786244 891115417
987900860 998678359
445000534 960775191
523831089 907461491
802405171 975378343
85813185 319846113
365316574 692000957
502391736 631528004
859821414 951085540
638095087 974589338
697459960 977879919
547219700 605890435
966071545 999394650
197353814 563472418
106887880 935453403
831524312 938912024
128423320 948116587
341190502 347630532
292203707 553581730
362324964 901292651
335886618 390732687
140164102 517888452
798175539 932384747
131647578 448676483
158570056 206606908
67795383 714308346
198433314 789399247
43674592 514232419
843059194 892429513
227449162 852125355
555503675 919451919
26195149 119521680
216068890 558190212
825329774 879296130
509031303 898000483
731524903 996728592
133979408 814565676
733624825 952851794
380469533 397934092
188951801 838885901
723118948 941513969
952051277 959555139
681182691 944703641
9185521 241885028
487881086 765011052
747546948 881904222
970121748 976035574
96386528 837861624
749741896 838598630
335059244 853155070
768998124 857848948
952051844 964168212
895435393 999810768
984485541 989721892
131716957 830219251
524246069 910733045
389624283 971956922
220314398 718079538
435128063 959295726
221924015 798834209
277599920 658977860
666374800 798210619
341350492 517772077
386805301 756156210
415256991 936322255
468135266 738122343
415392123 884609518
788400845 955341877
705667395 742138375
174341261 927391805
287834750 805580890
998114715 999057803
473573266 758084544
330092883 426973958
928829717 998048580
894712906 925059522
27406694 537989147
814856134 903509695
344226123 882528066
162709394 401725535
468770685 517324017
678148180 776105523
25661774 609794705
202323470 249252686
522871681 687533148
653900309 724444985
268614156 985636777
690957371 755580905
106778809 961181738
780001087 805918593
219754244 717825153
579423308 901099498
762303108 873390326
602130413 727060007
740358209 981448846
94836504 690988200
155885157 362295919
987412045 994725742
772842399 919041859
544728062 993333964
762979507 924302229
739006812 909628834
805059689 826394199
15188073 201319827
78440043 145221737
863641884 884000583
597582193 692155162
442104290 694925899
874240244 946948283
142098999 798406257
552231055 684318776
384591167 675794118
858496643 964860916
889277377 945994584
406077478 574249932
64331449 566822462
462622067 857201265
813774054 817288567
84158644 467888984
728825590 971075193
722117579 899939525
922946350 935680189
595920937 674908781
989539738 990949034
64156730 71121750
885723406 992478309
636508974 992743417
4559248 485075472
938006756 950858435
907428105 980535123
100733004 503897286
724078116 988329223
587312209 717650667
112404436 352485200
421418960 874889140
79031797 919322990
434973643 559251823
753853019 818076193
201135205 802428339
125430480 484225874
44774316 769604847
872739798 942958198
444540932 590703034
279019611 738468059
326879578 825737396
182909908 323378330
435680995 942389633
814358677 960201581
976053150 978429670
631179555 709703722
510806180 674950419
814388620 949280347
928536953 950173788
817135364 945758865
996030215 999618892
765584120 776795766
540897346 557021415
806066594 955922867
666917168 973824427
584638907 983178747
246278750 517846258
712917771 867879755
398801242 556380674
184242852 679224669
54305219 988300807
960195785 973337199
859824192 977008948
347167630 694751242
351089158 483160047
664721701 848450025
893510795 978773149
625449986 685834985
762582939 903299690
992855596 996601100
287320128 939922892
251153625 386782459
813028174 922541018
205868688 937112763
353365334 795027783
448684353 763950232
881153740 984117777
467839189 747229962
223765432 237775524
895377413 990637285
613571386 942098027
969038937 995195563
779241374 820201879
755636857 819392652
129715308 668595134
832223194 950000505
868166647 956906887
503312150 647635149
577707507 786165048
947831188 997933395
18781023 299504384
608890794 946117399
958642391 967878971
190916989 856910106
357799147 672415228
448174042 809841887
147060419 952635943
123261010 170119804
36263876 100160688
592656382 624396804
969612283 977897801
530629832 663544026
817122770 987375497
928709973 986615116
680111944 831291090
104861076 561679995
832575995 867898344
40806723 715781946
829106126 899233727
266012577 519359021
344150915 417998088
300830157 303465422
663401114 979775844
88940388 868087811
26833238 996498524
12487787 885005787
363465759 966084822
254162661 638766300
631999098 718574469
517755399 900336369
205533432 214107088
420668110 861255960
169281148 768093259
322043813 550336901
180037331 460760035
599048309 982158552
784858659 837765798
666268774 813140266
29100762 697397361
599135332 664721026
308568270 536824471
393709241 423906412
308292418 674277240
726945682 981473826
550246507 820418439
632264306 985612016
144236555 558512120
493766859 678612340
90994357 830774302
495867452 856356721
250626557 496364146
181616954 440253008
684716424 703702442
648828352 759935180
634196441 795826336
761073616 895691211
895439450 984303889
139799684 208810249
658641559 932625182
886707295 910958552
18431241 332021037
992305052 996325693
785744239 893011716
80561149 88741590
575928804 995362532
801460029 825513857
339685884 939576967
528318301 743000056
239224298 899340844
277790956 834994330
643972012 786695557
297930085 493296050
293792729 587919308
75334716 533196625
147784322 483256354
765810574 961120634
469823399 947057251
923208398 930230279
837458981 884477146
656076109 988368703
632715032 681479384
913343332 918685347
142430762 250292434
431280133 678474745
255301103 831634012
441577553 968927645
404764120 641520311
868673689 908995543
50345204 755613041
429796319 696446517
178543204 411954746
838032470 953701898
899831675 981277605
560029507 571912126
172209386 568381541
607174649 952913833
815745384 961023976
763991580 979363801
133584405 214323091
857514658 896160819
442356768 878132113
658176477 908874339
386903355 641704686
140080441 252163640
490304709 752595576
666115443 880454590
951509552 952768469
368376269 517870246
642453610 683179688
972034300 983371584
850314142 877469808
491844182 692176462
87551036 111141759
654054450 770812280
362585226 849091908
187565598 382742002
852058901 868298111
782505993 916267195
8036855 763054554
54278172 198516189
20878047 93892473
660875626 988574494
637679362 729439316
33173082 701052105
72355256 110230237
539780574 979993176
891091167 958151356
937570563 955110065
898728437 922913498
953815900 960712091
482680949 561270455
821495356 851593300
523098127 578096544
663251884 714053763
825267732 993569238
114644555 576651617
22761481 146531523
52651966 673745946
550746248 998634046
716978263 742563909
227991359 741514994
405101764 534352531
415367329 513481757
207475795 416090104
657516005 687873600
525000798 983819011
843160510 855074065
734280016 947867025
939136936 985876626
429209817 756013947
94045717 100570776
513622782 746540267
848490263 851345737
252645 319588207
65045065 467101026
338517570 611760000
708550716 892408998
322130347 994102727
739638269 960858918
455218658 644545575
854105389 949346563
468113703 864531087
704408986 738040311
27238826 643835754
648176777 742454260
665058139 798270088
660772567 725406080
453333481 834209122
241060739 716537421
186380599 739791327
247900840 893500264
348198109 594570931
407586300 976817987
684875192 751254535
839381115 957333621
484593529 677800660
692407348 939976465
489153226 939687283
754581674 766718788
247641412 332407604
563481135 742571086
165743644 601413673
272349294 549941701
406746739 808045708
377274340 773150874
472686694 735572339
485722290 819583749
469917877 898454119
350457516 430281005
442170417 674991503
56285011 756547684
341486526 944919032
781038352 952277675
545436992 679887548
997624168 999481097
372606560 509493249
126771823 656329336
687098738 930143510
520195220 959003669
34488073 187165612
302418520 376084302
657662762 935028744
413416060 644147451
424252485 773696686
590043420 635318522
948515548 972809991
147005786 888050845
547926279 891047180
207197603 633383846
974934160 980063473
210964802 327411930
774957178 783043313
355442083 943392927
389862337 964911708
806528668 844813760
564604741 757519509
996975386 997167110
606341927 912758749
388906130 462857349
169329886 365253283
232705006 632866190
408067214 716620485
905996259 974579383
70773334 399283593
190559966 686976285
72676172 255043365
270121159 553963660
93038390 592202458
831709290 961670364
675650976 879682238
891634807 903137440
266943148 397604203
742809738 916330512
829919546 868952076
508412297 806438639
369647784 924433477
918975446 958415752
16640464 469320993
708701405 726628124
380408288 433766023
107783942 651966644
926969168 948356406
3248090 760409326
671017836 923598934
435785199 967083460
208984864 454616823
652284024 688206243
316296844 721159994
103994715 985502928
414117073 509746636
249112889 619876441
152316425 881416295
854580721 857244179
260618873 929846983
329538140 622752917
817991018 867706881
685262174 984151500
963451316 992710500
840560177 874403863
650936215 699705370
601383506 929740697
842223820 920637604
420272618 519252719
48900784 673270621
718684991 893229109
258601303 260522641
835639974 914569491
222201859 537642019
912734068 922177307
383525690 705776935
45781828 99265980
820540209 861050196
492940268 589226576
33880651 576746316
332390629 703290880
852722252 934099200
975803774 986529001
126584123 765170681
777891569 838659660
234566462 367160049
591751164 652181256
295372046 722673129
402556003 577424100
895644404 910771148
885820774 886467825
243948171 553340215
91211152 852910352
171284212 416393701
32274404 838577177
71700705 997850575
426265684 851104849
599708834 832190312
916581680 995753525
891549735 974585429
302124497 962511302
108306017 745299778
832696650 923641046
78557757 258209788
860013340 971894310
155299549 567133627
517031394 582443556
824511064 891110625
741917381 760780994
385984772 980747721
552266152 923446708
454349172 466024912
643561884 880389631
905785947 970517982
912064570 980779381
267990156 277666573
191606356 748689404
219829235 554713110
111169087 412030783
757502840 913617417
835322396 986356735
780537533 996277025
342911855 613319642
884127731 903398239
1158312 200494568
100136978 322059445
159879965 800894982
617334720 689067549
779765288 978932580
414382010 947135593
169672334 537893221
783436626 813051410
13807947 729511923
410356923 812078264
31006885 167512430
9071440 13983002
416788724 637068153
201845739 339269918
166103067 177422339
74728536 881113550
128140069 832816673
232511847 990826969
440401693 713566942
777779376 865691197
653550183 871111245
738869815 797754664
441198089 834991581
671331057 929096736
26621813 519054561
765076800 786395150
906808244 975715520
661694168 861463834
316858026 567872848
428624804 526459634
583083785 756113633
405368486 479832590
867335712 959853080
754037204 975440852
185155155 711305223
322117826 510015962
3332882 97901088
307580187 388512664
858699127 881568690
188547348 276609440
323624887 876284534
118002531 693503163
504683190 671773253
868267254 953170647
558185237 692458526
604041310 632390265
231166650 347529040
471609646 859289092
951982370 978774085
437072474 788826625
81809088 345651033
899480860 922598050
756677023 961576182
656265588 888553361
617189431 661591998
956964784 999919306
616975325 918356727
548558088 556114017
669881703 923896675
199532054 978927526
9873016 35526384
746381225 750779086
44870616 175137865
576623616 960164094
110997263 937505352
17483619 451277194
327729294 458512440
986558545 987967606
414639181 503528124
737544911 958506766
401741113 496320460
135058182 553159906
251673895 581371121
382203931 424614868
326527804 762091798
282152690 453615341
619683667 644312585
498205353 846458513
237011282 585575728
290564344 768157626
642434317 955158830
204741601 560107494
647476346 779101254
470877796 842174026
175096284 695068900
755222238 894100177
874697516 902125011
203355053 411491479
143642291 792701069
699487867 873765630
487777865 731746209
58466501 546061558
376579064 851593200
615337607 646747813
952726760 960906562
782669183 982522143
949289934 967574697
542890014 975825618
403351860 867928608
89722900 986551452
105387187 359668200
684502637 976612967
656766461 845648726
626378083 837932980
945059351 958222760
859031834 928044391
752339837 833534988
703655770 810535325
929164395 992347841
481666429 948259875
890664381 955472514
83786780 337033089
80899079 325536227
933778077 981653573
683277106 748832347
177304425 467446263
875399353 938663025
920396058 947374811
154332096 769081167
664319818 728273139
589765775 709396490
848818900 966433859
91502782 875339443
852053781 974792496
781689079 852073492
630444316 743428825
712021835 965883110
954713618 956243062
908363190 999711401
620108333 920198569
606569602 729156166
780205934 784013521
682087626 726019976
605856583 951741778
730829291 891320404
313396718 627594037
116585017 786080729
742952710 814626348
281466409 871881564
646285644 684128777
80637358 884440528
782427757 893194698
180164424 432987041
768821227 919443009
126451313 657147676
905153582 974264856
701543180 912092624
540665740 562701536
355818793 956372101
572085243 970714958
404718034 602328669
58684614 482338987
708011706 711860678
240639341 438319285
13898906 29568758
363952403 464369852
648422632 792714813
107746764 555906178
171231006 749446439
678093253 755810019
207311235 907751985
423813690 758078243
770843101 944873791
106773059 408599450
246707374 810390487
196506751 305635814
949871469 950164289
468072334 832738358
639108483 920809735
468870312 958864357
687935159 917183817
979640110 982220046
878882446 924351018
316032155 547531423
48431182 714692054
373451505 862782272
777991405 970715225
446121346 528537265
627740233 750600720
513473719 757221014
183887623 366979982
345629650 896098563
324833294 838093036
471453147 826564537
840505838 858494162
316875445 632076674
976623125 991382051
696799257 717997662
493515127 499677222
294543521 612208302
661943822 726284845
885353064 946245524
482756592 972577154
768941736 966933187
481688865 588390148
682214570 782297501
992063145 995964751
756546804 942504150
496468888 922150330
377075012 974428681
740990167 920647713
671929060 722918306
775652601 974932988
500428947 638355984
4639975 260792456
226399834 350226958
97006326 614776815
440172189 831867621
733332307 963114149
30912369 680834615
336510080 404197821
1121347 604329268
80361034 256446779
79142175 616574084
809170868 886918312
161864966 882908592
127860146 633539390
47877291 719703325
585465073 949314308
894330864 935314120
811438555 817854356
793558084 842104267
824286336 878024194
945871640 966354889
919809962 930279149
957056707 957891639
171149588 437282199
183974419 884087532
654461390 867276844
958871451 984027951
418335693 653908673
104234191 675161300
781183027 980457779
946865630 976136878
248479534 502566025
593612896 749730053
796230589 962997345
74498134 687102570
659195995 661114880
202238741 857187356
676763185 842068331
619523428 668166112
634140756 958311930
440637712 604833694
317602754 831817059
18411978 325174435
140722554 436641499
265389659 716451728
116785350 456174618
929568984 988463053
424417292 802006069
750146227 823615499
538875767 778961120
814440343 936646509
447390366 583076955
392965531 831416679
611397912 977151462
560592176 972272403
757470862 863387127
253252226 931976859
632460334 781125295
404465255 707140348
549272169 742011604
631987059 798038853
433461454 996871758
217740625 907479541
941792804 996779179
756221387 858003583
906896307 950548422
456256840 586527786
541053655 896242215
799305740 906864590
120234898 266214531
713261907 910187776
782616668 863704208
956620464 963630929
199103776 905001106
579487064 591686271
56715760 238547437
981606132 983518325
472523675 655390692
507433856 514395716
328930229 914753173
267605242 898317761
81337637 846220144
721642918 826127245
8993889 393230958
554356961 804436578
688824343 818061715
578159808 704268562
407755795 979465918
680657993 854923551
439209596 881598914
151294484 423144385
960096870 981636394
495212011 667251461
271928065 795630132
779688173 823377124
819016968 890591240
49887176 360521622
333097785 748972401
691541184 902568141
646780209 886112351
454794685 649236654
585081511 679247262
246191838 783271126
21857633 53082896
375595502 767938508
928401816 946344757
149827402 886545495
802222703 833439068
138779338 413848689
358481496 731165080
816029133 996526098
344964801 962432432
736121520 875314981
585557779 625154915
74571903 558013401
212495864 880084202
492634142 717448197
225425694 399087954
298957594 460006107
915639698 989568900
220437694 241270829
611125941 834907434
266479034 497756502
409855988 812423202
611059912 986030935
326051234 486538762
448308957 837807231
267177555 910384535
187240178 327765847
604166125 833825909
849971025 965398641
65194178 576706596
610257195 690917182
726052952 727774745
242903581 559468389
742994584 852380010
562101078 882347729
138293294 321028402
574522458 636145415
399504704 903407309
650583689 931180930
197865783 949409927
94884013 355722581
21563392 258847428
294674563 979694048
774912315 930887936
815132791 882873562
856551133 939485498
436376710 777157362
768893740 881825465
477096855 681183038
926621199 964995153
358062387 834315826
39233408 627389953
673514172 774270818
677144684 998283959
615721393 898581730
494628700 777134038
94427235 136357977
822607065 902450496
473674605 868929788
762246732 820743235
621797238 954806740
612280271 751845052
357520366 642901677
802238816 862664132
927341085 977032299
15871977 414605042
420911533 489745623
456247914 655861985
324910678 837749115
480556571 905212962
719202194 975061225
534397759 912332851
625308749 990348348
774852460 902827983
97166150 178833410
358617195 581900299
343743395 403699279
219895796 300346087
787013862 952800363
418612275 694006342
15705568 308958801
747457212 891851198
3325993 655154570
234974796 343803526
796495698 996439287
13576419 701536579
643291716 740046664
545638634 711163089
831650568 992824019
758214284 769888025
664987347 772958590
690989163 990804983
161409107 222477188
961176482 985035827
397880513 950358211
197267438 957533879
371829984 888623372
872964209 960212718
748573785 945938651
176485654 399176461
350459408 467040865
98461884 312109582
700712842 982156848
887880065 890858146
135110234 841374828
119498517 135933264
120588052 273332221
864047839 959713463
333147816 707948545
148591789 615337302
250970596 687900834
14872157 838357519
731323285 939425991
440028193 694121357
26589940 136812889
122721911 239737943
116540615 444748902
817722958 904005552
507732341 602814849
218298078 508250439
534117866 605730404
416633930 977673260
697294044 922356194
201232113 503730958
539172981 948895188
757844285 867516224
813355238 909402024
810729493 882403411
355515360 544542485
239733399 737412725
553700606 567451243
731288801 917986142
883818652 915073830
358633444 934381512
688243270 917411557
878080588 981563548
460253718 915996799
505827554 603715489
829907876 834903319
728273905 821088420
233538350 501659364
616042242 700810402
458137388 779920623
134757464 552217142
661762337 933032637
949288004 988710131
700536796 995998219
935557593 943553397
11079392 985012578
941263306 980654573
226857855 452667522
867366525 930216208
35597360 514465938
699917918 863457131
357332093 457169760
711675943 765354543
829095879 898092418
312428620 816862859
676205988 845400875
663291571 808745016
809409685 869245053
445473180 661849295
640144651 741007312
616363782 863625783
540902716 770843994
776716229 846133284
380319317 581948787
177953549 371876740
444898217 836595361
5532016 200326352
14370644 875805970
277634029 698557051
872015088 980535159
465316626 837677377
687228928 817685977
2892238 526092314
420805045 438802761
137322215 962394407
460782361 628076422
539929092 771119323
38032085 656326638
603940020 889128443
287141516 469588462
180895353 768389666
213140359 556723801
638443138 952831965
783356928 794220800
913333461 981917332
585721499 994937291
155070851 661446275
44822368 270462604
677754697 803303075
758843060 846647554
508603177 944374648
568132771 996318999
929217397 956056724
985250273 987028434
178087704 819169074
329023353 399150908
246258749 463123469
578686783 581848882
412464061 946156556
920439971 953632806
280305818 490454176
669868890 741530609
746316136 749418453
820181475 892548542
732740176 869946228
478303117 623114324
291963329 622396465
25186846 217521102
159078069 687093115
672097929 791494385
677398092 947123561
50292494 352185462
828675160 857450996
131056966 415084874
853279485 957329270
581394251 754923650
760234753 789960884
478091575 498904731
550131690 925791284
820949953 979676044
24517186 656779683
869032087 915269866
2601709 121718909
113016130 673131911
247114349 945152450
164895774 990947272
468405480 850529191
300148919 338327628
824262947 830494758
943944436 989828670
47112098 159813793
587229488 669288035
544126050 571906629
91190619 925555934
36998641 59380162
364783326 621507071
80535164 325294454
781315064 942802665
686814851 860310959
438885380 606249558
637210864 786884258
784338536 817094516
895115254 984798223
810686023 990330825
346240038 560719989
135150399 256084133
617095546 823024446
417199851 799858436
967541493 974630343
521446389 657500677
97186337 576394525
809710407 841606408
246077407 753628873
116087449 918051810
40487041 686346084
140531153 167928724
254102775 994107597
971472364 995897521
839668947 962574491
454881496 495823160
931522526 961739044
69925568 951625499
62121103 595001952
886020317 914031916
453793113 860786281
345107344 928392172
891800916 921765704
897980126 980610109
204168909 364053415
533988305 994967268
405890009 802727202
688440194 727326624
605285192 748207062
258891622 842833138
46140413 764278187
423437366 902813381
493329378 900755237
201537279 864874320
130017244 528267799
603911689 932222197
10701199 84281889
680344515 887807215
994801324 995320237
187914089 190631424
896855851 953414534
923086152 926300338
53935452 742146090
527365078 826504045
845976670 901091673
447752334 679439959
758449521 988724234
563579001 844988104
947953175 958738036
580837680 581010528
769929002 848896191
704287292 757560809
492789208 692180370
745257501 887399586
206908183 665929556
142579353 923629549
787016876 882592754
723023975 958833925
471773504 628451894
487934871 856515120
800604602 888661647
569263830 593873885
998593005 998810614
749712316 805239832
780481969 916320275
596662486 821382066
842483909 875271833
443186502 893081995
707713616 767740852
247003080 565539950
573876 827137180
143146050 825024866
327036339 895396619
986684429 987217084
286002992 619079935
232466234 672199526
478677812 983135529
56529102 307712308
168526269 220242739
319127760 475863622
919261166 972857641
898962108 998303011
925977527 980833484
540408192 581806360
963999302 970839064
362220123 982813890
37504610 414789854
6391345 278201885
316708112 641498358
117913213 410758587
40549233 695393434
648808039 964634744
881429353 912055630
984787419 989458960
441389721 688976468
53762769 918099445
179167498 273030224
989319904 990921605
746732004 920199951
972792216 987235783
816964266 881045619
980752722 990820560
566494358 873462762
267655909 998438613
921928044 976794678
162303884 209799827
515614192 709864013
698294500 950561085
878808170 892460938
80396868 411074338
893270636 903793630
423770400 595635666
668548453 947517730
626647655 974926709
917712865 952234293
127330752 891660945
589415371 946586067
497589216 722695808
411373027 792501327
103388045 297490856
597732534 929675223
723013957 887852131
529760248 857421467
814562931 982251761
267865525 661561240
193661643 983264779
539872334 613204303
702662949 937650986
141275106 482328295
299036929 982126904
362417226 485827725
328590499 428687992
102409240 982697479
101031323 581199019
542943721 898680140
943865594 958444564
341582088 716491902
294886678 426787474
396159872 448131004
974000830 979809367
683928662 783368377
430485258 581768345
630261041 932523846
169498275 451596414
129851049 711018114
802895427 951534574
993310633 993740464
911752480 996113990
758606396 903985535
943755643 987328900
42953696 169249472
645047125 773465553
582337924 820154305
945318132 982848320
672342063 946074230
73457634 460586147
219944085 889432572
923501045 947446185
959249961 995716313
263452311 326587309
866778030 892384413
386969702 602398144
63661476 503099737
357135715 826745392
341073878 764139839
977918678 995692608
557221292 734055886
410911967 578733177
168745773 321742099
673738016 886328596
956822052 995840268
866268051 966362980
458698740 642299930
564396006 655301506
611566921 660341474
274154289 563069379
410150952 798443609
555397267 561712236
2237457 320940815
353776010 375843316
369627192 482304844
188659035 711994007
800006300 859716215
760212816 800954622
872692404 986059966
761913736 983346307
244210468 840944882
359743292 516671339
269821971 629685736
136345571 825741163
948632557 976509859
568824221 685268493
341785634 871992944
406651066 961422076
227436714 938932337
581229880 604379189
234439269 276496711
12281637 173241047
941670256 951095165
165978669 999316376
82409362 212044083
114185920 294848448
577927777 877887030
334957195 924758720
427143241 612383396
842407583 959235595
86799407 336698460
723615448 763000666
183895524 425181863
876266001 940988177
42099221 676535163
439164033 769966939
730790018 824337729
971492639 980461511
256624195 663359196
85441120 420915671
526510809 593509784
221510111 405948258
