1367
896911019 971286777
546897756 614850292
510356595 865700952
379002865 784226240
273500159 989771201
165333499 659378073
239907622 924599440
504955709 845608948
723129698 867283724
660237127 982772950
507328722 841647164
958601554 990388205
747870401 824448203
497935349 969449210
33617326 259169434
272054610 569348310
377858777 909678920
548668346 705384754
957591982 977782887
185965876 888649277
238625292 267635182
490427485 661031735
266968020 310175899
293838368 721304421
874463232 949549563
335764919 402937240
901595982 922053692
707628406 863826360
373603681 812163004
124440108 472217683
938284788 970837358
763136470 864469484
783082321 841463786
294876820 982708289
547833334 991570256
282417811 641312824
762270007 877690495
540046689 739776220
343093374 346187190
592519330 677443945
598119679 761994105
423548488 524080688
283101761 705859494
545341573 553801662
670766521 718312970
703318987 890571467
933226408 936963984
466967936 557778276
861476606 881228275
548466346 955856456
174775372 704722424
229191535 518913096
514378732 813097878
314166373 660729197
921136645 967501967
418128797 640070167
350401807 380978530
514719513 874089843
159744150 876208420
590145006 691031440
117562973 988279683
911901189 950112401
487679735 842744614
382656515 622201660
735911915 941136199
442326823 607133541
801266644 873987272
793784459 799998321
953323156 961982277
91952866 852839822
113714467 312950730
403654543 595681032
799413677 931777983
780129040 886803433
323683625 714817479
297878035 663836927
53265397 956401841
460267425 953819756
295603110 541059830
358841569 544361276
248687918 936171511
763319895 767531678
125750812 718836025
585601871 809998769
248767548 789451077
682753218 734696568
432313726 658990174
739001803 795611412
996225832 996832213
630731511 812958650
306288867 492448241
912594734 923713357
503831659 808133274
670419363 742411840
19150219 622442114
203962417 808777527
881165944 899468959
981882059 986854345
226686358 730934318
28226581 632167105
51519081 710619940
921908358 959188811
674371034 893727061
237589014 440929846
519995498 549292821
809279940 931692348
766172136 926200242
668451721 785949626
108980552 996663850
170117198 642658234
92611456 682904671
798730401 836646621
699226796 744370564
967174665 988881179
225754530 711734167
104276166 837275635
753210468 796165569
361425387 477040908
510024129 707489833
624791606 876557367
456440490 901088554
523828322 818872582
743923560 948097992
329389604 945361356
224865062 385285983
801167547 951837035
961958227 998042066
703583738 810208172
776182173 798929610
928479496 982015258
45847128 631407741
161972796 941617139
578120431 608732445
155577528 341835372
37141608 444134578
628527312 804729785
803767983 835396073
678200309 729197705
631542100 896845165
482927246 673840170
460691160 614062246
26279263 674926970
130899574 556578720
86639365 834387744
514681642 990897419
42176303 769131608
29867528 404501142
15524008 627806661
181396379 539991663
873304416 962603918
586513896 606954629
540944745 932344913
313156055 876824486
674534067 902895659
299097472 509160396
457894597 601524107
811586714 892658778
56914448 846674136
133841141 449543156
474726164 535664667
567808580 608227965
712519349 960072174
216203583 889504388
263719175 414213859
109411914 395626877
312347779 950419521
160608249 944868234
873983316 950440952
674082781 773688050
587414408 658264839
939045575 948911999
989228539 994534186
795619480 887799573
780604563 943296623
945565764 971663750
335318579 815228873
560783498 941516820
752111744 868641531
563168077 659672278
769535795 914220436
87250619 519776269
232084596 526845436
964710587 986369967
240167546 257652225
718755561 906108886
429730813 875535191
444992021 944983601
173542997 939956155
700693568 793056465
223370825 268305388
433709992 585708136
798021194 963089143
186825307 742075850
114486504 452249708
602030987 602932806
946983021 979819314
133068611 877018517
511754882 817700482
488364006 928767748
966165389 980530889
675766827 830771101
639085588 782164891
943031348 963662453
733531001 832629858
598062949 641672259
174818898 921911042
274255537 529069668
727263884 997528367
70155945 530829245
359320243 724349673
509244613 799066064
928667756 984398999
391335789 930516865
889820698 998774422
697604548 827236856
571361418 692179595
811972133 896435578
395399043 968739803
940394173 965064498
455811644 702195336
826620236 850603103
539701451 974341493
326561700 825873807
415750391 891969687
286243189 448905131
660437728 982004359
698337154 709097128
470143541 522482497
336514241 524441819
791055760 835746672
113973956 872864441
273142277 742829895
492158210 801041759
876952150 981341236
948683454 988694877
321348528 551884572
459462478 811319205
504214354 953175932
543368909 951565417
412751411 851743774
184998088 735568008
827183824 975942457
342223295 352362680
827670228 865456882
928138311 964386865
308287577 377234372
932573401 940428960
358299348 405295354
432494088 705254984
567271822 888106949
955993476 992800275
438313822 751387127
960601386 989341448
843948618 879958260
822723704 951749900
497749665 635194114
143919467 790525804
752260362 934476467
933518806 982712814
282088572 930884023
914153875 970079191
702535816 917964237
897626932 990978795
789504632 994512124
828863269 914220530
535580721 887530510
722912912 817165071
602735952 716923320
151439483 189223705
648313443 649251494
593872919 920313900
983097347 987742493
156679620 264736088
88763744 828280163
206329050 918429859
851358953 910893555
870400333 876258214
788618801 936861271
974960483 999210645
781773888 961815953
496281633 971527376
804748891 969459103
208462174 985964916
68470644 639075509
777525707 882670622
789207970 857692758
650444502 867142632
28888196 692072796
64979242 926778906
143581840 859738245
238879214 865368014
145053120 872755190
937462264 971179238
214989811 897506090
137536838 382460541
835427837 961563178
10518449 957953686
656719338 673156742
52659162 846870868
588585790 627151485
244995297 832140094
916331121 973538151
727634565 951731256
935032279 953189951
981192687 999687389
789572935 797935362
494872456 541028519
794713007 934854677
31297735 941185774
280053490 530154497
202040943 919121412
182644206 379466826
357333621 613506444
247031405 489170814
172523658 733209839
388204585 833237489
212958321 466780817
608204311 714758426
41894898 825324945
763562639 854456818
696600543 962416586
734183968 734528911
982235353 990925089
910723972 916409296
973032703 980980512
529358308 760800142
440621738 821611919
74921356 546292214
794195632 880733785
793698680 975699925
234012074 303297818
529470815 958579259
373618029 937566850
685011765 947699812
933700659 970321361
887054156 977480567
744969714 924498930
920368190 943537036
808143508 953499810
222062667 709920255
842251107 934300444
174662086 604722451
40812761 187111969
372709203 411872771
778687605 803634169
569051152 915053145
750168583 775398893
46232644 798080429
321707026 855910421
3767929 85180274
189796182 906038944
663543384 780436149
837822394 903111295
922703967 994001779
601313159 793173306
607682113 986198107
671715059 879144422
188594004 590801239
305389524 509610308
187692182 449008708
940565693 952842863
681267546 885018897
659203936 794510594
850789609 909997514
407776098 829648335
939628743 984826235
742428519 932207464
28502215 634263341
145524690 246996645
322789712 446988362
964302723 969461835
160196304 177483351
935128617 935918007
931366922 969850808
398958479 531225535
829503865 974281437
415298938 903579822
763338874 920634096
343647748 640647042
368550928 866779928
681408589 892459968
660120804 746700052
965432373 980515659
737247810 776663075
248865130 369495571
434826442 746443851
394893735 971269182
50989379 252164258
990462887 993300547
48840668 237900594
518412178 531095412
594541577 637325376
625294041 827307817
97116029 238970647
149716019 698679809
463569114 902422717
520340731 863510755
441556652 797698077
15241560 607592379
254998056 370233601
449137430 533595651
242238747 978389600
293752745 745443819
182191273 864110856
700276250 774808686
375738769 551510106
609638447 855014847
701546030 920893152
53930862 846243691
144097351 998602373
941673 80298802
727572512 966630072
740464584 790910892
287499100 289463399
130149375 238192303
887173024 954369182
778013962 837299567
188762353 335016147
307941768 826172138
239185257 486170206
465719848 528361953
721519847 858334007
202035704 459699603
621555858 718342529
43807018 249865875
316795295 776264165
595012396 724435930
480330695 837688439
793485488 894930019
811046885 903496024
358749153 958556687
894012638 999111414
205871773 756094068
126484577 768615369
252123561 525913100
70132987 149766890
645954788 930470561
540768486 623514809
748694582 749175831
479847895 809716429
46060269 58255052
898462810 956777135
769333269 798920302
445436627 996685731
792168355 975460171
113548810 801683023
195901742 518880985
673991401 964722045
977479173 996291117
442599329 652950640
576822936 713653750
192643232 316988859
72582770 234270471
290377729 352674590
462198013 902271633
911206489 999627683
762773321 770955389
966572290 991916641
614730928 674286420
461696833 741255838
475408400 609632844
332652533 746436953
659684875 931507929
602073890 739529947
367172521 403050764
200018770 215896649
617982887 824643675
622956504 951609673
381463755 400080145
166595488 904730650
865208132 975527090
912147729 986407104
409915919 498690066
882849752 887131005
883070560 989124003
784010242 883434943
513394881 718332604
342603662 909715471
135230716 215376564
481292714 510022485
527659142 882005482
143697712 588787142
717561699 849915506
595028681 807869994
772126990 830606587
394531528 959907966
334908422 861566781
487014577 801956256
649198225 682116479
573765256 689332974
760717909 975414695
774758888 807534911
578254803 986115860
733150236 941216522
573428380 761977163
605352517 638856774
140578432 428088635
178457561 687857622
754059020 802061969
455056696 807344238
454992991 636432734
187337210 364967523
621139618 934115715
320199832 597139706
103644965 638144439
356247640 465523062
896227750 946201457
258647818 775296829
783835369 991340046
936489991 983194510
811479246 987075531
809566047 983493580
980442929 998985810
888690678 938963155
925321095 947893713
317181447 945394524
587799845 685887630
902420136 937675888
765700680 977135465
232892104 762373563
191199267 760660290
518824382 803847281
417266686 693550238
314323306 349929213
747232335 936780133
610415165 612169595
640971509 968578515
572363934 678468608
539023858 558477578
361451055 489440414
703262255 854351969
172370815 507099804
357387867 535257967
268689054 734816056
342861678 637784037
972898024 986928075
457789011 848972313
380978685 599365944
544051909 873965068
217267000 844855419
727881242 760090483
608536610 866600313
103266432 635989261
856546181 907827960
955001021 985616160
903998532 975786854
766765568 776731908
143168701 860937433
432857381 958324575
512639541 849605159
775130536 862379902
455614827 932959392
118334096 979706185
997480834 999481446
304543550 400425539
792341218 933145515
855258160 908515619
500385476 880687281
232827221 549199292
635884342 996663145
759285468 960297476
233209009 774480676
701534092 953498519
672587681 928844525
612608403 811742335
143840373 356098654
793563845 862186921
887200081 993615335
518653118 863892435
976074273 983204822
587680031 632347478
771408829 858891431
419212627 737491202
1463578 231332473
883954191 890012460
869487943 909373597
924358264 986402234
665082065 848274659
909406708 942342268
118814253 731959146
307980437 509465717
516129272 914078386
836051171 838447740
297590843 493628810
130039416 641401370
252848333 869181267
244705696 438077482
438143262 696968874
512473244 529979613
372958642 580801246
698001464 891800552
494343726 657536277
634266365 926831072
84704993 133474823
332856569 903726046
471176932 902262334
135797471 405829311
724460696 818653816
706417800 813260106
483440910 728624366
611038959 709630892
367525996 681229094
112219551 347464669
222848560 523951933
742698024 985086847
777222150 977687473
508163462 606035003
534376602 766492680
213385274 760012570
82175481 129006659
674833036 697167033
344847301 436820366
827264082 890518064
701638134 926063353
894005992 940683705
568741949 805694526
935268832 977599109
302108842 404345938
101702402 970933865
597616463 962044748
271652241 682480574
459984750 678755397
90883993 644455217
740098430 828420952
62383114 918452008
944758411 975131496
775102331 860285950
608371322 870805733
180985237 477331184
313936451 840319392
180224609 546016687
367187531 962120573
506216213 506457161
516202799 970235403
14585620 773526778
776611973 962342704
678684734 796917995
10709281 546863428
404240528 609148164
124531541 422718802
140229771 827445894
451486974 638722612
966763933 976511411
377907499 833095495
232599388 590305265
722902827 730843640
337410 789984155
921840270 985273106
870125168 995042088
687302338 698962199
181116572 324271053
7928951 906608294
733701533 854581774
709524690 794223335
965688089 972026368
277378936 968956647
506789568 514422053
534633086 537148870
350536273 385360715
843409931 859194023
77446147 605310582
582696083 877007607
778769391 784413763
542080937 608039970
317876806 507746059
899483784 997845806
423336613 458004324
587971237 662190665
908317585 971506212
88192219 945823469
389230245 450655316
482482329 907058554
491050813 622913866
576041234 960299617
291981300 310795544
184716061 665582569
562066981 574229184
180662627 983154792
775825467 818952638
175181221 720714529
583397406 677333390
134643760 740296775
877087466 907568278
97164901 649208992
282898949 663218166
124240487 476322226
450801532 876801245
738386172 860250602
553490699 815728603
764311336 980366836
525848315 810352020
824005637 847001692
357112430 748141836
382492051 696375740
525311365 574893936
287820820 815498278
412389380 538395349
287861203 427585889
982262539 988866416
191470084 609852585
453984252 831175007
473181389 587878620
563214407 614496862
919425774 967908821
605059187 789694731
101914346 352189075
58827825 406470497
725280965 947400929
192707776 896512224
403829721 662172655
48615178 636530906
410594207 975783277
570365776 943820259
650060868 785795055
595966979 615774425
51530245 597586464
216877 338064124
606253665 640889361
686434126 875038622
279587251 909551548
828311443 950787760
145165433 876602350
101874346 418861988
470441208 620550466
769746079 970642976
532786775 710245063
574591455 821135979
167005878 197188049
508640462 873213652
464698006 883432803
910720117 943512270
139921078 141006312
667980445 952389414
85692021 370045053
630239845 791221435
772776542 951941061
396870686 676466951
607494246 619476325
820594433 935680025
885300843 968422935
195685755 888903111
727855246 740438815
152759735 186203398
898372396 987142417
63181042 686859364
56701 567856294
740619011 887023611
403417430 450084618
233112292 966134381
139789164 171947054
286314114 996854905
479767708 658420478
558661177 640837923
269945033 429450603
854861426 868711108
672412755 941153659
435850116 694948830
116004404 675429163
117990415 779932344
568103838 740051741
285982152 551863728
817893546 866090043
973423779 978653659
459767292 971530906
49721643 981054040
564696456 946512415
203541607 489598902
761980108 885515594
221632677 258355802
230301307 285833004
459714866 667925436
710818747 857021159
343725662 827910566
935060607 952985040
791809857 799483142
240362908 260106033
414515362 498450084
324667167 943919966
827533546 935903581
336805004 753291146
175927944 669390319
761177578 909646616
291479914 339824894
243359551 497313675
967313287 993428153
852761327 993839522
942954468 977890819
111243319 112452183
288886001 764746647
692518688 888459222
302430075 930230222
295630817 531163600
788084059 922711412
401125075 542231545
939855728 949318405
392303664 765531179
817920529 985947982
251533959 929852593
446288601 886440902
349078834 872555446
193689855 770281336
674004285 981402252
47142315 367597949
164961742 192643039
376740347 816744132
235908023 980079889
310701918 718815287
940374138 997611131
39838941 126991153
196827293 234431900
526304900 944794550
756700808 901094196
105540908 117838179
997980163 999224648
906308641 953172974
27971899 823926056
375082653 927047874
988172267 995613199
800123470 824216589
744700173 792429771
591960723 907835761
711207729 931985357
219920740 842136451
985764173 998785711
865686796 866411507
134123717 347105499
993534302 999015422
582960177 597520836
511926374 561276749
661241127 760902536
494275459 750707100
378725763 845421616
756377314 830770425
850739446 870971483
320060093 446905634
314930636 863559868
109725535 876647497
471291337 563166572
596893663 852700419
877564922 977476180
333621177 507368227
528334506 613249515
133851248 920243398
860461146 875323997
544495243 812573188
54604847 384947952
257796431 436121224
422130699 932140964
989374029 990873589
521014972 760854681
214776974 925203369
35038169 331886631
786224498 877000691
15218648 502067130
964849767 981121941
551830696 610296429
284678849 562959803
374832269 876351179
274078357 795334591
266789097 975535888
17011519 421204575
106198415 406152922
742299402 786071602
748257698 905093570
441346021 568687439
994738735 996567194
270388185 629209966
219188051 821271580
275396334 602094157
683172075 841277275
221526317 577780082
896169606 958363544
141761508 862056357
310001769 385309636
465840604 591449705
707864828 902830552
695299742 892662817
454715816 514494762
797634784 832033481
254866715 418633418
980787441 984921490
90883280 461743830
137148943 184172683
478791908 900995792
572552081 577349008
532572866 768941342
962575315 992170803
720054562 936373526
504264846 669088232
326576358 607973699
222002429 537763881
898429826 932091029
332409406 886134851
767545432 965998632
648789722 967671823
875839449 982693088
808682334 943980531
326167405 951543970
231007734 913062492
256103990 657204078
287845383 709560147
154846622 706551843
119732787 787144010
520431681 799145088
193364000 280631658
798394332 890378392
357104548 841197930
734778271 749152598
287973505 564029752
901437431 995614348
456203157 596430992
707784945 959708084
758791428 822848695
206449055 756944379
452951385 590389597
350200458 591842057
396547421 730307954
933751568 974403438
237652275 618479542
601118987 657834116
545344692 669487104
944296503 967211937
303624766 806809900
410385877 703700255
161970985 765953271
440714473 971735950
101179829 829119041
726108839 881212113
731947745 835447347
925373800 958521975
59309465 463890765
572562314 635410071
613456315 639850165
25991340 618541399
751475639 921195125
616656428 798925181
778789497 837125214
949488419 976482611
347363276 386437321
77447541 858173925
617417433 790299735
973206753 977517578
432717087 877991493
305855100 406223428
979272425 997304642
813285551 964005432
220101351 514271856
477874203 985458302
949393293 984946139
998750379 998965824
808602315 921250712
985050940 993284232
29007567 647346317
236488446 824006630
42324034 523748649
189167030 636367831
303124293 408698633
672681135 958257911
258801993 445997137
821494764 959277975
620289539 990308938
810833949 861127950
59572089 675134570
75816221 322028940
223238906 227505116
111685756 144035618
67762658 274920759
698014617 925719132
333980038 975127755
3532993 506651836
771936905 790259170
301412129 817831968
475767685 830067440
433842801 733641536
375965730 532169458
110979197 778653756
633497398 947363347
434982194 624385840
503246955 976227116
634710868 711887941
676879159 781113191
467379022 711569360
907428677 997636477
760804911 885590758
893034732 948539719
207068091 331090792
811055165 899033999
998965241 999998323
518727143 556852148
63229683 509671031
575777075 579932087
515769825 746563678
367530718 782569866
615929437 905016715
965161099 995008804
710467119 806174032
550001032 772250038
308298838 739798727
451919112 517665040
599339562 650718898
327370939 911797821
706168317 845844294
805059543 824451066
499444605 860541968
485592366 862847650
354563098 986513522
534245031 790296088
497456891 986984059
687551612 890396784
176777162 850735593
782373500 974525831
830656973 877631428
919479709 939917158
53219493 802889900
626638198 791957781
858748517 932413459
518215512 618405492
104768664 813772724
529128486 731755583
122930843 949287040
276824284 437087018
977276228 977520783
169569762 793170451
285122305 736194709
535038641 907246445
430285533 554210129
271365423 369935421
769138188 998348007
560008183 834239374
45357659 783376144
590086997 916349363
484453784 687496731
362457775 783968415
631740680 829128360
87274637 802780888
821736726 844816366
979834693 998771166
239528149 310014660
181630130 456740163
439777268 799238367
633849325 831683595
307136167 483098764
277012050 961804153
100204578 502922101
688531411 983963451
99137662 256296889
803703963 966939844
19069121 180165621
146219777 535937603
142075785 266664528
460619962 641621687
108446202 630258918
204338385 959363834
823918586 952795752
403238438 909534586
597832169 656563252
853796137 864552778
693250957 821981133
237934102 533411637
400123452 599089118
109890163 585090535
522521695 732384304
503601919 628446905
749040598 799555449
167462035 742005235
516697449 924203203
982018934 990610977
201627301 392043633
951599817 998797691
200819542 783179309
44446898 672476114
56653079 498407369
68511458 80409163
988480074 996761626
658041910 935899146
391407653 551364378
241324505 560621881
994022667 996187584
222958132 636386401
24879535 632109584
219808420 634555714
717810201 843266762
878868542 969424437
330049895 540864384
756554201 897367517
69913248 398064367
246952151 263102588
788808690 977047356
144836494 519452085
384383940 420282598
996302866 997981862
45413371 300840967
258707992 987618447
731250320 918514819
151854028 190727786
439629665 924707617
652043522 951152498
272044848 863087933
206537231 238638706
195665903 992363012
662160987 784623542
792624979 892686367
67409059 305044601
847698177 887190927
487767690 566299894
380376459 617493687
177534587 519188438
440005029 973829258
407942044 587918841
288827051 634399234
783009721 965526607
742052032 875168030
619722219 806214487
588958316 884306630
584975915 595718710
666527974 879496554
789295312 817489650
587868326 638647576
326197570 615213976
472692245 801708809
203775231 760221730
685349168 920975550
101724299 417372794
500451845 710545558
921925533 998855378
154006276 892911798
559056206 729549023
603431444 742647982
494545553 935485719
820621323 904651712
590012470 686026846
120953383 735259653
385670481 566627133
199261669 554495932
691807029 832336100
260884233 631037822
219784169 564292017
537484077 603831160
514999648 985988942
582701361 736476515
32096452 276783923
565675645 685506118
855590043 889899929
521826111 829872682
233718064 841663524
129177642 817313461
150864219 344666488
171718840 489084226
75112243 94899945
33697709 360194469
134095073 672310946
151676112 851309632
99644441 753995624
339100332 615131698
825875928 891977137
446396514 967397796
623230306 999672301
18313854 923245866
115605366 678124033
160541872 209467527
371636725 882269580
122073105 648323530
917046933 966186873
169570652 452640744
833005497 867174508
3234554 33036555
126232797 206733090
404272060 900064349
91764458 997326659
693888648 768271222
876229023 948284824
650758116 782858662
320867941 949792316
10749536 95667671
174614529 995633606
747657859 898989785
711530942 825672361
287598929 858081303
199963216 361019804
248790796 973827177
986635929 990463137
811225133 816148397
777379354 921781258
194414208 569312335
315753201 590394570
463669136 773347775
508743975 691368530
620077876 995077419
516554666 642971515
941714014 953994705
220228359 364168910
798387394 961451649
750234032 930937181
855103030 914515910
748417843 798384004
141192520 638426021
263884798 627701498
384234859 712134867
769612861 892158108
117906077 627694627
564695678 568299252
407104546 947389334
693164323 853353601
558388930 819885404
127275050 236349590
544323000 782875811
667309305 864801789
788362855 841718210
967800132 996142209
501352877 861783815
818622209 825755646
141107776 377577054
785978180 891486535
596584239 842148308
948320155 978795968
947680871 951713606
965202259 986847937
948263601 997723020
553386352 942197277
233257352 736588263
855962246 955126708
461606459 627537994
647864789 984237107
273744872 912971225
529511295 880528212
791961022 844973810
842891955 952184802
237612146 322910516
89346256 544104139
488563860 681777505
804896520 820073689
952348277 991356859
241712688 935621947
208738557 563814946
491826088 962889043
648812487 978689828
647467757 767738802
143790338 627075038
721836885 951096077
720456412 797260284
291862694 570732161
221215251 980046526
796328106 928021062
181512510 629171427
330075073 985597632
839307566 866529037
4293185 982577772
900523450 959219643
466183938 968332932
758664287 859238503
17248679 897389853
938757798 968541981
581463138 802704011
305131568 527546602
638237395 750464641
782024388 916085552
841314408 866115405
389800719 698883850
654100533 674591795
538852409 811279098
998152895 999328964
563852640 630723271
949552619 997839806
960229694 974365112
539162144 705741092
507039037 670086692
867141699 998918030
962845812 994076634
50738333 971573929
165440349 570926076
273497002 824727282
290269789 837965099
348459579 651135293
76718778 661160456
830868286 896099595
743149995 821724457
436144346 473402584
468972108 655972397
131895653 366228255
733739145 884246353
748685815 966640837
306584396 684884876
998674095 999960626
181174468 479041778
310342566 651977937
286137012 325849338
490272965 999550895
600733741 758831171
958653172 963413503
739397132 930934596
929098434 964681169
239891392 830618053
854764672 920937731
213616309 950173340
306495192 677221586
261418386 820188671
787755042 820512032
502240528 606075591
405931630 650376284
591735839 894003631
291234 114070784
162870259 940783839
84836072 986491015
275288776 727081043
287546986 805544173
388556631 913158824
461800720 886571164
114090222 616079866
260568817 781791390
222985516 858800627
151304382 475802765
797625286 904045783
393814356 943055080
196658478 897909294
475269637 892280851
324036251 856384103
686085392 816770862
191341593 736168200
894037943 950955719
588935381 882413368
433745582 795754420
643874861 788104671
688733671 700690805
757208847 767893837
22537005 503354880
213150912 298642132
778726491 842905439
584670871 652510180
508648803 641124349
800981031 983427987
170572569 610476261
62255378 62369412
301790773 825246602
682299519 878526340
364738583 423380140
891469663 993820411
359895907 955248862
25144611 100925096
67398711 111921310
690692529 898630355
830100335 885260741
562275557 898527226
76369154 243937537
619505616 643552119
137216924 504381204
196616055 318758463
971962989 988952701
774990080 846974424
978950268 998145538
209605960 336144797
22472420 446121269
670505592 755751448
305363559 477911432
351768999 738967286
376142183 971458326
65295403 128967876
989459014 998063780
233103435 890170246
708638049 871772025
611044496 863867863
964051017 964928584
12534753 368320713
815710811 930015067
918601252 930777464
252099849 924055606
76625143 92340990
542337538 748538071
