793
31 158
376 417
604 704
945 1072
1227 1389
1559 1648
1848 1924
2139 2245
2459 2519
2704 2793
3049 3133
3355 3371
3618 3629
3975 3982
4206 4319
4574 4593
4898 4961
5163 5218
5403 5550
5794 5829
6008 6060
6378 6429
6685 6726
6978 6990
7281 7295
7600 7648
7870 7985
8143 8189
8402 8465
8726 8826
9043 9083
9383 9453
9655 9728
9990 10015
10242 10333
10565 10580
10807 10960
11195 11205
11461 11574
11742 11804
12085 12152
12373 12499
12651 12694
12980 13037
13205 13276
13576 13643
13839 13966
14113 14166
14424 14489
14800 14866
15073 15103
15388 15413
15643 15781
15996 16017
16295 16313
16530 16660
16821 16907
17166 17297
17485 17503
17728 17753
18096 18109
18384 18440
18627 18711
18954 19094
19284 19326
19554 19566
19898 19956
20110 20244
20415 20425
20729 20862
21073 21174
21401 21472
21680 21792
21988 22064
22300 22361
22530 22610
22837 22991
23137 23230
23487 23545
23793 23815
24028 24053
24306 24434
24670 24746
24928 24963
25218 25277
25580 25645
25861 25949
26127 26168
26472 26577
26788 26896
27049 27136
27390 27453
27683 27740
27919 28082
28212 28355
28570 28683
28818 28884
29158 29166
29443 29469
29797 29801
30054 30075
30376 30386
30698 30774
30942 30943
31256 31322
31503 31685
31837 31894
32171 32259
32401 32480
32702 32794
33058 33122
33317 33448
33606 33685
33926 34008
34202 34243
34581 34670
34898 34972
35162 35286
35441 35581
35780 35798
36069 36187
36374 36425
36636 36701
36978 37025
37220 37234
37517 37548
37855 37881
38111 38200
38467 38554
38752 38768
39022 39047
39370 39485
39654 39794
39904 40097
40287 40323
40546 40583
40884 40986
41114 41139
41456 41491
41749 41881
42017 42133
42390 42423
42672 42772
42917 43082
43237 43379
43533 43678
43894 43896
44199 44211
44447 44474
44757 44898
45028 45163
45395 45403
45696 45701
45919 45922
46202 46356
46574 46666
46801 46817
47170 47232
47452 47456
47767 47771
48089 48104
48388 48433
48651 48762
48982 49065
49256 49259
49518 49569
49841 49942
50138 50182
50454 50476
50720 50899
51024 51162
51396 51420
51684 51726
51986 52068
52293 52320
52519 52609
52864 52985
53133 53176
53470 53496
53746 53873
54017 54127
54322 54330
54655 54781
54943 54991
55281 55286
55587 55599
55850 55954
56160 56287
56463 56476
56731 56837
57012 57153
57328 57495
57609 57649
57924 57936
58230 58388
58572 58696
58857 58888
59192 59278
59417 59485
59720 59742
60071 60115
60382 60423
60670 60689
60978 60981
61243 61373
61584 61593
61837 61881
62158 62274
62408 62436
62776 62847
63051 63091
63372 63414
63628 63762
63944 64086
64221 64347
64514 64548
64815 64963
65153 65254
65484 65540
65768 65878
66006 66184
66329 66381
66609 66665
66960 67014
67301 67324
67534 67567
67841 67882
68151 68195
68407 68500
68788 68851
69058 69198
69394 69500
69660 69742
69986 69994
70209 70288
70547 70579
70848 70980
71136 71236
71450 71459
71786 71822
72070 72119
72325 72472
72666 72718
72999 73037
73210 73294
73506 73698
73866 73875
74124 74144
74427 74585
74730 74824
75049 75167
75363 75476
75647 75684
75954 76028
76239 76314
76566 76612
76901 76996
77124 77206
77431 77541
77747 77844
78094 78095
78381 78474
78689 78780
78915 78991
79246 79332
79601 79683
79809 79983
80154 80237
80488 80517
80715 80724
81049 81050
81325 81376
81660 81722
81951 81971
82256 82374
82586 82670
82835 82856
83132 83165
83403 83592
83753 83798
84058 84073
84327 84386
84675 84730
84965 85055
85201 85389
85600 85684
85853 85967
86120 86132
86401 86498
86796 86876
87072 87197
87364 87382
87666 87731
87948 88057
88301 88339
88530 88584
88820 88930
89192 89194
89496 89540
89719 89725
90084 90091
90392 90416
90668 90786
90982 91053
91247 91399
91583 91613
91833 91861
92180 92287
92450 92570
92775 92856
93058 93191
93396 93403
93612 93779
93957 93994
94255 94300
94589 94627
94859 94897
95153 95187
95483 95596
95702 95764
96080 96139
96353 96419
96620 96713
96908 97063
97276 97282
97575 97667
97866 97988
98136 98189
98492 98527
98771 98804
99091 99178
99335 99437
99684 99720
99973 100022
100275 100370
100511 100580
100836 100850
101132 101187
101500 101531
101788 101844
102075 102158
102301 102447
102622 102787
102905 102921
103213 103301
103600 103635
103888 103928
104116 104212
104459 104508
104777 104824
105037 105116
105389 105488
105637 105725
105906 106068
106242 106365
106562 106696
106849 106986
107182 107185
107420 107584
107760 107804
108095 108193
108361 108432
108617 108624
109001 109024
109265 109300
109588 109644
109890 109905
110198 110248
110480 110498
110779 110883
111062 111129
111360 111398
111650 111782
111979 112076
112209 112212
112576 112665
112827 112961
113173 113262
113447 113468
113788 113899
114005 114145
114401 114480
114619 114653
114921 115038
115211 115327
115539 115611
115874 115964
116188 116298
116483 116523
116702 116856
117028 117113
117347 117440
117700 117787
117916 118034
118224 118248
118601 118612
118813 118853
119160 119171
119423 119584
119737 119764
120071 120103
120328 120445
120686 120733
120993 121013
121289 121332
121598 121687
121838 121881
122141 122225
122417 122431
122743 122898
123008 123095
123385 123455
123671 123698
123954 124012
124211 124375
124544 124589
124889 124895
125200 125296
125457 125468
125762 125777
126074 126119
126328 126430
126652 126770
126964 126995
127300 127311
127599 127674
127829 127919
128163 128194
128437 128475
128746 128859
129095 129163
129325 129397
129611 129770
129984 130013
130296 130331
130589 130629
130864 130899
131108 131237
131492 131505
131779 131897
132044 132195
132372 132478
132646 132790
132984 133088
133235 133370
133537 133627
133847 133989
134165 134215
134501 134528
134797 134877
135001 135157
135369 135450
135613 135769
135968 135997
136239 136320
136594 136601
136842 136933
137193 137197
137427 137492
137751 137791
138016 138128
138343 138359
138624 138721
138985 139006
139281 139302
139507 139666
139812 139826
140144 140184
140492 140573
140769 140896
141031 141167
141400 141425
141682 141789
141963 142038
142253 142266
142537 142580
142804 142931
143174 143234
143403 143473
143714 143745
144010 144118
144341 144357
144651 144688
144960 145091
145274 145282
145539 145622
145884 145995
146165 146280
146475 146533
146757 146800
147080 147098
147334 147453
147606 147746
147927 148074
148209 148228
148576 148577
148841 148861
149142 149198
149488 149544
149715 149796
150009 150140
150351 150487
150629 150789
150901 151049
151213 151349
151513 151522
151870 151908
152176 152194
152470 152510
152796 152828
153047 153158
153399 153446
153622 153726
153928 154077
154219 154372
154515 154666
154874 154905
155140 155210
155412 155473
155797 155815
156054 156197
156392 156472
156633 156656
156922 157005
157296 157401
157520 157536
157848 157897
158186 158288
158455 158456
158716 158830
159059 159166
159329 159379
159602 159673
159918 159964
160255 160325
160537 160588
160843 160998
161133 161269
161465 161514
161765 161865
162088 162152
162341 162382
162684 162788
162993 163078
163233 163333
163580 163660
163850 163914
164109 164220
164453 164572
164751 164856
165008 165155
165340 165449
165687 165795
165905 165991
166264 166318
166549 166624
166891 166931
167107 167268
167480 167501
167779 167792
168032 168038
168399 168423
168627 168745
168945 169024
169282 169387
169585 169635
169827 169975
170152 170225
170408 170558
170733 170899
171083 171120
171334 171435
171675 171734
171939 171968
172234 172369
172526 172695
172891 172946
173162 173198
173439 173493
173762 173887
174067 174148
174316 174466
174690 174796
174970 175026
175230 175337
175588 175656
175826 175957
176157 176256
176403 176477
176727 176804
177073 177115
177324 177429
177647 177756
177978 178001
178255 178384
178592 178606
178868 178964
179141 179233
179456 179582
179790 179888
180040 180199
180366 180386
180667 180669
180965 181045
181296 181337
181572 181627
181843 181914
182172 182223
182492 182499
182793 182799
183044 183110
183383 183434
183649 183693
183927 183965
184286 184350
184552 184602
184850 184866
185181 185188
185424 185584
185794 185796
186075 186157
186348 186378
186652 186681
186904 187059
187212 187280
187579 187683
187891 187969
188120 188171
188427 188435
188715 188760
189096 189166
189373 189441
189633 189757
189941 190082
190229 190390
190504 190571
190829 190832
191110 191121
191450 191466
191703 191834
192063 192097
192316 192440
192685 192718
192927 193047
193253 193335
193583 193606
193823 193997
194186 194291
194487 194594
194749 194798
195037 195170
195367 195406
195652 195738
195932 195998
196254 196275
196516 196533
196801 196884
197182 197234
197415 197544
197721 197808
198081 198115
198357 198419
198666 198669
198968 199094
199263 199401
199575 199596
199839 199948
200201 200263
200467 200479
200734 200746
201061 201141
201341 201465
201644 201694
201932 201956
202233 202253
202592 202656
202891 202989
203138 203214
203404 203559
203778 203889
204015 204078
204362 204483
204650 204670
204912 205061
205264 205378
205544 205625
205870 205896
206183 206256
206488 206556
206708 206893
207054 207141
207367 207393
207647 207794
207995 208013
208249 208361
208508 208579
208805 208866
209171 209292
209487 209541
209781 209828
210034 210147
210352 210460
210632 210662
210914 210994
211275 211313
211566 211622
211808 211902
212110 212124
212455 212489
212767 212848
213048 213187
213371 213385
213664 213784
213936 214006
214202 214286
214539 214581
214857 214973
215107 215164
215410 215579
215766 215809
216058 216086
216334 216454
216639 216685
216950 217014
217202 217331
217546 217579
217838 217996
218137 218206
218425 218472
218765 218876
219051 219094
219354 219433
219623 219678
219955 219960
220256 220394
220558 220666
220832 220875
221133 221165
221457 221537
221744 221782
222076 222109
222389 222439
222639 222762
222970 222986
223203 223339
223528 223535
223887 223904
224172 224190
224480 224591
224718 224729
225091 225174
225388 225487
225617 225759
225908 226084
226247 226306
226572 226601
226858 226870
227139 227262
227416 227523
227785 227817
228062 228075
228326 228357
228655 228785
228949 229086
229268 229342
229527 229694
229876 229975
230123 230297
230496 230500
230774 230824
231086 231169
231339 231347
231665 231755
231982 231989
232244 232271
232528 232603
232806 232964
233109 233199
233402 233421
233759 233839
234010 234088
234302 234376
234621 234631
234979 234994
235209 235214
235554 235662
235819 235908
236163 236175
236415 236578
236745 236876
237019 237160
237368 237420
237633 237784
