4927
221750165 434196839
221750165 126395231
221750165 589992452
221750165 841453940
221750165 982093860
221750165 190031816
221750165 684998397
221750165 806221577
221750165 558519395
221750165 753039446
221750165 934330032
221750165 527104106
221750165 963750309
221750165 198670587
221750165 260483932
221750165 301631108
221750165 281478494
221750165 27027786
221750165 519199011
221750165 531434550
221750165 223304974
221750165 989411227
221750165 402753814
221750165 441689610
221750165 880338651
221750165 214279347
221750165 823974566
221750165 597433606
221750165 681918711
221750165 196129096
221750165 404697619
221750165 355017148
221750165 337018543
221750165 396250702
221750165 174121314
221750165 990928007
221750165 205972188
221750165 53120701
221750165 512038307
221750165 241084676
221750165 838140315
221750165 680185788
221750165 960269102
221750165 367998787
221750165 826410065
221750165 272488790
221750165 884591190
221750165 457901875
221750165 93060822
221750165 57505309
221750165 667606972
221750165 326608235
221750165 584508241
221750165 858775554
221750165 724137748
221750165 829541312
221750165 868293088
221750165 313634458
221750165 846177852
221750165 492313937
221750165 809192901
221750165 659509913
221750165 166529359
221750165 72640163
221750165 141326686
221750165 768553984
221750165 348918643
221750165 700684591
221750165 662364331
221750165 650322244
221750165 348149464
221750165 7261502
221750165 948632547
221750165 521176167
221750165 938400255
221750165 978807841
221750165 10053536
221750165 748477567
221750165 817012233
221750165 956449624
221750165 836754589
221750165 65127563
221750165 945618706
221750165 25074747
221750165 644505130
221750165 482039720
221750165 363287061
221750165 638258781
221750165 727111467
221750165 808281463
221750165 656084168
221750165 441949680
221750165 593210243
221750165 742559886
221750165 54056038
221750165 799466317
221750165 471076349
221750165 129328225
221750165 783624667
221750165 420342982
221750165 316346810
221750165 336835827
221750165 765986830
221750165 199525397
221750165 507288979
221750165 861389485
221750165 609552452
221750165 527079278
221750165 209113787
221750165 710342991
221750165 794821685
221750165 620772159
221750165 163728004
221750165 110850991
221750165 936077020
221750165 183871402
221750165 618122991
221750165 782709919
221750165 167961656
221750165 817942968
221750165 905738636
221750165 346984767
221750165 197822204
221750165 392241990
221750165 602582428
221750165 970978686
221750165 199876783
221750165 59787398
221750165 538715821
221750165 112141567
221750165 539471653
221750165 198902388
221750165 330238156
221750165 575109324
221750165 599766865
221750165 175770049
221750165 477660608
221750165 245117726
221750165 606865939
221750165 287261261
221750165 797704769
221750165 312633427
221750165 308287787
221750165 561767766
221750165 192130066
221750165 46339404
221750165 556878765
221750165 125027274
221750165 840206704
221750165 985841769
221750165 492529944
221750165 504869499
221750165 34970492
221750165 989944603
221750165 267351323
221750165 751111082
221750165 173589737
221750165 528139450
221750165 79187207
221750165 675245193
221750165 808700040
221750165 638100047
221750165 7685837
221750165 302265646
221750165 165003278
221750165 298814659
221750165 406673475
221750165 981079540
221750165 740316592
221750165 605905499
221750165 872122600
221750165 907248111
221750165 888206592
221750165 779418766
221750165 68984960
221750165 318526337
221750165 731790549
221750165 373835696
221750165 816857767
221750165 616776589
221750165 982815656
221750165 550524722
221750165 291105825
221750165 407167328
221750165 570125816
221750165 631774106
221750165 584391195
221750165 836227356
221750165 381642173
221750165 410710875
221750165 404027222
221750165 713875559
221750165 704150855
221750165 107280485
221750165 683113447
221750165 78418097
221750165 704093874
221750165 972572698
221750165 498957603
221750165 921607842
221750165 410783055
221750165 956073204
221750165 294510089
221750165 463051937
221750165 247506204
221750165 536920313
221750165 913465038
221750165 438269337
221750165 942734303
221750165 897581183
221750165 595462267
221750165 448190017
221750165 729242973
221750165 246952556
221750165 285567384
221750165 230691281
221750165 4302080
221750165 177537999
221750165 715822516
221750165 974833596
221750165 588282730
221750165 661371886
221750165 462361104
221750165 273793803
221750165 160184101
221750165 703717624
221750165 402742512
221750165 26858592
221750165 456175050
221750165 934786146
221750165 501619404
221750165 464880064
221750165 607722120
221750165 647212108
221750165 301393435
221750165 249114474
221750165 300906360
221750165 405003495
221750165 989033524
221750165 831286053
221750165 325728770
221750165 465080854
221750165 952434114
221750165 785067465
221750165 367397717
221750165 91406998
221750165 117216901
221750165 360257341
221750165 504545615
221750165 264963263
221750165 757959204
221750165 55483771
221750165 469794935
221750165 521902849
221750165 931438123
221750165 476502605
221750165 15731909
221750165 369674870
221750165 885211023
221750165 94589892
221750165 965322453
221750165 508079377
221750165 429831648
221750165 687879482
221750165 314960081
221750165 907884248
221750165 591553848
221750165 874257129
221750165 176935194
221750165 881761866
221750165 120939939
221750165 244137848
221750165 894828194
221750165 205640145
221750165 950370152
221750165 266496914
221750165 632812721
221750165 262696654
221750165 343338707
221750165 653135880
221750165 644117017
221750165 837271663
221750165 478719753
221750165 584922223
221750165 428071308
221750165 246527457
221750165 513406717
221750165 947067691
221750165 54840954
221750165 287196682
221750165 541113501
221750165 89586502
221750165 613211093
221750165 110431421
221750165 286294198
221750165 511340937
221750165 113427249
221750165 944591075
221750165 128928026
221750165 379020663
221750165 437845924
221750165 320970225
221750165 858824190
221750165 223775398
221750165 423925923
221750165 546073246
221750165 927453278
221750165 812947722
221750165 504670640
221750165 5317805
221750165 182895578
221750165 990929530
221750165 1627596
221750165 623317405
221750165 85015363
221750165 6338308
221750165 592243907
221750165 531796565
221750165 711157923
221750165 178836169
221750165 863000439
221750165 314897704
221750165 424121143
221750165 906580641
221750165 455867709
221750165 374820105
221750165 401122825
221750165 209164639
221750165 346726614
221750165 748969829
221750165 862933363
221750165 47034926
221750165 415865777
221750165 784120558
221750165 866695406
221750165 563447549
221750165 187049253
221750165 234781139
221750165 920422382
221750165 419194669
221750165 772651605
221750165 713265631
221750165 290899773
221750165 804467501
221750165 187295949
221750165 588382856
221750165 702661971
221750165 61874517
221750165 930842165
221750165 926266651
221750165 998522453
221750165 499258516
221750165 70410770
221750165 477859475
221750165 522974890
221750165 342824401
221750165 71252057
221750165 730326029
221750165 614718646
221750165 266488303
221750165 141797084
221750165 725932443
221750165 462904445
221750165 381258967
221750165 35346012
221750165 828807741
221750165 533098364
221750165 964386884
221750165 810932177
221750165 201601326
221750165 22144278
221750165 90004813
221750165 820748664
221750165 748653808
221750165 758856925
221750165 987042697
221750165 824759320
221750165 977075412
221750165 211671885
221750165 752747018
221750165 97725621
221750165 564080294
221750165 485548311
221750165 826560453
221750165 387033410
221750165 810892451
221750165 700968013
221750165 387719425
221750165 205062238
221750165 280783599
221750165 99123398
221750165 784278881
221750165 476365873
221750165 853396234
221750165 801907286
221750165 604356053
221750165 773916847
221750165 248678592
221750165 472480676
221750165 340312087
221750165 152202416
221750165 285874841
221750165 53653046
221750165 621207944
221750165 743124026
221750165 316872591
221750165 567948810
221750165 614180594
221750165 175988248
221750165 299820323
221750165 409918224
221750165 564955165
221750165 313589300
221750165 183194334
221750165 124792509
221750165 794862584
221750165 283109329
221750165 268484070
221750165 121580250
221750165 566435178
221750165 485901241
221750165 246439205
221750165 221542341
221750165 176215715
221750165 458800109
221750165 695122169
221750165 323624893
221750165 315259298
221750165 640434655
221750165 815306863
221750165 970945658
221750165 880059532
221750165 794836952
221750165 723060362
221750165 661843571
221750165 947168832
221750165 136730249
221750165 174026422
221750165 638939090
221750165 985290983
221750165 131130389
221750165 477195873
221750165 809604490
221750165 532497721
221750165 518806709
221750165 47405421
221750165 577537453
221750165 330512938
221750165 162412283
221750165 380823139
221750165 357349655
221750165 952094925
221750165 640772756
221750165 114545356
221750165 496343681
221750165 32466339
221750165 907862402
221750165 333552748
221750165 531203223
221750165 752144539
221750165 515431086
221750165 731746324
221750165 539317049
221750165 89402035
221750165 545533510
221750165 359553152
221750165 274155957
221750165 99083487
221750165 991873905
221750165 513878915
221750165 759381003
221750165 973491441
221750165 406952036
221750165 51822841
221750165 879612070
221750165 21924361
221750165 399483028
221750165 287447547
221750165 705637348
221750165 889492316
221750165 835359823
221750165 720907881
221750165 713818443
221750165 956778978
221750165 790831467
221750165 815085709
221750165 284485785
221750165 288348106
221750165 670795208
221750165 798938489
221750165 140274759
221750165 941130526
221750165 442499486
221750165 963487645
221750165 193594737
221750165 262183734
221750165 179746105
221750165 532891703
221750165 127077435
221750165 74789142
221750165 955514337
221750165 798409916
221750165 569687089
221750165 187894524
221750165 860324013
221750165 990074317
221750165 140872289
221750165 622095670
221750165 668514274
221750165 101007502
221750165 972489397
221750165 655472136
221750165 704806136
221750165 385804200
221750165 790668346
221750165 174556991
221750165 489328322
221750165 992131550
221750165 777111103
221750165 658351322
221750165 326107886
221750165 612722953
221750165 237242917
221750165 227271226
221750165 987354411
221750165 977110385
221750165 427097475
221750165 96197251
221750165 299458183
221750165 830658603
221750165 869873400
221750165 477684211
221750165 743875291
221750165 700900712
221750165 182997372
221750165 525239312
221750165 336216943
221750165 728572567
221750165 474675303
221750165 98424651
221750165 241513905
221750165 623858077
221750165 442787127
221750165 275128733
221750165 85443900
221750165 928392232
221750165 347904242
221750165 824219015
221750165 666255190
221750165 765884937
221750165 196720876
221750165 87160761
221750165 761429029
221750165 350878251
221750165 209182944
221750165 801758609
221750165 768114111
221750165 535779756
221750165 825170591
221750165 645908385
221750165 278375540
221750165 324908168
221750165 21130905
221750165 426558445
221750165 60596886
221750165 462053669
221750165 572570757
221750165 405798267
221750165 937710384
221750165 633431624
221750165 875797475
221750165 874946513
221750165 522936381
221750165 228362337
221750165 86706030
221750165 470538035
221750165 623361211
221750165 546105347
221750165 459171132
221750165 388305755
221750165 99629668
221750165 195742150
221750165 250973024
221750165 376145251
221750165 806180907
221750165 419735083
221750165 828710548
221750165 731239090
221750165 940229607
221750165 326037268
221750165 31732622
221750165 710186221
221750165 923102960
221750165 880240691
221750165 585570658
221750165 196396325
221750165 560487761
221750165 315526251
221750165 345316982
221750165 576168874
221750165 966559548
221750165 816791786
221750165 921462111
221750165 897657500
221750165 162604456
221750165 450897910
221750165 469685273
221750165 391610685
221750165 267195904
221750165 859076053
221750165 807264748
221750165 491672035
221750165 515897794
221750165 716990084
221750165 662457763
221750165 954470269
221750165 563632546
221750165 855656719
221750165 23737398
221750165 90800919
221750165 399473231
221750165 966430078
221750165 120177716
221750165 220103907
221750165 51153389
221750165 458730295
221750165 13128790
221750165 719342038
221750165 374611769
221750165 525208199
221750165 832733008
221750165 275175751
221750165 771739818
221750165 943232109
221750165 458198642
221750165 134144473
221750165 709848053
221750165 986769688
221750165 841447509
221750165 775312423
221750165 536082125
221750165 53867118
221750165 639092276
221750165 241911910
221750165 777636147
221750165 297053362
221750165 955878293
221750165 802189479
221750165 573835924
221750165 14091662
221750165 374824619
221750165 138650828
221750165 269387361
221750165 44826197
221750165 570253771
221750165 835068789
221750165 564077620
221750165 777272175
221750165 529002791
221750165 711130494
221750165 495135790
221750165 845634883
221750165 186009770
221750165 252096735
221750165 226406804
221750165 377916559
221750165 945801108
221750165 311982968
221750165 140875787
221750165 131504430
221750165 416827800
221750165 390184227
221750165 975118329
221750165 559707068
221750165 448406963
221750165 742797309
221750165 73342640
221750165 900076429
221750165 190886245
221750165 674244797
221750165 911665561
221750165 277727412
221750165 54057437
221750165 733671636
221750165 624434686
221750165 119205488
221750165 302636774
221750165 372773300
221750165 302380529
221750165 164643410
221750165 210142290
221750165 456032091
221750165 56802671
221750165 321184175
221750165 954459694
221750165 638249779
221750165 953976681
221750165 436248219
221750165 218751248
221750165 387277720
221750165 254345164
221750165 749034793
221750165 58511659
221750165 756770132
221750165 476580250
221750165 441484151
221750165 411516607
221750165 767444632
221750165 211390012
221750165 608769836
221750165 598154722
221750165 712773320
221750165 970819274
221750165 816541050
221750165 200233852
221750165 36539187
221750165 878243463
221750165 865988961
221750165 388172946
221750165 992575878
221750165 924351534
221750165 82566194
221750165 427380247
221750165 686019522
221750165 471059879
221750165 226420034
221750165 81752652
221750165 585612511
221750165 431008686
221750165 100078592
221750165 359124206
221750165 942356767
221750165 47170592
221750165 233405847
221750165 105104917
221750165 33769603
221750165 510220907
221750165 346585819
221750165 418925799
221750165 378875661
221750165 612344017
221750165 851903255
221750165 704188643
221750165 314555299
221750165 629003739
221750165 748382117
221750165 788062012
221750165 46191222
221750165 481188402
221750165 823372860
221750165 182171000
221750165 485525847
221750165 628753239
221750165 511120646
221750165 821668706
221750165 763222831
221750165 19149922
221750165 399384293
221750165 898381742
221750165 72860909
221750165 399292004
221750165 935297157
221750165 530159718
221750165 85045049
221750165 12459629
221750165 139693565
221750165 864345003
221750165 785308665
221750165 74829635
221750165 403252696
221750165 262829086
221750165 174669657
221750165 906985455
221750165 415523869
221750165 748610464
221750165 961058221
221750165 756254522
221750165 577584836
221750165 521434338
221750165 260019835
221750165 938596247
221750165 897200563
221750165 423326771
221750165 427639373
221750165 102604829
221750165 589153822
221750165 332138323
221750165 261556173
221750165 729222225
221750165 869785600
221750165 355211688
221750165 340775600
221750165 667364469
221750165 77575249
221750165 832852389
221750165 261306327
221750165 424925222
221750165 688136827
221750165 724883172
221750165 606992517
221750165 685962748
221750165 387757246
221750165 355060793
221750165 337736297
221750165 839449598
221750165 300939283
221750165 758021661
221750165 610205491
221750165 435361974
221750165 258949478
221750165 584869329
221750165 98766393
221750165 429759860
221750165 383949559
221750165 548436913
221750165 639198714
221750165 762206278
221750165 361462063
221750165 799993170
221750165 614089276
221750165 957705783
221750165 796389761
221750165 694263285
221750165 738976082
221750165 857700434
221750165 516902612
221750165 184103664
221750165 551687962
221750165 417543002
221750165 395978921
221750165 666925786
221750165 155149669
221750165 602298695
221750165 623951890
221750165 978169913
221750165 192573831
221750165 189103240
221750165 684082063
221750165 272010518
221750165 309055304
221750165 662020037
221750165 418159774
221750165 989609589
221750165 67110198
221750165 52975908
221750165 88457542
221750165 103048361
221750165 405560275
221750165 854700094
221750165 798264307
221750165 519422712
221750165 726176876
221750165 416075967
221750165 541731112
221750165 952236473
221750165 599169287
221750165 181616452
221750165 709272832
221750165 985061122
221750165 698754149
221750165 908136639
221750165 372595536
221750165 541227628
221750165 518425482
221750165 768805641
221750165 130222783
221750165 672140374
221750165 133874445
221750165 390141868
221750165 916722793
221750165 564359350
221750165 979443427
221750165 12742767
221750165 727698671
221750165 644606567
221750165 2682435
221750165 65058734
221750165 438369566
221750165 524008288
221750165 366620553
221750165 342332185
221750165 711250916
221750165 119326344
221750165 673474358
221750165 315082059
221750165 958269149
221750165 293274715
221750165 182668455
221750165 46459170
221750165 334898377
221750165 637252477
221750165 549225940
221750165 43053094
221750165 457520326
221750165 744335521
221750165 320135219
221750165 787985330
221750165 325291590
221750165 931437871
221750165 17179453
221750165 40828597
221750165 124586438
221750165 197040898
221750165 896501333
221750165 172244064
221750165 937997845
221750165 839763614
221750165 749441927
221750165 503280810
221750165 248956597
221750165 741925515
221750165 904822400
221750165 377149289
221750165 880380752
221750165 376722093
221750165 996046579
221750165 650949399
221750165 359891703
221750165 400139555
221750165 258141051
221750165 287014379
221750165 804259480
221750165 275153374
221750165 710972526
221750165 421137121
221750165 592537125
221750165 253576273
221750165 464499064
221750165 676200344
221750165 382867701
221750165 458587991
221750165 236067051
221750165 145162792
221750165 575185649
221750165 732135401
221750165 182267281
221750165 24223751
221750165 772829561
221750165 631324168
221750165 533726249
221750165 101124825
221750165 664454095
221750165 32235145
221750165 67312989
221750165 781570102
221750165 54942917
221750165 639325789
221750165 891821441
221750165 685224600
221750165 587209021
221750165 716649186
221750165 240271392
221750165 647707427
221750165 686612284
221750165 709271605
221750165 992500936
221750165 244513680
221750165 118755756
221750165 5954389
221750165 371098053
221750165 766362755
221750165 987638019
221750165 133899175
221750165 829087269
221750165 526736365
221750165 809062998
221750165 283682819
221750165 11295569
221750165 18288958
221750165 450091432
221750165 749938155
221750165 966336329
221750165 606309521
221750165 940646479
221750165 110401713
221750165 602043493
221750165 43857446
221750165 584242026
221750165 604828272
221750165 339001011
221750165 500405790
221750165 153370969
221750165 787097857
221750165 20228770
221750165 691484727
221750165 766359167
221750165 547461883
221750165 550459855
221750165 298125907
221750165 825101062
221750165 778943191
221750165 499213688
221750165 256424611
221750165 40421676
221750165 937109477
221750165 145734229
221750165 298993911
221750165 190131059
221750165 811516997
221750165 983977628
221750165 814311522
221750165 191187876
221750165 34411590
221750165 512434953
221750165 290589371
221750165 265248237
221750165 983576684
221750165 857464007
221750165 530824039
221750165 331975700
221750165 230570863
221750165 246663427
221750165 955029495
221750165 474368114
221750165 456833123
221750165 968775115
221750165 805925254
221750165 949789169
221750165 379549593
221750165 555323788
221750165 910597509
221750165 792240634
221750165 562171897
221750165 800304021
221750165 847834776
221750165 578109610
221750165 81803772
221750165 72812494
221750165 639759230
221750165 221076184
221750165 278425175
221750165 411232544
221750165 19301555
221750165 680250211
221750165 306604838
221750165 774379159
221750165 685888799
221750165 319249644
221750165 326675717
221750165 765224055
221750165 203980996
221750165 855061668
221750165 757131788
221750165 507260498
221750165 218963206
221750165 887267541
221750165 916079333
221750165 597123728
221750165 112826164
221750165 128868507
221750165 154411650
221750165 707966485
221750165 87487995
221750165 623419856
221750165 106735985
221750165 577008274
221750165 657934062
221750165 927136181
221750165 32269927
221750165 905090999
221750165 86735157
221750165 934693166
221750165 504230979
221750165 327496120
221750165 158074453
221750165 675528131
221750165 953293853
221750165 839679248
221750165 73695001
221750165 971536871
221750165 656559107
221750165 368728827
221750165 792029997
221750165 617273887
221750165 39397515
221750165 187283666
221750165 444999176
221750165 643725262
221750165 794431499
221750165 634472105
221750165 87069735
221750165 568327867
221750165 145134395
221750165 663522575
221750165 133839171
221750165 261308604
221750165 528315505
221750165 44835894
221750165 16223437
221750165 865217527
221750165 697534475
221750165 655759222
221750165 562763659
221750165 615263769
221750165 698077504
221750165 539153676
221750165 400632582
221750165 483787764
221750165 933495204
221750165 647269948
221750165 355671577
221750165 21127886
221750165 195867980
221750165 690952650
221750165 494727288
221750165 814205352
221750165 486510703
221750165 555932115
221750165 616196104
221750165 338898487
221750165 543774858
221750165 372203893
221750165 976610685
221750165 5047004
221750165 809360670
221750165 466615539
221750165 878787819
221750165 494748222
221750165 585673260
221750165 652013216
221750165 775701643
221750165 818984894
221750165 123497452
221750165 463205588
221750165 75339301
221750165 118519244
221750165 138660836
221750165 694697217
221750165 850839488
221750165 389475648
221750165 850356321
221750165 842364915
221750165 584965285
221750165 407651774
221750165 222592621
221750165 510784747
221750165 379939075
221750165 313268659
221750165 471192117
221750165 379890280
221750165 628822487
221750165 713294295
221750165 795548479
221750165 559936944
221750165 587066295
221750165 896649561
221750165 596417703
221750165 915562268
221750165 721091919
221750165 893367896
221750165 995245539
221750165 988614530
221750165 704077619
221750165 515498419
221750165 202676774
221750165 440696833
221750165 998158027
221750165 463122378
221750165 582638322
221750165 764157426
221750165 654861676
221750165 850684427
221750165 149127632
221750165 679885931
221750165 391869656
221750165 182742003
221750165 260960531
221750165 826936549
221750165 753830194
221750165 560004407
221750165 993980323
221750165 628785570
221750165 884670372
221750165 111147160
221750165 645695460
221750165 987701457
221750165 300876084
221750165 797650856
221750165 309236654
221750165 545535731
221750165 113486982
221750165 355649729
221750165 994662519
221750165 680538656
221750165 250505048
221750165 879207829
221750165 807941376
221750165 924733562
221750165 773979167
221750165 576047422
221750165 631889533
221750165 150632395
221750165 805742329
221750165 997080799
221750165 639333050
221750165 636579431
221750165 457570320
221750165 243665629
221750165 341883258
221750165 653941209
221750165 366530582
221750165 35925210
221750165 375958143
221750165 419179197
221750165 875844301
221750165 404844790
221750165 524191558
221750165 623059465
221750165 460855515
221750165 948745997
221750165 43339833
221750165 451999534
221750165 916898698
221750165 52155365
221750165 678605245
221750165 472695065
221750165 638020183
221750165 431193203
221750165 731558057
221750165 659152268
221750165 178637035
221750165 267704396
221750165 159441315
221750165 420745733
221750165 43677754
221750165 152664548
221750165 345562309
221750165 326860274
221750165 246576976
221750165 214147574
221750165 414015979
221750165 279423765
221750165 363266447
221750165 723871427
221750165 91165072
221750165 12709992
221750165 75373877
221750165 214092894
221750165 826738081
221750165 612592955
221750165 259078775
221750165 453399758
221750165 623509454
221750165 490445225
221750165 732483180
221750165 851369172
221750165 118155782
221750165 78358082
221750165 344674137
221750165 733881159
221750165 582208226
221750165 713067095
221750165 927669007
221750165 720281743
221750165 477963115
221750165 44165373
221750165 480769362
221750165 814410407
221750165 987183100
221750165 747634382
221750165 453203736
221750165 333636773
221750165 218713437
221750165 940539711
221750165 446386909
221750165 447803808
221750165 365631277
221750165 806589280
221750165 236644870
221750165 569223537
221750165 483350124
221750165 239560494
221750165 537422095
221750165 558475868
221750165 49775998
221750165 97982867
221750165 943525348
221750165 994818859
221750165 854101097
221750165 462501561
221750165 728171832
221750165 605375112
221750165 165210059
221750165 965875545
221750165 853342077
221750165 514038538
221750165 163963155
221750165 263750380
221750165 53465441
221750165 3747419
221750165 494668332
221750165 356454336
221750165 482190111
221750165 639807481
221750165 173575785
221750165 132315075
221750165 830026316
221750165 716237270
221750165 213005777
221750165 368775090
221750165 441917244
221750165 940727271
221750165 188691814
221750165 485432186
221750165 770700087
221750165 297689634
221750165 348885495
221750165 219832439
221750165 718790491
221750165 231287888
221750165 521751981
221750165 268707983
221750165 443471209
221750165 734486626
221750165 86179194
221750165 352641075
221750165 257658956
221750165 860301195
221750165 105489651
221750165 745848501
221750165 939589231
221750165 349074417
221750165 55312056
221750165 891883897
221750165 63362452
221750165 304077917
221750165 96697554
221750165 628471977
221750165 367769746
221750165 951291664
221750165 762138833
221750165 662132810
221750165 758598565
221750165 937795540
221750165 309334001
221750165 76745172
221750165 904894631
221750165 791934745
221750165 339326186
221750165 627311364
221750165 674249281
221750165 359380061
221750165 495144460
221750165 287932895
221750165 443777600
221750165 586749802
221750165 563760140
221750165 886313766
221750165 939375634
221750165 141230884
221750165 289612366
221750165 533282964
221750165 345033826
221750165 826546786
221750165 960602657
221750165 930190995
221750165 616587422
221750165 724201693
221750165 889882944
221750165 135265208
221750165 339760603
221750165 991308925
221750165 48188185
221750165 813791730
221750165 657218218
221750165 132685417
221750165 745779287
221750165 920169848
221750165 32161198
221750165 158949683
221750165 549496586
221750165 661874911
221750165 160123294
221750165 346036936
221750165 467885716
221750165 377475649
221750165 152949344
221750165 378661635
221750165 464632106
221750165 413044474
221750165 987346163
221750165 72500424
221750165 484681256
221750165 25448437
221750165 765584753
221750165 90433752
221750165 560717939
221750165 857901404
221750165 972138564
221750165 132483566
221750165 242973291
221750165 128260525
221750165 709369790
221750165 817847051
221750165 486033005
221750165 894771685
221750165 734892978
221750165 422749916
221750165 307650523
221750165 614723554
221750165 317209068
221750165 952629179
221750165 381792205
221750165 241506568
221750165 116348524
221750165 496899571
221750165 300835631
221750165 334311744
221750165 769989060
221750165 870192103
221750165 909190413
221750165 694781106
221750165 209752385
221750165 80199861
221750165 636427512
221750165 438568235
221750165 941286806
221750165 855530632
221750165 76228778
221750165 846896265
221750165 594473137
221750165 209460097
221750165 408133176
221750165 990942558
221750165 990429136
221750165 363377219
221750165 565259964
221750165 693692295
221750165 768852895
221750165 833172345
221750165 878561113
221750165 826658035
221750165 491766085
221750165 941680455
221750165 96855386
221750165 689764222
221750165 992985868
221750165 185106995
221750165 157558319
221750165 90836843
221750165 635530682
221750165 321543425
221750165 319712807
221750165 494430090
221750165 809039882
221750165 77242441
221750165 391649164
221750165 3966198
221750165 289186686
221750165 868358000
221750165 959447368
221750165 416154739
221750165 319497228
221750165 986002130
221750165 798781499
221750165 888136547
221750165 620459527
221750165 610095725
221750165 199303502
221750165 274666516
221750165 135097275
221750165 270962347
221750165 204416128
221750165 919992292
221750165 569306040
221750165 460458921
221750165 818748106
221750165 666028876
221750165 465479662
221750165 356297399
221750165 535808298
221750165 434061311
221750165 161756779
221750165 205155745
221750165 200260988
221750165 145471788
221750165 596573822
221750165 695000132
221750165 858645110
221750165 793168962
221750165 484697150
221750165 106463128
221750165 257869013
221750165 977618699
221750165 552399890
221750165 624820714
221750165 774201126
221750165 707887035
221750165 361149412
221750165 513340215
221750165 502049189
221750165 52278154
221750165 411533867
221750165 683706098
221750165 546496820
221750165 545841994
221750165 858493346
221750165 766167829
221750165 668008299
221750165 114475741
221750165 632535630
221750165 942411306
221750165 40109118
221750165 742570084
221750165 46185815
221750165 245106783
221750165 663767008
221750165 90682756
221750165 553054610
221750165 662006742
221750165 708343167
221750165 54114
221750165 719455485
221750165 168526159
221750165 447239601
221750165 364252251
221750165 464347812
221750165 867040246
221750165 640135630
221750165 68612971
221750165 921057880
221750165 71291489
221750165 588500012
221750165 296467122
221750165 949140525
221750165 979784827
221750165 96290783
221750165 228085173
221750165 542070196
221750165 840790206
221750165 201722896
221750165 701891146
221750165 950626475
221750165 534325994
221750165 66853311
221750165 172189604
221750165 980388744
221750165 883601793
221750165 640268860
221750165 790122411
221750165 375316241
221750165 666659916
221750165 695184329
221750165 49273895
221750165 609008419
221750165 836151709
221750165 121108840
221750165 272012148
221750165 742842801
221750165 365209338
221750165 257102198
221750165 263212971
221750165 856497385
221750165 259781445
221750165 734489982
221750165 265662705
221750165 859275111
221750165 457020485
221750165 219737740
221750165 663737300
221750165 718658856
221750165 107011205
221750165 682570656
221750165 91294966
221750165 498592027
221750165 415353998
221750165 440099161
221750165 798991943
221750165 196764570
221750165 275258137
221750165 729661595
221750165 681032297
221750165 985290172
221750165 776150143
221750165 499618390
221750165 327559549
221750165 801647475
221750165 686358403
221750165 708856042
221750165 374811049
221750165 473624011
221750165 689292428
221750165 898737986
221750165 804221753
221750165 92710895
221750165 70164730
221750165 151060844
221750165 28062591
221750165 526942279
221750165 229004029
221750165 764408937
221750165 334695478
221750165 138665089
221750165 641087736
221750165 747974070
221750165 381233937
221750165 933755028
221750165 360685770
221750165 568248107
221750165 45276393
221750165 182000934
221750165 350487291
221750165 881220349
221750165 636780413
221750165 645440623
221750165 726587842
221750165 733483304
221750165 522555919
221750165 853359511
221750165 551658336
221750165 489655468
221750165 879377038
221750165 381808341
221750165 511882245
221750165 448863586
221750165 19335057
221750165 189744541
221750165 825135714
221750165 485078185
221750165 85547979
221750165 384549974
221750165 981306807
221750165 560210148
221750165 910476731
221750165 744008281
221750165 284862415
221750165 80367216
221750165 875164482
221750165 9062421
221750165 364579779
221750165 45096972
221750165 300864802
221750165 25269833
221750165 200426649
221750165 234111331
221750165 511450204
221750165 426811083
221750165 191952792
221750165 197337344
221750165 949797784
221750165 890536197
221750165 655505993
221750165 918651579
221750165 993333130
221750165 339995352
221750165 782884120
221750165 286975748
221750165 418895072
221750165 495915340
221750165 166520725
221750165 653711812
221750165 877520609
221750165 220318890
221750165 264035121
221750165 582151554
221750165 167981733
221750165 365850599
221750165 677187663
221750165 263081235
221750165 951940493
221750165 161616725
221750165 79351239
221750165 265645019
221750165 301393231
221750165 982962227
221750165 706290988
221750165 210595935
221750165 922214276
221750165 778269024
221750165 674166344
221750165 381966435
221750165 517681973
221750165 499412352
221750165 29326463
221750165 311938018
221750165 690947085
221750165 759747202
221750165 209925385
221750165 757193304
221750165 315036170
221750165 778085305
221750165 112967791
221750165 991407768
221750165 496440723
221750165 10614301
221750165 266633816
221750165 902947959
221750165 51715924
221750165 590443052
221750165 420470754
221750165 494120190
221750165 146304396
221750165 392525740
221750165 735948949
221750165 582118642
221750165 830496750
221750165 624067136
221750165 659824691
221750165 973464523
221750165 134374606
221750165 495633800
221750165 182063984
221750165 259453751
221750165 387775051
221750165 257145495
221750165 893209056
221750165 283228885
221750165 618562849
221750165 72108125
221750165 694010332
221750165 769747193
221750165 643671978
221750165 798566546
221750165 838810083
221750165 756878714
221750165 31309758
221750165 419627364
221750165 167392317
221750165 234556383
221750165 609864951
221750165 619779683
221750165 963336442
221750165 48665512
221750165 729436743
221750165 423221939
221750165 685687355
221750165 291820508
221750165 335653202
221750165 495981443
221750165 733035474
221750165 814272621
221750165 133581786
221750165 360529828
221750165 560796012
221750165 751433777
221750165 126096278
221750165 445148814
221750165 914584824
221750165 219766813
221750165 24439817
221750165 589594615
221750165 272862103
221750165 896514504
221750165 955691648
221750165 189284975
221750165 254368199
221750165 179877781
221750165 275160575
221750165 70730426
221750165 322353924
221750165 153655503
221750165 126958444
221750165 40428914
221750165 567637779
221750165 296651632
221750165 120728127
221750165 44118828
221750165 3779766
221750165 448251516
221750165 953633258
221750165 463960301
221750165 37378316
221750165 921307928
221750165 717138887
221750165 396636706
221750165 331526168
221750165 511021518
221750165 687488722
221750165 857190439
221750165 73778776
221750165 697566181
221750165 852617807
221750165 958793016
221750165 328475444
221750165 612720250
221750165 55436113
221750165 362655089
221750165 713446538
221750165 343939661
221750165 642788157
221750165 750334053
221750165 819990641
221750165 395957852
221750165 158510223
221750165 668182854
221750165 574333
221750165 366730292
221750165 818834232
221750165 127746135
221750165 191797138
221750165 97475560
221750165 571912092
221750165 268892910
221750165 442656875
221750165 273075094
221750165 388175232
221750165 60889866
221750165 603034419
221750165 351682353
221750165 709370234
221750165 476334501
221750165 421876639
221750165 994450392
221750165 536699406
221750165 880390036
221750165 798878517
221750165 96422180
221750165 755239761
221750165 595794479
221750165 31216352
221750165 563999498
221750165 952811944
221750165 434178564
221750165 806611740
221750165 654857900
221750165 17422418
221750165 947635863
221750165 94299402
221750165 88653145
221750165 438288940
221750165 765590904
221750165 652950723
221750165 868567432
221750165 671908176
221750165 465501347
221750165 938268398
221750165 354401472
221750165 474627591
221750165 186684161
221750165 584080258
221750165 559583522
221750165 663963363
221750165 964462399
221750165 717876698
221750165 272029954
221750165 738672664
221750165 962809134
221750165 998328873
221750165 276828001
221750165 706827208
221750165 333805363
221750165 87953580
221750165 345237209
221750165 108241804
221750165 606550981
221750165 913476447
221750165 382646592
221750165 94168630
221750165 133155247
221750165 844697401
221750165 448662127
221750165 515250596
221750165 556447594
221750165 281844641
221750165 218681292
221750165 302501556
221750165 728414438
221750165 945629205
221750165 561005269
221750165 640595856
221750165 602650333
221750165 120602658
221750165 417773286
221750165 295760781
221750165 380622892
221750165 847117001
221750165 52614018
221750165 391610942
221750165 709414947
221750165 876487737
221750165 117213456
221750165 373197028
221750165 995959352
221750165 327974777
221750165 663185092
221750165 780150504
221750165 228824713
221750165 191707858
221750165 466102151
221750165 67573000
221750165 852707866
221750165 605577539
221750165 273782657
221750165 131340974
221750165 671893949
221750165 659351849
221750165 642145515
221750165 717163590
221750165 550794189
221750165 923197909
221750165 601468095
221750165 567722372
221750165 770480738
221750165 279217709
221750165 126263319
221750165 253393333
221750165 888986688
221750165 160948222
221750165 667059459
221750165 426565563
221750165 268165690
221750165 566351737
221750165 685050296
221750165 428979573
221750165 451759627
221750165 936743181
221750165 691238655
221750165 845502920
221750165 774848012
221750165 119440603
221750165 515369311
221750165 817066547
221750165 717542797
221750165 960383434
221750165 470015204
221750165 513520334
221750165 294302462
221750165 155828525
221750165 6721855
221750165 652815492
221750165 704520086
221750165 9596366
221750165 753200771
221750165 389413669
221750165 59068077
221750165 702689685
221750165 448085632
221750165 132266418
221750165 421883565
221750165 389646251
221750165 617970927
221750165 535752874
221750165 45765286
221750165 85108768
221750165 363956985
221750165 593932278
221750165 799357342
221750165 754028515
221750165 925899160
221750165 156688802
221750165 718280291
221750165 918107929
221750165 848563984
221750165 593136284
221750165 935760701
221750165 598856220
221750165 801643138
221750165 469876895
221750165 382287979
221750165 500092766
221750165 355471446
221750165 691148250
221750165 204460554
221750165 462172776
221750165 377669125
221750165 128005776
221750165 875308679
221750165 342643328
221750165 147267842
221750165 545728611
221750165 332184208
221750165 69624582
221750165 344960923
221750165 797345896
221750165 217433346
221750165 444916045
221750165 691034883
221750165 849798223
221750165 790971671
221750165 317655092
221750165 677635387
221750165 291609642
221750165 161333680
221750165 43340538
221750165 826992049
221750165 866057394
221750165 75305637
221750165 881527281
221750165 919313188
221750165 170719562
221750165 525050030
221750165 182198054
221750165 215101607
221750165 890210059
221750165 662744989
221750165 593239108
221750165 323538555
221750165 992257078
221750165 999775640
221750165 52978530
221750165 988306609
221750165 72053340
221750165 825949207
221750165 14162694
221750165 139954433
221750165 747702218
221750165 465862309
221750165 366108688
221750165 357867559
221750165 526929837
221750165 476542525
221750165 513377012
221750165 500806860
221750165 45638846
221750165 461591753
221750165 237215910
221750165 162811480
221750165 641499171
221750165 198065929
221750165 395578158
221750165 463345833
221750165 380714185
221750165 54442355
221750165 783695027
221750165 72913392
221750165 376996115
221750165 211221168
221750165 182367470
221750165 187384891
221750165 865014404
221750165 891042638
221750165 188663331
221750165 318580468
221750165 237342209
221750165 762316347
221750165 820763817
221750165 107401317
221750165 514878051
221750165 103380197
221750165 972740136
221750165 724185070
221750165 140059112
221750165 374070357
221750165 484409085
221750165 468663855
221750165 102680258
221750165 456355732
221750165 57233161
221750165 908811376
221750165 363403684
221750165 746379424
221750165 15421490
221750165 878566171
221750165 489445590
221750165 329041479
221750165 854451004
221750165 457100615
221750165 652013286
221750165 719583473
221750165 70410464
221750165 59174552
221750165 474071619
221750165 275134321
221750165 652472582
221750165 31938092
221750165 534656102
221750165 627069462
221750165 249114335
221750165 915468696
221750165 619132552
221750165 566175692
221750165 192214153
221750165 885441617
221750165 1715156
221750165 972655014
221750165 687709231
221750165 392826141
221750165 742200570
221750165 493428914
221750165 679609484
221750165 882381005
221750165 616910486
221750165 676083637
221750165 645614582
221750165 167399389
221750165 788311793
221750165 12103924
221750165 395332182
221750165 391061964
221750165 690553959
221750165 505212384
221750165 26010150
221750165 815791162
221750165 332075045
221750165 501515687
221750165 780415682
221750165 680139133
221750165 939359210
221750165 939207867
221750165 581096244
221750165 901741903
221750165 467294698
221750165 876626342
221750165 404166418
221750165 447461580
221750165 548523607
221750165 200953982
221750165 658824721
221750165 854267616
221750165 193619740
221750165 386783347
221750165 358128087
221750165 193514067
221750165 92226475
221750165 996390620
221750165 143169575
221750165 762229295
221750165 11065393
221750165 332074136
221750165 765241051
221750165 291289996
221750165 760186391
221750165 967951949
221750165 969128885
221750165 204527930
221750165 264803578
221750165 36759537
221750165 195682052
221750165 137980674
221750165 841710384
221750165 452096528
221750165 273248705
221750165 755127722
221750165 763538612
221750165 647869929
221750165 746447622
221750165 229356210
221750165 149807375
221750165 661608721
221750165 475515408
221750165 70371704
221750165 683455895
221750165 263422424
221750165 317524075
221750165 886798887
221750165 773022082
221750165 377999879
221750165 688323866
221750165 53274417
221750165 286059351
221750165 71479933
221750165 758246139
221750165 459087576
221750165 480328532
221750165 62728216
221750165 235904699
221750165 671286979
221750165 243027066
221750165 299706069
221750165 743225646
221750165 541700262
221750165 799602815
221750165 226517883
221750165 492290720
221750165 417914095
221750165 321759558
221750165 53241573
221750165 572268368
221750165 181980164
221750165 420480597
221750165 274638589
221750165 188482559
221750165 573666838
221750165 480131975
221750165 180497594
221750165 324551965
221750165 604173588
221750165 289348064
221750165 648043928
221750165 651483592
221750165 632047944
221750165 203505228
221750165 437794443
221750165 867917376
221750165 663046485
221750165 649260698
221750165 628030928
221750165 677218211
221750165 677525093
221750165 220243609
221750165 546315140
221750165 455016355
221750165 952812503
221750165 493353450
221750165 197552028
221750165 487610828
221750165 247614145
221750165 644385868
221750165 492048719
221750165 252281258
221750165 179951247
221750165 689582094
221750165 272212593
221750165 44818211
221750165 257041970
221750165 444439991
221750165 898017647
221750165 811473357
221750165 561635949
221750165 388685072
221750165 938246467
221750165 688736640
221750165 355882933
221750165 564728280
221750165 918993713
221750165 436735493
221750165 990236102
221750165 48912327
221750165 569074575
221750165 856715480
221750165 989646774
221750165 476324230
221750165 825358413
221750165 809881399
221750165 835817997
221750165 377739198
221750165 273734719
221750165 165711304
221750165 169868254
221750165 182835514
221750165 587374398
221750165 948480288
221750165 717327694
221750165 165603555
221750165 668177528
221750165 904095720
221750165 981211750
221750165 958893042
221750165 344186126
221750165 123650195
221750165 221392404
221750165 627050117
221750165 241851990
221750165 441218768
221750165 346563225
221750165 580902499
221750165 661257601
221750165 468823024
221750165 20635198
221750165 971039361
221750165 223746744
221750165 399805178
221750165 516321511
221750165 96420662
221750165 168609718
221750165 795125933
221750165 806029436
221750165 634338313
221750165 425641412
221750165 898810926
221750165 773888894
221750165 803165415
221750165 62234691
221750165 215875481
221750165 24354574
221750165 200027181
221750165 835043973
221750165 114078434
221750165 719069587
221750165 988543329
221750165 906469452
221750165 559202192
221750165 231053833
221750165 90880513
221750165 740532684
221750165 188560802
221750165 300074482
221750165 103805162
221750165 445378322
221750165 215865062
221750165 605492099
221750165 898028231
221750165 338861576
221750165 407186919
221750165 345977144
221750165 409296992
221750165 812700257
221750165 722635170
221750165 885046725
221750165 104075015
221750165 840334835
221750165 928274581
221750165 31638246
221750165 230094960
221750165 625995846
221750165 76681334
221750165 925021807
221750165 809945382
221750165 729003361
221750165 605206839
221750165 785857610
221750165 35806056
221750165 597105059
221750165 130825690
221750165 431063197
221750165 353661409
221750165 267822609
221750165 186449873
221750165 47885699
221750165 963653400
221750165 788685647
221750165 428132142
221750165 58755819
221750165 856277705
221750165 282342162
221750165 674396122
221750165 710164102
221750165 262170280
221750165 396922403
221750165 612762479
221750165 687811089
221750165 172738387
221750165 203538935
221750165 630702905
221750165 231302807
221750165 768203274
221750165 311421409
221750165 612607229
221750165 114997224
221750165 88003558
221750165 537628358
221750165 346592280
221750165 595037743
221750165 984259395
221750165 107295339
221750165 245235421
221750165 2857989
221750165 972609637
221750165 264064365
221750165 954715732
221750165 943408108
221750165 254690796
221750165 119819371
221750165 795860301
221750165 273971802
221750165 37603744
221750165 229601719
221750165 393636879
221750165 100670633
221750165 89388065
221750165 888634637
221750165 477057565
221750165 956221022
221750165 717521351
221750165 726270970
221750165 332618011
221750165 845559101
221750165 967996329
221750165 949609976
221750165 647091457
221750165 210283379
221750165 168862793
221750165 689217028
221750165 513264767
221750165 535669502
221750165 425032505
221750165 303849218
221750165 735009155
221750165 661307852
221750165 246294645
221750165 815823207
221750165 628417302
221750165 509859548
221750165 334731599
221750165 800299282
221750165 345121193
221750165 67761497
221750165 84775623
221750165 226493462
221750165 327553269
221750165 441875923
221750165 11057801
221750165 243118255
221750165 310205740
221750165 2598989
221750165 348775596
221750165 574820181
221750165 556445143
221750165 444902570
221750165 626526039
221750165 255630076
221750165 240883808
221750165 526652006
221750165 650013196
221750165 330099362
221750165 500047861
221750165 757564490
221750165 586087123
221750165 155907088
221750165 797470903
221750165 62615338
221750165 764690930
221750165 918769485
221750165 907430903
221750165 880320616
221750165 728442892
221750165 774689965
221750165 219729453
221750165 663903321
221750165 495311064
221750165 695500961
221750165 235634636
221750165 968403526
221750165 366063677
221750165 134460608
221750165 714634055
221750165 655195037
221750165 363697436
221750165 956274537
221750165 136422132
221750165 155780130
221750165 122331734
221750165 315331736
221750165 892399642
221750165 804317082
221750165 303832490
221750165 398710544
221750165 401634340
221750165 124483327
221750165 705847139
221750165 818325678
221750165 706741392
221750165 597524542
221750165 979796121
221750165 583338842
221750165 226897596
221750165 182010956
221750165 433415547
221750165 737645898
221750165 538196621
221750165 589897828
221750165 244545529
221750165 209444936
221750165 129327514
221750165 843732846
221750165 246717674
221750165 665337190
221750165 372284754
221750165 444732650
221750165 920955728
221750165 317252060
221750165 8783474
221750165 93988902
221750165 618034988
221750165 587767931
221750165 339178387
221750165 670683892
221750165 562866438
221750165 826381820
221750165 636099819
221750165 463512428
221750165 506119754
221750165 728823207
221750165 504778994
221750165 979774740
221750165 70871652
221750165 558165651
221750165 630025346
221750165 129880457
221750165 602276448
221750165 558367417
221750165 199523309
221750165 614393837
221750165 756680119
221750165 730913803
221750165 706636653
221750165 217231712
221750165 427089343
221750165 869018778
221750165 446338042
221750165 227715567
221750165 702353803
221750165 889763431
221750165 349142210
221750165 714290733
221750165 880343242
221750165 708302175
221750165 629216490
221750165 126694151
221750165 321189339
221750165 473325415
221750165 836207959
221750165 955661108
221750165 87012552
221750165 34399141
221750165 541313003
221750165 20230989
221750165 364327101
221750165 646001263
221750165 133153486
221750165 209719386
221750165 200998162
221750165 523389323
221750165 334388293
221750165 920382467
221750165 184630416
221750165 818173434
221750165 322783808
221750165 453800964
221750165 645782341
221750165 999273833
221750165 455979189
221750165 797413982
221750165 138532956
221750165 370987877
221750165 926626190
221750165 495535935
221750165 394331623
221750165 536153668
221750165 303820592
221750165 134145193
221750165 837808494
221750165 268616151
221750165 829193743
221750165 662625941
221750165 332822881
221750165 501386137
221750165 71065263
221750165 304532182
221750165 820882578
221750165 176972495
221750165 292193792
221750165 999396984
221750165 438244484
221750165 540912614
221750165 78894466
221750165 293557480
221750165 525313919
221750165 275876271
221750165 527074887
221750165 615977022
221750165 813113354
221750165 481726844
221750165 199537623
221750165 872062878
221750165 20698966
221750165 547166209
221750165 770720918
221750165 528542970
221750165 262704504
221750165 708538611
221750165 123361072
221750165 125399632
221750165 49752337
221750165 293308190
221750165 765281981
221750165 195957659
221750165 586678877
221750165 39981134
221750165 340223881
221750165 993959602
221750165 574158362
221750165 909141638
221750165 18370952
221750165 381884095
221750165 626029565
221750165 965796198
221750165 53587745
221750165 709135664
221750165 866452170
221750165 703604582
221750165 406236325
221750165 827640339
221750165 699892064
221750165 585195431
221750165 163343637
221750165 207253389
221750165 702178447
221750165 686597194
221750165 808426094
221750165 26429552
221750165 750052638
221750165 268707745
221750165 836088244
221750165 292487855
221750165 169785269
221750165 878180247
221750165 124822387
221750165 318044683
221750165 61704965
221750165 329212207
221750165 388546834
221750165 202862179
221750165 566971153
221750165 185630687
221750165 637200242
221750165 818003484
221750165 705939231
221750165 207385945
221750165 834766787
221750165 363033217
221750165 78560112
221750165 317720349
221750165 915724854
221750165 153905047
221750165 151998298
221750165 789164766
221750165 87432515
221750165 195763706
221750165 833267674
221750165 394132698
221750165 45367416
221750165 908870148
221750165 185151801
221750165 957551504
221750165 29499084
221750165 915106160
221750165 646830102
221750165 141949185
221750165 314285713
221750165 762608708
221750165 997102632
221750165 957506406
221750165 618443679
221750165 403004258
221750165 759804938
221750165 451309607
221750165 271534208
221750165 800553819
221750165 222317007
221750165 47328930
221750165 717850803
221750165 548726359
221750165 981417883
221750165 267026816
221750165 69159623
221750165 275449856
221750165 269885017
221750165 555411408
221750165 622718873
221750165 433407211
221750165 625236837
221750165 978436968
221750165 783992089
221750165 997477032
221750165 268920675
221750165 276160306
221750165 133286838
221750165 580481095
221750165 340633823
221750165 666681039
221750165 514507455
221750165 500000238
221750165 331106813
221750165 768582278
221750165 478850308
221750165 623257676
221750165 508128582
221750165 616952698
221750165 480623381
221750165 800807545
221750165 753417534
221750165 294533622
221750165 218671853
221750165 450366704
221750165 776081003
221750165 810088911
221750165 975021591
221750165 613903091
221750165 250148259
221750165 63910269
221750165 626220485
221750165 131731449
221750165 577851363
221750165 969690199
221750165 546495634
221750165 233441823
221750165 76773849
221750165 838640130
221750165 297736034
221750165 894733890
221750165 193484536
221750165 99321888
221750165 140772414
221750165 53570871
221750165 861282346
221750165 808196302
221750165 144267621
221750165 9448684
221750165 616135646
221750165 428425893
221750165 255967590
221750165 808288822
221750165 778218328
221750165 887543382
221750165 46854153
221750165 994803128
221750165 255811173
221750165 142397081
221750165 363189073
221750165 808680329
221750165 2353040
221750165 340651423
221750165 476420029
221750165 858845008
221750165 659738859
221750165 875656003
221750165 874829613
221750165 867593054
221750165 526218282
221750165 700465943
221750165 315303601
221750165 652512074
221750165 529787723
221750165 309234151
221750165 68893050
221750165 139770410
221750165 92770831
221750165 585544578
221750165 770135503
221750165 611791907
221750165 417155118
221750165 6527954
221750165 307348369
221750165 807996893
221750165 186068279
221750165 881290931
221750165 799687005
221750165 689697776
221750165 905093333
221750165 696827650
221750165 388065032
221750165 234415845
221750165 266623673
221750165 737172368
221750165 489431179
221750165 633473438
221750165 558740696
221750165 429605149
221750165 549955653
221750165 463212285
221750165 742452436
221750165 941352805
221750165 891907926
221750165 978027878
221750165 438304706
221750165 250907521
221750165 808083447
221750165 402844882
221750165 253472053
221750165 245236462
221750165 628924817
221750165 402538291
221750165 351009504
221750165 878604800
221750165 510985477
221750165 574053734
221750165 292770149
221750165 727332819
221750165 855285160
221750165 187131613
221750165 79514748
221750165 439686935
221750165 322739604
221750165 631150827
221750165 172117448
221750165 43513995
221750165 484570286
221750165 693311238
221750165 231797454
221750165 151477525
221750165 854490005
221750165 564462427
221750165 299376871
221750165 22294342
221750165 868401741
221750165 153676404
221750165 346940942
221750165 973852817
221750165 899446572
221750165 877695296
221750165 31783102
221750165 435990939
221750165 870906031
221750165 758430676
221750165 96946603
221750165 290082430
221750165 253184809
221750165 950735444
221750165 197446515
221750165 767323225
221750165 787260802
221750165 764334103
221750165 470701403
221750165 595879032
221750165 190005939
221750165 472471157
221750165 19473972
221750165 214045986
221750165 578993874
221750165 878143523
221750165 310799584
221750165 692027076
221750165 597088100
221750165 968386708
221750165 377214846
221750165 14597859
221750165 123428475
221750165 603656293
221750165 943724251
221750165 816024572
221750165 979509358
221750165 168702408
221750165 377581426
221750165 787795304
221750165 260096924
221750165 9836505
221750165 771692548
221750165 523448374
221750165 747104122
221750165 596761945
221750165 987466135
221750165 266491401
221750165 818711551
221750165 953866275
221750165 88528730
221750165 259448063
221750165 339542201
221750165 604460999
221750165 56470005
221750165 167860577
221750165 1081044
221750165 231667506
221750165 250398461
221750165 467518511
221750165 502433532
221750165 16465966
221750165 909206324
221750165 80672508
221750165 842713024
221750165 983138419
221750165 781935762
221750165 96498673
221750165 498833298
221750165 84467031
221750165 591379950
221750165 883279741
221750165 406582206
221750165 664204028
221750165 751755523
221750165 258182978
221750165 151531968
221750165 169205246
221750165 352006278
221750165 2938289
221750165 808911143
221750165 137016836
221750165 373662735
221750165 943644069
221750165 545463728
221750165 673749580
221750165 839642245
221750165 616805771
221750165 5600353
221750165 705967083
221750165 337656477
221750165 740878920
221750165 630142299
221750165 379416667
221750165 284286225
221750165 219808786
221750165 889371235
221750165 950892340
221750165 971192886
221750165 292666826
221750165 597203823
221750165 679435825
221750165 205582563
221750165 126439649
221750165 789937316
221750165 65674920
221750165 328617604
221750165 24154607
221750165 27918532
221750165 245760362
221750165 367084126
221750165 502615726
221750165 670822907
221750165 742923892
221750165 742447559
221750165 241557206
221750165 505675777
221750165 451533582
221750165 94165482
221750165 200154172
221750165 28425839
221750165 321162250
221750165 380717787
221750165 368265723
221750165 44069807
221750165 984140561
221750165 119683904
221750165 446698941
221750165 102393847
221750165 109387108
221750165 191146707
221750165 496281641
221750165 211396150
221750165 319896435
221750165 553441433
221750165 184641671
221750165 782179409
221750165 915605515
221750165 663749927
221750165 840827740
221750165 100143186
221750165 305281018
221750165 760648906
221750165 108739474
221750165 399394377
221750165 413884196
221750165 46482835
221750165 649951611
221750165 155259213
221750165 12002881
221750165 22240907
221750165 134257704
221750165 743574170
221750165 285179849
221750165 985322409
221750165 729824463
221750165 75051174
221750165 93825222
221750165 231369924
221750165 166801052
221750165 933916718
221750165 47888319
221750165 929704077
221750165 692647188
221750165 858630369
221750165 581075699
221750165 704552597
221750165 749827028
221750165 42247476
221750165 162948649
221750165 118162339
221750165 253040522
221750165 935208900
221750165 858150332
221750165 212932056
221750165 537469134
221750165 386763578
221750165 793234555
221750165 130097710
221750165 547636146
221750165 951754688
221750165 697977826
221750165 572867182
221750165 921550092
221750165 911539763
221750165 590432788
221750165 369817913
221750165 575701988
221750165 146306986
221750165 333387730
221750165 411783898
221750165 30204513
221750165 812844365
221750165 900210803
221750165 209024472
221750165 189696281
221750165 411776986
221750165 437359813
221750165 256480618
221750165 775261558
221750165 161586732
221750165 408877443
221750165 23926082
221750165 357809123
221750165 714594916
221750165 803686559
221750165 119428097
221750165 303627082
221750165 861659161
221750165 875960292
221750165 827708461
221750165 30066195
221750165 638692486
221750165 505528096
221750165 583217798
221750165 679349479
221750165 655912412
221750165 981806842
221750165 927324368
221750165 295214943
221750165 83713478
221750165 695032566
221750165 601391694
221750165 918858786
221750165 206882559
221750165 413815957
221750165 45565649
221750165 67355556
221750165 411936282
221750165 660866298
221750165 581548481
221750165 685494980
221750165 194127803
221750165 570783380
221750165 203747278
221750165 328762505
221750165 368314326
221750165 564286117
221750165 777826731
221750165 107968050
221750165 515878690
221750165 215577752
221750165 543969584
221750165 461885399
221750165 543574852
221750165 146549166
221750165 457862320
221750165 230221948
221750165 412403148
221750165 116740203
221750165 700677370
221750165 571022347
221750165 288177859
221750165 301714778
221750165 116708133
221750165 429498139
221750165 314376269
221750165 39796190
221750165 885459442
221750165 960741577
221750165 160844002
221750165 678116522
221750165 322376785
221750165 995829302
221750165 774724819
221750165 975964968
221750165 233988287
221750165 25196081
221750165 821451827
221750165 511032352
221750165 324506327
221750165 657417204
221750165 844353631
221750165 26838762
221750165 669143285
221750165 709759153
221750165 418770208
221750165 165830651
221750165 892970246
221750165 586977184
221750165 136578935
221750165 631445738
221750165 810018735
221750165 394538759
221750165 509292688
221750165 994722744
221750165 687778560
221750165 206930598
221750165 199726203
221750165 524832867
221750165 977764398
221750165 79179760
221750165 927601705
221750165 365373674
221750165 39979859
221750165 788779322
221750165 695542418
221750165 420395759
221750165 7482029
221750165 199520316
221750165 477271910
221750165 578525960
221750165 511651546
221750165 142337067
221750165 944661189
221750165 373315040
221750165 941514455
221750165 515212818
221750165 436158519
221750165 500989947
221750165 85785543
221750165 624396038
221750165 611957898
221750165 255012390
221750165 7988954
221750165 967295347
221750165 309205903
221750165 155832521
221750165 606313017
221750165 305403094
221750165 178704320
221750165 379414478
221750165 362164463
221750165 887981363
221750165 198018293
221750165 983015162
221750165 646234823
221750165 38010005
221750165 394530050
221750165 108806091
221750165 662591219
221750165 369317462
221750165 8410772
221750165 465226626
221750165 945422617
221750165 969158005
221750165 403468073
221750165 427663686
221750165 674052879
221750165 673700701
221750165 684322407
221750165 287549263
221750165 601261006
221750165 148891787
221750165 526736969
221750165 161344948
221750165 737209494
221750165 875488394
221750165 59304749
221750165 769520987
221750165 847928723
221750165 200485700
221750165 386213994
221750165 348415688
221750165 578607703
221750165 422113044
221750165 91279532
221750165 957542503
221750165 393457513
221750165 218297670
221750165 119710310
221750165 90846132
221750165 730929000
221750165 126346037
221750165 887537701
221750165 790974771
221750165 177279479
221750165 285695909
221750165 492600190
221750165 65827424
221750165 110688407
221750165 18340409
221750165 31213617
221750165 346320398
221750165 334870297
221750165 670168900
221750165 575283275
221750165 982657254
221750165 477803138
221750165 856069844
221750165 863650944
221750165 112663587
221750165 530365441
221750165 129014328
221750165 585553369
221750165 502085070
221750165 221107534
221750165 842551144
221750165 384314838
221750165 246345819
221750165 536395618
221750165 508569907
221750165 864385025
221750165 516899409
221750165 514560531
221750165 801061638
221750165 923710836
221750165 636371291
221750165 745477451
221750165 16026891
221750165 299232000
221750165 70902897
221750165 71664558
221750165 169922840
221750165 253571740
221750165 370241173
221750165 142410960
221750165 426600110
221750165 585234459
221750165 318359838
221750165 785116022
221750165 370293356
221750165 869045358
221750165 932522402
221750165 614495024
221750165 852874232
221750165 282123823
221750165 588991021
221750165 774040426
221750165 508684940
221750165 527464297
221750165 630501784
221750165 555844962
221750165 491577340
221750165 918953250
221750165 473843324
221750165 775585530
221750165 605727407
221750165 604754132
221750165 522554635
221750165 948463031
221750165 670324292
221750165 915119299
221750165 202966349
221750165 728820996
221750165 385059947
221750165 807529469
221750165 989172141
221750165 883894941
221750165 833848009
221750165 155308397
221750165 702669478
221750165 799664537
221750165 153697087
221750165 392818830
221750165 996852737
221750165 237505008
221750165 209002774
221750165 654045669
221750165 10582449
221750165 132576630
221750165 723911084
221750165 533366332
221750165 666714332
221750165 575951510
221750165 220350727
221750165 325355385
221750165 620090640
221750165 162884864
221750165 345565780
221750165 613310860
221750165 932735216
221750165 569595353
221750165 440788790
221750165 452408787
221750165 555592972
221750165 362991224
221750165 717995815
221750165 236158422
221750165 115976368
221750165 374960156
221750165 91321796
221750165 200643432
221750165 540454706
221750165 617835001
221750165 305959567
221750165 609905828
221750165 198365935
221750165 63063947
221750165 131482210
221750165 34903462
221750165 706808881
221750165 35909426
221750165 509173736
221750165 705653415
221750165 313275601
221750165 46395024
221750165 413331022
221750165 144731350
221750165 268466711
221750165 219279752
221750165 164411214
221750165 907832681
221750165 354452430
221750165 89485713
221750165 91078831
221750165 660633364
221750165 40534950
221750165 132882736
221750165 341005085
221750165 101812927
221750165 340245577
221750165 754731629
221750165 358801133
221750165 55589454
221750165 825478386
221750165 346490835
221750165 196170506
221750165 632085175
221750165 585692647
221750165 57718177
221750165 134830619
221750165 499101108
221750165 190272781
221750165 102801385
221750165 396782304
221750165 994914024
221750165 783402271
221750165 702117537
221750165 971888344
221750165 254266572
221750165 591356629
221750165 946169591
221750165 762193544
221750165 198445247
221750165 965279557
221750165 578110647
221750165 86265703
221750165 279476400
221750165 211172740
221750165 211725355
221750165 692322345
221750165 86302261
221750165 686219443
221750165 945430011
221750165 150940809
221750165 505131353
221750165 153051884
221750165 505262198
221750165 801726439
221750165 190723684
221750165 94581875
221750165 915481261
221750165 131585765
221750165 822654421
221750165 917273993
221750165 23350131
221750165 259690858
221750165 389919105
221750165 556634948
221750165 122113589
221750165 109727254
221750165 901645675
221750165 104074954
221750165 653412605
221750165 292232595
221750165 932028471
221750165 241352289
221750165 746038171
221750165 833427590
221750165 514788340
221750165 582653881
221750165 998140909
221750165 257691165
221750165 18651042
221750165 281355147
221750165 84294474
221750165 89834510
221750165 751049175
221750165 841624120
221750165 430489265
221750165 928685214
221750165 819254412
221750165 959185723
221750165 682083861
221750165 142874684
221750165 560946650
221750165 60687395
221750165 953758431
221750165 273639787
221750165 341707720
221750165 998935730
221750165 497371843
221750165 282475859
221750165 455024715
221750165 405439857
221750165 314803482
221750165 139494425
221750165 631160773
221750165 437358308
221750165 845415868
221750165 864885876
221750165 453172234
221750165 501723372
221750165 719240768
221750165 103385445
221750165 822334294
221750165 158656648
221750165 464516205
221750165 693518870
221750165 79229021
221750165 16794444
221750165 783238249
221750165 292218070
221750165 718598394
221750165 536956926
221750165 271546782
221750165 641562184
221750165 813448741
221750165 633596155
221750165 180834764
221750165 336812793
221750165 435613827
221750165 753504459
221750165 677317542
221750165 749551702
221750165 298866278
221750165 240022028
221750165 326940046
221750165 302937693
221750165 132367333
221750165 86319392
221750165 304764431
221750165 517710657
221750165 921443973
221750165 982459533
221750165 136974446
221750165 882017506
221750165 271988835
221750165 679609556
221750165 551340110
221750165 994006546
221750165 100821368
221750165 246048193
221750165 992682131
221750165 229497482
221750165 565220114
221750165 770356389
221750165 77363000
221750165 681030208
221750165 72883346
221750165 986656959
221750165 657608767
221750165 179114921
221750165 569083301
221750165 658984615
221750165 58576936
221750165 517631063
221750165 592757564
221750165 635112128
221750165 919486332
221750165 800571323
221750165 407268624
221750165 626974014
221750165 835799124
221750165 901754313
221750165 697920298
221750165 164295404
221750165 732903306
221750165 982303107
221750165 881853192
221750165 161984596
221750165 925561198
221750165 741198676
221750165 235211303
221750165 887163512
221750165 577674484
221750165 199837112
221750165 921751141
221750165 280648978
221750165 160465484
221750165 911817472
221750165 971076964
221750165 789652424
221750165 736782377
221750165 208241530
221750165 360371290
221750165 831585832
221750165 519771736
221750165 711405440
221750165 100167688
221750165 477457005
221750165 366177056
221750165 334054316
221750165 999651913
221750165 49948573
221750165 758360394
221750165 581566920
221750165 358212555
221750165 474438751
221750165 408216866
221750165 783621627
221750165 393758496
221750165 422981066
221750165 820074403
221750165 926477317
221750165 361064246
221750165 683705646
221750165 743865435
221750165 911183621
221750165 169661571
221750165 277122822
221750165 519879577
221750165 24666230
221750165 903200551
221750165 420273422
221750165 996234553
221750165 499642091
221750165 182979438
221750165 761573848
221750165 983779964
221750165 942217249
221750165 947258670
221750165 947115745
221750165 147962904
221750165 382574405
221750165 694392515
221750165 502874367
221750165 171878615
221750165 498702730
221750165 299874857
221750165 652582359
221750165 606197507
221750165 601349128
221750165 463212499
221750165 269605387
221750165 780909786
221750165 577504790
221750165 758105526
221750165 593073784
221750165 686753892
221750165 768804967
221750165 278063397
221750165 595896072
221750165 31242633
221750165 193322566
221750165 398953740
221750165 256996164
221750165 265103538
221750165 759151617
221750165 813090165
221750165 895272752
221750165 960099990
221750165 613424395
221750165 841635264
221750165 124699556
221750165 337207343
221750165 667558426
221750165 137812875
221750165 413851377
221750165 602114550
221750165 678362377
221750165 12995591
221750165 232929607
221750165 44771102
221750165 151875593
221750165 593177720
221750165 811280242
221750165 356220048
221750165 528595844
221750165 27286925
221750165 268086037
221750165 538121060
221750165 556497897
221750165 969882796
221750165 383240161
221750165 890792727
221750165 282392671
221750165 876261112
221750165 644546309
221750165 377105742
221750165 810931438
221750165 797801055
221750165 837617921
221750165 757016718
221750165 172781105
221750165 641635613
221750165 672930785
221750165 651977736
221750165 144044996
221750165 493211781
221750165 194724008
221750165 265955699
221750165 171765394
221750165 324503976
221750165 359394635
221750165 488992382
221750165 991518223
221750165 733851569
221750165 332617385
221750165 894873062
221750165 383638713
221750165 240750584
221750165 900918981
221750165 939503497
221750165 202009639
221750165 256827000
221750165 820798889
221750165 722636781
221750165 624366101
221750165 334437373
221750165 189602121
221750165 457549529
221750165 953583404
221750165 185377105
221750165 143912452
221750165 847448944
221750165 299296473
221750165 417132727
221750165 922385154
221750165 143731978
221750165 180398859
221750165 213238370
221750165 306568403
221750165 878011762
221750165 445992935
221750165 966403149
221750165 120945926
221750165 541130692
221750165 175672089
221750165 939865459
221750165 169089552
221750165 551379260
221750165 534996247
221750165 885516318
221750165 954808043
221750165 362954497
221750165 890980834
221750165 621186578
221750165 486958486
221750165 663291739
221750165 627689312
221750165 19408090
221750165 845976635
221750165 980779274
221750165 408816243
221750165 768401087
221750165 38871845
221750165 193539697
221750165 435176024
221750165 535592294
221750165 967226147
221750165 86334227
221750165 15132264
221750165 53840556
221750165 760128556
221750165 371733545
221750165 629720536
221750165 684669793
221750165 291630399
221750165 355986941
221750165 951378061
221750165 735463856
221750165 535810059
221750165 110042786
221750165 217087437
221750165 916024939
221750165 221129077
221750165 768839614
221750165 768323905
221750165 119275161
221750165 383145543
221750165 224181529
221750165 417191518
221750165 603763779
221750165 563118802
221750165 638717134
221750165 301095585
221750165 909712954
221750165 882148658
221750165 624440782
221750165 451183043
221750165 594312682
221750165 175696415
221750165 831866367
221750165 520814041
221750165 528122254
221750165 338599009
221750165 517381904
221750165 799882931
221750165 383854085
221750165 828910853
221750165 419027530
221750165 199784014
221750165 562057363
221750165 468362910
221750165 816312467
221750165 706539940
221750165 854043047
221750165 497498869
221750165 825725347
221750165 645946193
221750165 716782486
221750165 827077639
221750165 192218704
221750165 823491299
221750165 427011505
221750165 830275523
221750165 549939439
221750165 778016966
221750165 708924631
221750165 517819077
221750165 306542957
221750165 490287677
221750165 609734798
221750165 842364829
221750165 426105768
221750165 739778014
221750165 893206146
221750165 495634743
221750165 8617398
221750165 7683899
221750165 720849908
221750165 374030712
221750165 894384301
221750165 60852219
221750165 863470426
221750165 590370598
221750165 703427596
221750165 387029691
221750165 177769270
221750165 171168410
221750165 681832495
221750165 453990521
221750165 836190925
221750165 149408422
221750165 498068922
221750165 873922083
221750165 825675909
221750165 99927981
221750165 524096215
221750165 637575384
221750165 550276678
221750165 306404180
221750165 614819485
221750165 616595902
221750165 548844890
221750165 320038997
221750165 727156067
221750165 417527558
221750165 702667641
221750165 24050495
221750165 166093818
221750165 751084610
221750165 270157829
221750165 424119430
221750165 410086095
221750165 915829452
221750165 594147397
221750165 227912274
221750165 537594793
221750165 949547867
221750165 91847509
221750165 525701015
221750165 950411338
221750165 61004269
221750165 201030677
221750165 779412796
221750165 923331387
221750165 521019480
221750165 982192461
221750165 770147928
221750165 141732209
221750165 206576759
221750165 920063552
221750165 110379980
221750165 79161801
221750165 398431512
221750165 315041700
221750165 292858398
221750165 198045055
221750165 33899293
221750165 264004435
221750165 189094665
221750165 741773894
221750165 631781823
221750165 431074513
221750165 973828253
221750165 564661946
221750165 587569728
221750165 50103927
221750165 541121332
221750165 514784786
221750165 400887904
221750165 917740923
221750165 696238180
221750165 895019834
221750165 700307267
221750165 605135084
221750165 472983697
221750165 506818921
221750165 831771040
221750165 544682851
221750165 871264218
221750165 961354715
221750165 476332479
221750165 595107557
221750165 667125455
221750165 516103936
221750165 251064265
221750165 595072554
221750165 101905476
221750165 282907403
221750165 425191862
221750165 335387411
221750165 96864655
221750165 595786691
221750165 715330817
221750165 448368463
221750165 405325467
221750165 502352265
221750165 810994579
221750165 558107864
221750165 557557194
221750165 205246056
221750165 861207043
221750165 622050265
221750165 685853590
221750165 704541455
221750165 876959935
221750165 777523249
221750165 902867924
221750165 456186568
221750165 675177609
221750165 410376290
221750165 228505426
221750165 915843713
221750165 225326607
221750165 313246383
221750165 155152793
221750165 543628335
221750165 801251880
221750165 648300028
221750165 849594501
221750165 318101605
221750165 136015547
221750165 775541064
221750165 436466372
221750165 428285263
221750165 5484833
221750165 869668566
221750165 549036357
221750165 109856377
221750165 167368464
221750165 762520665
221750165 94305755
221750165 71288029
221750165 134840435
221750165 818671721
221750165 881740506
221750165 298309802
221750165 584064675
221750165 844185706
221750165 195383504
221750165 665725257
221750165 788310070
221750165 759951903
221750165 532856115
221750165 875740676
221750165 301444690
221750165 505303933
221750165 872621685
221750165 739000649
221750165 216127926
221750165 842541585
221750165 19231652
221750165 399480670
221750165 745478086
221750165 674895951
221750165 554849422
221750165 608983872
221750165 884063532
221750165 422608031
221750165 709880180
221750165 713470429
221750165 398118436
221750165 893426614
221750165 459257365
221750165 866909335
221750165 408333709
221750165 650671773
221750165 766052094
221750165 133332733
221750165 560601297
221750165 347982818
221750165 89135796
221750165 186099683
221750165 416844982
221750165 640211774
221750165 856686040
221750165 350354743
221750165 253202017
221750165 964721299
221750165 624223531
221750165 588147668
221750165 963072737
221750165 419054270
221750165 919174931
221750165 722464094
221750165 718431014
221750165 35612041
221750165 833746795
221750165 53269041
221750165 608453376
221750165 878142661
221750165 15573972
221750165 993704085
221750165 401939243
221750165 822642250
221750165 207587594
221750165 66161783
221750165 618892160
221750165 889728039
221750165 772921525
221750165 293682780
221750165 205062635
221750165 425512345
221750165 9150380
221750165 861633962
221750165 689967180
221750165 147879703
221750165 259485363
221750165 952850439
221750165 319216778
221750165 941567581
221750165 897239739
221750165 206370881
221750165 272462981
221750165 436863771
221750165 135549768
221750165 798471800
221750165 965923600
221750165 951998288
221750165 356352130
221750165 821456974
221750165 358101924
221750165 947302739
221750165 972600904
221750165 790211410
221750165 161860432
221750165 278207285
221750165 192360561
221750165 90154090
221750165 77204017
221750165 924232104
221750165 43437291
221750165 633062543
221750165 413923932
221750165 775695605
221750165 432942527
221750165 833113262
221750165 867753714
221750165 140106283
221750165 693749739
221750165 390527363
221750165 678145320
221750165 13627926
221750165 551772091
221750165 492587179
221750165 81911628
221750165 803694030
221750165 588967862
221750165 916283714
221750165 261908565
221750165 344289634
221750165 163619624
221750165 492824698
221750165 807198694
221750165 408009661
221750165 252609803
221750165 813051657
221750165 767472765
221750165 326567324
221750165 623962199
221750165 633946570
221750165 588405531
221750165 715890596
221750165 949339163
221750165 286165653
221750165 349760374
221750165 172724419
221750165 424833059
221750165 319925421
221750165 219996458
221750165 320564761
221750165 354849707
221750165 68952728
221750165 965551364
221750165 109298774
221750165 656138164
221750165 482298525
221750165 557153346
221750165 795471685
221750165 369703317
221750165 445137482
221750165 912142812
221750165 830453753
221750165 839072966
221750165 492520291
221750165 158601834
221750165 337392103
221750165 216203215
221750165 966284951
221750165 43149036
221750165 142955323
221750165 606683593
221750165 830118539
221750165 161838212
221750165 110937074
221750165 74879830
221750165 165106336
221750165 383872055
221750165 973959308
221750165 223143312
221750165 666920580
221750165 654296865
221750165 613569767
221750165 248141936
221750165 423985491
221750165 943516144
221750165 548667954
221750165 826527248
221750165 639705476
221750165 66334404
221750165 232572161
221750165 408463460
221750165 271826230
221750165 699393313
221750165 248773042
221750165 153604286
221750165 141303300
221750165 465983406
221750165 258636653
221750165 222214467
221750165 894259891
221750165 720269041
221750165 313507712
221750165 665886043
221750165 650529468
221750165 419556855
221750165 189970603
221750165 375715257
221750165 41818566
221750165 715931361
221750165 379750214
221750165 164852612
221750165 46010671
221750165 751294939
221750165 701687362
221750165 662956367
221750165 286641410
221750165 400486806
221750165 1468934
221750165 737499930
221750165 253843067
221750165 477518333
221750165 398037153
221750165 677729539
221750165 264008486
221750165 883796783
221750165 893372271
221750165 998223047
221750165 669342534
221750165 311792427
221750165 225618397
221750165 200205843
221750165 323168209
221750165 828232474
221750165 90776551
221750165 262204075
221750165 908656675
221750165 412267818
221750165 19527756
221750165 390405359
221750165 421741983
221750165 955947551
221750165 923596613
221750165 693262983
221750165 557314052
221750165 901614777
221750165 604306498
221750165 753074922
221750165 200197108
221750165 429866370
221750165 423926594
221750165 754290223
221750165 595788165
221750165 354230146
221750165 549409979
221750165 685602778
221750165 831096134
221750165 509015638
221750165 61663697
221750165 142832413
221750165 471324937
221750165 143666922
221750165 141489318
221750165 704669675
221750165 61254059
221750165 755964183
221750165 448793492
221750165 886708693
221750165 233837212
221750165 720834724
221750165 569303028
221750165 742115027
221750165 358433834
221750165 610858958
221750165 326344464
221750165 63932291
221750165 237568104
221750165 178489270
221750165 392794839
221750165 703839157
221750165 306355654
221750165 869721914
221750165 793427769
221750165 503743814
221750165 818359404
221750165 42541266
221750165 655078201
221750165 783818154
221750165 90734264
221750165 242824078
221750165 277157696
221750165 280682955
221750165 502794406
221750165 629955036
221750165 83303896
221750165 139105176
221750165 909706133
221750165 646150343
221750165 275421362
221750165 133773432
221750165 146332152
221750165 616685726
221750165 954435498
221750165 320381783
221750165 517716879
221750165 374667796
221750165 709554293
221750165 450727760
221750165 769028407
221750165 805801079
221750165 199359961
221750165 100174194
221750165 487228621
221750165 497437307
221750165 601403908
221750165 910460074
221750165 861980188
221750165 594633165
221750165 935051321
221750165 210433936
221750165 970048249
221750165 827241633
221750165 471094285
221750165 182042522
221750165 563837382
221750165 721109796
221750165 423501992
221750165 359780880
221750165 115257846
221750165 894042494
221750165 139829053
221750165 764126180
221750165 899023798
221750165 808848584
221750165 327299153
221750165 252137185
221750165 16371916
221750165 836279148
221750165 763080702
221750165 221707564
221750165 50919786
221750165 484962043
221750165 694371289
221750165 523801312
221750165 422049885
221750165 324276345
221750165 166357713
221750165 436479020
221750165 661373986
221750165 316431103
221750165 711780310
221750165 169403231
221750165 966319374
221750165 887962380
221750165 427041071
221750165 469452595
221750165 544629244
221750165 239520167
221750165 283371462
221750165 41353221
221750165 591775525
221750165 86341635
221750165 994338883
221750165 744518231
221750165 527444671
221750165 463402179
221750165 23663939
221750165 924957079
221750165 363346904
221750165 871311047
221750165 965241438
221750165 730692170
221750165 348732460
221750165 214591829
221750165 976898196
221750165 565693935
221750165 666317964
221750165 709011733
221750165 494574411
221750165 565869546
221750165 751421537
221750165 211204103
221750165 829754243
221750165 502685743
221750165 669453391
221750165 611635722
221750165 523721786
221750165 848774319
221750165 264221706
221750165 888075047
221750165 197862533
221750165 410705518
221750165 330662046
221750165 519868584
221750165 628926578
221750165 491312732
221750165 696675701
221750165 37951665
221750165 490518353
221750165 367229568
221750165 103591796
221750165 766466200
221750165 596754681
221750165 399041999
221750165 88020791
221750165 940989660
221750165 806032226
221750165 953199171
221750165 968290041
221750165 277165454
221750165 454972518
221750165 85657783
221750165 118555953
221750165 241990565
221750165 690732067
221750165 683290611
221750165 996658402
221750165 469564087
221750165 239908755
221750165 385573623
221750165 839191359
221750165 504270040
221750165 586990793
221750165 810266890
221750165 830144100
221750165 613163004
221750165 678798475
221750165 112506819
221750165 777176992
221750165 238261646
221750165 863590541
221750165 949958764
221750165 733185626
221750165 806948064
221750165 802036947
221750165 63134630
221750165 294054671
221750165 413318931
221750165 127982035
221750165 509406864
221750165 945039157
221750165 394938478
221750165 696536676
221750165 663871926
221750165 381493273
221750165 76466738
221750165 269325979
221750165 465769671
221750165 775371819
221750165 86376584
221750165 995084994
221750165 829254026
221750165 455710734
221750165 556665079
221750165 595549894
221750165 911780668
221750165 743518549
221750165 759287599
221750165 697828600
221750165 127237346
221750165 127033681
221750165 774000866
221750165 904158387
221750165 998695389
221750165 668463131
221750165 719782725
221750165 578100678
221750165 389518594
221750165 120458143
221750165 537521446
221750165 858483237
221750165 621473018
221750165 611600524
221750165 920560642
221750165 132928530
221750165 514159916
221750165 349150614
221750165 322211383
221750165 725279849
221750165 349620364
221750165 967748238
221750165 60330069
221750165 935870408
221750165 607816413
221750165 727572931
221750165 76597078
221750165 967530556
221750165 961233564
221750165 914228461
221750165 899997552
221750165 304561955
221750165 510150942
221750165 611273173
221750165 942412657
221750165 978965483
221750165 680151235
221750165 245749502
221750165 566708435
221750165 811184158
221750165 254628331
221750165 32495396
221750165 361840167
221750165 376217651
221750165 97729095
221750165 236503453
221750165 183105345
221750165 833658222
221750165 847268080
221750165 462168781
221750165 560605666
221750165 570295932
221750165 396621142
221750165 215007318
221750165 115723587
221750165 56553219
221750165 33933026
221750165 740481256
221750165 270093412
221750165 784220132
221750165 631322381
221750165 545517673
221750165 660841899
221750165 154500030
221750165 539828231
221750165 676969055
221750165 537270924
221750165 749529066
221750165 233423683
221750165 320404352
221750165 857346943
221750165 125242084
221750165 631530745
221750165 822911067
221750165 353279970
221750165 667993043
221750165 153402573
221750165 752371635
221750165 272171117
221750165 80899348
221750165 403859687
221750165 564104676
221750165 594051041
221750165 901289377
221750165 50874030
221750165 823955146
221750165 268052591
221750165 269977696
221750165 678567232
221750165 792008513
221750165 701579300
221750165 931759706
221750165 484445655
221750165 334952009
221750165 719671760
221750165 607792214
221750165 600933760
221750165 261126159
221750165 849361691
221750165 755372427
221750165 756343274
221750165 423912814
221750165 636381868
221750165 223084088
221750165 190123038
221750165 593988090
221750165 590688802
221750165 988760331
221750165 598588860
221750165 716214872
221750165 66101050
221750165 761373820
221750165 888701284
221750165 619625227
221750165 84171205
221750165 625271252
221750165 166374275
221750165 762957530
221750165 457303258
221750165 956686369
221750165 481825836
221750165 982540161
221750165 713654777
221750165 724853620
221750165 860265850
221750165 785562162
221750165 991497743
221750165 170616852
221750165 245173793
221750165 803928801
221750165 702081546
221750165 165756471
221750165 628331255
221750165 940601484
221750165 142688592
221750165 766083037
221750165 739480938
221750165 214070632
221750165 832091285
221750165 970737512
221750165 226456424
221750165 195744394
221750165 622661859
221750165 983202277
221750165 173791443
221750165 558601944
221750165 1985644
221750165 988494812
221750165 605748219
221750165 180648067
221750165 218562650
221750165 557544461
221750165 926271975
221750165 942616153
221750165 395969074
221750165 990949161
221750165 192438333
221750165 75250866
221750165 465528032
221750165 589422201
221750165 222373043
221750165 486292308
221750165 352237657
221750165 242694529
221750165 509637357
221750165 373289254
221750165 744039600
221750165 24857412
221750165 947573687
221750165 979378507
221750165 487283077
221750165 776306702
221750165 269666839
221750165 982434153
221750165 684665606
221750165 165324821
221750165 677796892
221750165 337265598
221750165 262135738
221750165 714541757
221750165 661134951
221750165 222588771
221750165 164123286
221750165 546255788
221750165 848646090
221750165 942272916
221750165 419748194
221750165 437118387
221750165 590586562
221750165 209121425
221750165 461925869
221750165 804747110
221750165 757312092
221750165 9890263
221750165 674807668
221750165 301439796
221750165 917385518
221750165 988279184
221750165 230326895
221750165 314638571
221750165 62971488
221750165 743331571
221750165 545536526
221750165 638665300
221750165 737558920
221750165 44899538
221750165 625832214
221750165 837024570
221750165 820653640
221750165 296730921
221750165 728065486
221750165 87882752
221750165 851530253
221750165 84142770
221750165 876362004
221750165 486988902
221750165 536206099
221750165 99788065
221750165 358793832
221750165 131246353
221750165 320630172
221750165 849060367
221750165 939473235
221750165 897957161
221750165 148555295
221750165 619826077
221750165 761554261
221750165 926517826
221750165 568906248
221750165 777813396
221750165 841649387
221750165 568177769
221750165 640546646
221750165 538996142
221750165 133022068
221750165 983272726
221750165 103541704
221750165 256296268
221750165 350754041
221750165 182112009
221750165 758916766
221750165 765560724
221750165 57807569
221750165 191423889
221750165 1184637
221750165 390093627
221750165 415270411
221750165 875155138
221750165 604054893
221750165 14926540
221750165 724278087
221750165 274971794
221750165 610391743
221750165 775075345
221750165 465544332
221750165 645981578
221750165 35566520
221750165 600882740
221750165 717677574
221750165 40662358
221750165 666986738
221750165 940996017
221750165 36038376
221750165 845351811
221750165 186441381
221750165 191112637
221750165 617231954
221750165 46273003
221750165 224189321
221750165 457374801
221750165 573762494
221750165 5256414
221750165 535189768
221750165 431169506
221750165 333471692
221750165 574362114
221750165 387772185
221750165 970089712
221750165 88237100
221750165 158218212
221750165 458241163
221750165 836760582
221750165 850493701
221750165 570244198
221750165 908164267
221750165 342194261
221750165 189764990
221750165 891222820
221750165 270708089
221750165 138066838
221750165 219976958
221750165 754154906
221750165 615905722
221750165 390579869
221750165 531126861
221750165 462082586
221750165 725307814
221750165 151434093
221750165 596044279
221750165 636148673
221750165 206410711
221750165 262067203
221750165 824473458
221750165 903702560
221750165 380350519
221750165 300146063
221750165 590203233
221750165 537956945
221750165 881973332
221750165 547613075
221750165 824337362
221750165 735958185
221750165 371308779
221750165 480070034
221750165 696933899
221750165 596620704
221750165 700755205
221750165 715215205
221750165 353555578
221750165 66987279
221750165 960881258
221750165 28778420
221750165 944644650
221750165 624883265
221750165 448743090
221750165 575479990
221750165 571727526
221750165 903285998
221750165 472507146
221750165 220664326
221750165 14584883
221750165 758654773
221750165 299468487
221750165 838126254
221750165 943786716
221750165 475435039
221750165 403728819
221750165 122972149
221750165 667633979
221750165 594918154
221750165 104152994
221750165 109353032
221750165 902586122
221750165 149102763
221750165 740204679
221750165 953907052
221750165 880472217
221750165 971280897
221750165 23305973
221750165 812731788
221750165 602798237
221750165 471861022
221750165 953222610
221750165 131976232
221750165 938586938
221750165 849669003
221750165 839591755
221750165 313684176
221750165 60930883
221750165 72368157
221750165 329724379
221750165 944701026
221750165 369449684
221750165 931634677
221750165 78737481
221750165 17628520
221750165 312191163
221750165 494563449
221750165 460450326
221750165 302562003
221750165 488127720
221750165 118593632
221750165 461586021
221750165 927443551
221750165 888649671
221750165 773504481
221750165 561318819
221750165 605024843
221750165 259795465
221750165 931982156
221750165 145140307
221750165 399628851
221750165 68777112
221750165 498719477
221750165 317617183
221750165 64314875
221750165 476295407
221750165 510834938
221750165 27107013
221750165 187260331
221750165 424730826
221750165 951106642
221750165 414258774
221750165 562872223
221750165 184826146
221750165 908898981
221750165 740369440
221750165 45169413
221750165 442392936
221750165 729962587
221750165 459987188
221750165 925914213
221750165 837408263
221750165 248524335
221750165 315617940
221750165 941467241
221750165 802804679
221750165 533933212
221750165 44664598
221750165 479892941
221750165 261091716
221750165 849707591
221750165 27237333
221750165 942702847
221750165 966832480
221750165 615138142
221750165 149665764
221750165 780566467
221750165 795268975
221750165 66282608
221750165 991789409
221750165 653583906
221750165 458894255
221750165 945717400
221750165 470159924
221750165 171496162
221750165 372767032
221750165 758368129
221750165 660057544
221750165 552190067
221750165 642881254
221750165 304935517
221750165 557044621
221750165 382111475
221750165 922812569
221750165 43596254
221750165 885810034
221750165 930713254
221750165 416904403
221750165 791951957
221750165 13288771
221750165 883062496
221750165 59927323
221750165 881995904
221750165 953299522
221750165 335994328
221750165 722571052
221750165 165348626
221750165 212303911
221750165 701456258
221750165 451183935
221750165 943146498
221750165 534131972
221750165 963367899
221750165 306590434
221750165 304495977
221750165 426350777
221750165 217284200
221750165 690812689
221750165 240316992
221750165 507747737
221750165 310263287
221750165 494543851
221750165 683222999
221750165 209023124
221750165 54966625
221750165 20909407
221750165 142957826
221750165 694125530
221750165 431807396
221750165 598869455
221750165 72790835
221750165 922474314
221750165 326652601
221750165 287918720
221750165 229834331
221750165 577439494
221750165 45749398
221750165 139790317
221750165 545196771
221750165 214030741
221750165 228338435
221750165 390916180
221750165 374043772
221750165 971190841
221750165 776183442
221750165 427715842
221750165 916500329
221750165 285194638
221750165 470390963
221750165 494983071
221750165 823956973
221750165 537845268
221750165 99002944
221750165 748123333
221750165 654269638
221750165 267613405
221750165 960526996
221750165 678759114
221750165 872675886
221750165 230972665
221750165 567494382
221750165 532773057
221750165 931764336
221750165 680542009
221750165 934927765
221750165 629153286
221750165 56734627
221750165 998643863
221750165 228016402
221750165 574872031
221750165 411039712
221750165 826626361
221750165 853966218
221750165 456546066
221750165 292911045
221750165 503755142
221750165 35411282
221750165 6892429
221750165 489221070
221750165 200482520
221750165 898468325
221750165 654876852
221750165 344135757
221750165 615646392
221750165 987172109
221750165 613481284
221750165 53648036
221750165 201801290
221750165 486768413
221750165 387859853
221750165 523340269
221750165 669220989
221750165 857615620
221750165 531732448
221750165 746286933
221750165 526698750
221750165 441781363
221750165 96186668
221750165 887672002
221750165 461885877
221750165 214133831
221750165 769660116
221750165 844210811
221750165 957487237
221750165 470476077
221750165 914142015
221750165 785030034
221750165 689275529
221750165 536412018
221750165 862403316
221750165 850402897
221750165 320243876
221750165 32299809
221750165 922507223
221750165 91818601
221750165 451011209
221750165 300737631
221750165 706426652
221750165 117298170
221750165 597074089
221750165 295358521
221750165 892086563
221750165 115623171
221750165 851251958
221750165 567638335
221750165 702574077
221750165 780216825
221750165 831459585
221750165 956605497
221750165 453544350
221750165 976606195
221750165 660710361
221750165 881893941
221750165 729870182
221750165 35223952
221750165 319430509
221750165 104340116
221750165 893307323
221750165 348030545
221750165 566259486
221750165 269005686
221750165 838443079
221750165 714900253
221750165 505767177
221750165 882701761
221750165 186045488
221750165 23777183
221750165 354483207
221750165 345746153
221750165 741659969
221750165 582914438
221750165 557508490
221750165 339338131
221750165 998581561
221750165 703206145
221750165 896795537
221750165 703896577
221750165 579976845
221750165 361600908
221750165 240234276
221750165 543601443
221750165 726403208
221750165 847111068
221750165 91740847
221750165 315494764
221750165 783497195
221750165 129250305
221750165 402040198
221750165 892888643
221750165 767040967
221750165 861875541
221750165 502809494
221750165 341620317
221750165 116371508
221750165 747276447
221750165 696889229
221750165 30394568
221750165 419312858
221750165 480680666
221750165 583694006
221750165 107344650
221750165 841282306
221750165 428395703
221750165 784847823
221750165 529284855
221750165 591331573
221750165 692777770
221750165 299679802
221750165 794760309
221750165 95894622
221750165 86315912
221750165 874389866
221750165 322568185
221750165 900407085
221750165 6070584
221750165 835709628
221750165 297601583
221750165 308066264
221750165 843059349
221750165 824271261
221750165 244106030
221750165 993934369
221750165 458392161
221750165 553487171
221750165 566444932
221750165 239486364
221750165 908813840
221750165 752856221
221750165 565437039
221750165 601509921
221750165 303101292
221750165 624839496
221750165 8021577
221750165 826154860
221750165 988913220
221750165 729790470
221750165 582558101
221750165 996498975
221750165 911821943
221750165 704828229
221750165 997843990
221750165 692984883
221750165 431884364
221750165 616480200
221750165 390303920
221750165 765257836
221750165 672249368
221750165 661912479
