2813
724 367318173
913 367318173
242 367318173
78 367318173
328 367318173
251 367318173
377 367318173
718 367318173
503 367318173
378 367318173
260 367318173
409 367318173
711 367318173
232 367318173
751 367318173
591 367318173
896 367318173
519 367318173
775 367318173
424 367318173
766 367318173
98 367318173
739 367318173
571 367318173
581 367318173
636 367318173
512 367318173
834 367318173
243 367318173
156 367318173
460 367318173
827 367318173
604 367318173
95 367318173
671 367318173
334 367318173
504 367318173
561 367318173
336 367318173
383 367318173
862 367318173
938 367318173
585 367318173
63 367318173
841 367318173
247 367318173
968 367318173
126 367318173
523 367318173
837 367318173
402 367318173
497 367318173
837 367318173
926 367318173
468 367318173
178 367318173
649 367318173
476 367318173
812 367318173
582 367318173
445 367318173
440 367318173
867 367318173
767 367318173
283 367318173
577 367318173
240 367318173
795 367318173
279 367318173
49 367318173
613 367318173
957 367318173
295 367318173
386 367318173
435 367318173
411 367318173
863 367318173
514 367318173
95 367318173
763 367318173
395 367318173
206 367318173
191 367318173
486 367318173
489 367318173
620 367318173
435 367318173
616 367318173
798 367318173
448 367318173
138 367318173
58 367318173
561 367318173
17 367318173
602 367318173
228 367318173
29 367318173
460 367318173
477 367318173
792 367318173
746 367318173
855 367318173
654 367318173
725 367318173
741 367318173
777 367318173
492 367318173
772 367318173
329 367318173
440 367318173
257 367318173
221 367318173
263 367318173
573 367318173
655 367318173
36 367318173
778 367318173
910 367318173
674 367318173
583 367318173
503 367318173
756 367318173
849 367318173
13 367318173
61 367318173
540 367318173
716 367318173
534 367318173
211 367318173
546 367318173
205 367318173
664 367318173
743 367318173
402 367318173
252 367318173
118 367318173
16 367318173
795 367318173
982 367318173
958 367318173
625 367318173
251 367318173
775 367318173
548 367318173
318 367318173
977 367318173
514 367318173
202 367318173
971 367318173
254 367318173
215 367318173
959 367318173
238 367318173
983 367318173
907 367318173
108 367318173
974 367318173
543 367318173
26 367318173
665 367318173
172 367318173
965 367318173
38 367318173
173 367318173
94 367318173
479 367318173
760 367318173
325 367318173
786 367318173
135 367318173
517 367318173
80 367318173
355 367318173
186 367318173
158 367318173
683 367318173
857 367318173
259 367318173
841 367318173
250 367318173
487 367318173
759 367318173
479 367318173
398 367318173
43 367318173
455 367318173
43 367318173
570 367318173
452 367318173
452 367318173
606 367318173
293 367318173
707 367318173
448 367318173
500 367318173
226 367318173
776 367318173
212 367318173
650 367318173
974 367318173
455 367318173
160 367318173
391 367318173
532 367318173
400 367318173
455 367318173
62 367318173
249 367318173
624 367318173
122 367318173
681 367318173
97 367318173
202 367318173
960 367318173
861 367318173
284 367318173
367 367318173
262 367318173
981 367318173
859 367318173
36 367318173
346 367318173
211 367318173
865 367318173
492 367318173
830 367318173
124 367318173
20 367318173
338 367318173
927 367318173
79 367318173
710 367318173
702 367318173
846 367318173
494 367318173
809 367318173
838 367318173
799 367318173
641 367318173
822 367318173
301 367318173
867 367318173
992 367318173
337 367318173
548 367318173
535 367318173
356 367318173
808 367318173
516 367318173
667 367318173
753 367318173
997 367318173
438 367318173
41 367318173
942 367318173
924 367318173
182 367318173
573 367318173
97 367318173
284 367318173
792 367318173
842 367318173
445 367318173
959 367318173
976 367318173
35 367318173
267 367318173
46 367318173
682 367318173
42 367318173
640 367318173
759 367318173
478 367318173
636 367318173
448 367318173
582 367318173
100 367318173
131 367318173
877 367318173
868 367318173
484 367318173
182 367318173
818 367318173
683 367318173
753 367318173
838 367318173
422 367318173
629 367318173
391 367318173
861 367318173
831 367318173
407 367318173
693 367318173
308 367318173
92 367318173
104 367318173
31 367318173
878 367318173
453 367318173
490 367318173
610 367318173
321 367318173
707 367318173
396 367318173
1000 367318173
814 367318173
669 367318173
236 367318173
977 367318173
24 367318173
83 367318173
534 367318173
212 367318173
17 367318173
741 367318173
384 367318173
502 367318173
794 367318173
673 367318173
546 367318173
990 367318173
815 367318173
919 367318173
581 367318173
571 367318173
678 367318173
451 367318173
608 367318173
809 367318173
682 367318173
360 367318173
298 367318173
89 367318173
733 367318173
705 367318173
456 367318173
691 367318173
242 367318173
353 367318173
23 367318173
975 367318173
548 367318173
916 367318173
566 367318173
212 367318173
320 367318173
247 367318173
220 367318173
257 367318173
817 367318173
299 367318173
272 367318173
509 367318173
369 367318173
56 367318173
211 367318173
375 367318173
918 367318173
367 367318173
276 367318173
125 367318173
149 367318173
277 367318173
661 367318173
719 367318173
149 367318173
268 367318173
593 367318173
614 367318173
167 367318173
353 367318173
481 367318173
578 367318173
277 367318173
182 367318173
380 367318173
702 367318173
928 367318173
739 367318173
624 367318173
851 367318173
143 367318173
758 367318173
625 367318173
94 367318173
112 367318173
728 367318173
224 367318173
672 367318173
635 367318173
733 367318173
285 367318173
947 367318173
735 367318173
772 367318173
490 367318173
554 367318173
78 367318173
357 367318173
892 367318173
479 367318173
350 367318173
289 367318173
364 367318173
391 367318173
754 367318173
937 367318173
852 367318173
883 367318173
907 367318173
104 367318173
614 367318173
831 367318173
100 367318173
708 367318173
968 367318173
143 367318173
668 367318173
664 367318173
543 367318173
624 367318173
467 367318173
592 367318173
313 367318173
917 367318173
786 367318173
645 367318173
289 367318173
256 367318173
410 367318173
633 367318173
985 367318173
986 367318173
289 367318173
696 367318173
400 367318173
693 367318173
952 367318173
187 367318173
46 367318173
394 367318173
849 367318173
554 367318173
380 367318173
604 367318173
575 367318173
5 367318173
224 367318173
61 367318173
620 367318173
241 367318173
16 367318173
233 367318173
743 367318173
62 367318173
112 367318173
627 367318173
841 367318173
345 367318173
392 367318173
60 367318173
88 367318173
109 367318173
300 367318173
993 367318173
859 367318173
108 367318173
750 367318173
61 367318173
462 367318173
361 367318173
756 367318173
433 367318173
885 367318173
913 367318173
449 367318173
923 367318173
192 367318173
169 367318173
187 367318173
576 367318173
1 367318173
171 367318173
57 367318173
156 367318173
285 367318173
709 367318173
122 367318173
500 367318173
399 367318173
603 367318173
375 367318173
756 367318173
518 367318173
699 367318173
888 367318173
550 367318173
513 367318173
651 367318173
28 367318173
540 367318173
739 367318173
791 367318173
137 367318173
200 367318173
502 367318173
35 367318173
626 367318173
223 367318173
385 367318173
44 367318173
161 367318173
855 367318173
867 367318173
919 367318173
943 367318173
998 367318173
496 367318173
148 367318173
97 367318173
722 367318173
873 367318173
623 367318173
724 367318173
623 367318173
246 367318173
341 367318173
455 367318173
332 367318173
497 367318173
147 367318173
856 367318173
630 367318173
595 367318173
224 367318173
579 367318173
316 367318173
769 367318173
459 367318173
415 367318173
426 367318173
350 367318173
639 367318173
731 367318173
684 367318173
698 367318173
293 367318173
574 367318173
754 367318173
913 367318173
95 367318173
80 367318173
296 367318173
941 367318173
556 367318173
785 367318173
549 367318173
249 367318173
477 367318173
223 367318173
960 367318173
716 367318173
49 367318173
436 367318173
810 367318173
252 367318173
676 367318173
553 367318173
434 367318173
92 367318173
384 367318173
766 367318173
933 367318173
996 367318173
794 367318173
801 367318173
215 367318173
98 367318173
578 367318173
294 367318173
200 367318173
39 367318173
516 367318173
362 367318173
519 367318173
57 367318173
814 367318173
298 367318173
998 367318173
681 367318173
346 367318173
591 367318173
608 367318173
715 367318173
181 367318173
645 367318173
231 367318173
719 367318173
13 367318173
329 367318173
781 367318173
62 367318173
398 367318173
962 367318173
898 367318173
323 367318173
36 367318173
56 367318173
874 367318173
673 367318173
716 367318173
765 367318173
852 367318173
911 367318173
341 367318173
768 367318173
676 367318173
397 367318173
575 367318173
135 367318173
443 367318173
926 367318173
362 367318173
462 367318173
353 367318173
247 367318173
488 367318173
157 367318173
699 367318173
856 367318173
914 367318173
103 367318173
515 367318173
305 367318173
789 367318173
11 367318173
708 367318173
797 367318173
182 367318173
975 367318173
69 367318173
49 367318173
518 367318173
268 367318173
928 367318173
70 367318173
694 367318173
204 367318173
292 367318173
465 367318173
285 367318173
402 367318173
417 367318173
154 367318173
24 367318173
276 367318173
137 367318173
819 367318173
6 367318173
848 367318173
328 367318173
166 367318173
51 367318173
960 367318173
54 367318173
990 367318173
68 367318173
308 367318173
451 367318173
433 367318173
770 367318173
866 367318173
117 367318173
654 367318173
718 367318173
375 367318173
309 367318173
483 367318173
672 367318173
409 367318173
486 367318173
843 367318173
331 367318173
354 367318173
903 367318173
208 367318173
370 367318173
641 367318173
445 367318173
567 367318173
516 367318173
378 367318173
24 367318173
481 367318173
51 367318173
316 367318173
996 367318173
182 367318173
285 367318173
268 367318173
57 367318173
121 367318173
436 367318173
527 367318173
643 367318173
556 367318173
581 367318173
250 367318173
392 367318173
417 367318173
928 367318173
729 367318173
206 367318173
497 367318173
727 367318173
109 367318173
197 367318173
732 367318173
956 367318173
626 367318173
371 367318173
175 367318173
510 367318173
207 367318173
571 367318173
618 367318173
229 367318173
837 367318173
638 367318173
750 367318173
294 367318173
950 367318173
736 367318173
109 367318173
497 367318173
278 367318173
485 367318173
271 367318173
712 367318173
161 367318173
657 367318173
455 367318173
614 367318173
132 367318173
626 367318173
275 367318173
76 367318173
644 367318173
880 367318173
950 367318173
684 367318173
614 367318173
17 367318173
244 367318173
758 367318173
550 367318173
679 367318173
151 367318173
590 367318173
491 367318173
783 367318173
739 367318173
795 367318173
747 367318173
720 367318173
952 367318173
344 367318173
815 367318173
76 367318173
312 367318173
343 367318173
817 367318173
992 367318173
894 367318173
865 367318173
831 367318173
263 367318173
6 367318173
921 367318173
659 367318173
431 367318173
648 367318173
667 367318173
838 367318173
789 367318173
509 367318173
787 367318173
412 367318173
323 367318173
680 367318173
559 367318173
764 367318173
322 367318173
534 367318173
662 367318173
436 367318173
62 367318173
926 367318173
394 367318173
98 367318173
131 367318173
116 367318173
882 367318173
192 367318173
618 367318173
696 367318173
749 367318173
183 367318173
555 367318173
770 367318173
689 367318173
680 367318173
816 367318173
577 367318173
109 367318173
541 367318173
484 367318173
623 367318173
758 367318173
419 367318173
1 367318173
135 367318173
323 367318173
77 367318173
692 367318173
964 367318173
895 367318173
597 367318173
931 367318173
480 367318173
723 367318173
389 367318173
521 367318173
922 367318173
517 367318173
843 367318173
270 367318173
903 367318173
32 367318173
998 367318173
252 367318173
85 367318173
34 367318173
488 367318173
539 367318173
114 367318173
999 367318173
834 367318173
981 367318173
153 367318173
307 367318173
3 367318173
779 367318173
24 367318173
508 367318173
916 367318173
342 367318173
395 367318173
674 367318173
573 367318173
892 367318173
318 367318173
589 367318173
323 367318173
359 367318173
428 367318173
846 367318173
30 367318173
506 367318173
411 367318173
693 367318173
386 367318173
812 367318173
223 367318173
210 367318173
370 367318173
722 367318173
940 367318173
974 367318173
324 367318173
272 367318173
494 367318173
589 367318173
320 367318173
473 367318173
145 367318173
623 367318173
693 367318173
41 367318173
423 367318173
29 367318173
917 367318173
969 367318173
170 367318173
753 367318173
825 367318173
533 367318173
852 367318173
270 367318173
806 367318173
76 367318173
282 367318173
116 367318173
277 367318173
922 367318173
401 367318173
408 367318173
790 367318173
749 367318173
748 367318173
155 367318173
544 367318173
374 367318173
621 367318173
766 367318173
849 367318173
590 367318173
491 367318173
234 367318173
413 367318173
115 367318173
933 367318173
958 367318173
1 367318173
140 367318173
367 367318173
747 367318173
671 367318173
744 367318173
906 367318173
763 367318173
643 367318173
994 367318173
34 367318173
523 367318173
97 367318173
572 367318173
535 367318173
73 367318173
401 367318173
32 367318173
255 367318173
352 367318173
541 367318173
582 367318173
188 367318173
533 367318173
295 367318173
290 367318173
966 367318173
511 367318173
900 367318173
524 367318173
647 367318173
973 367318173
752 367318173
343 367318173
106 367318173
822 367318173
344 367318173
381 367318173
864 367318173
476 367318173
97 367318173
500 367318173
360 367318173
140 367318173
491 367318173
518 367318173
170 367318173
536 367318173
488 367318173
259 367318173
762 367318173
786 367318173
306 367318173
475 367318173
899 367318173
892 367318173
482 367318173
989 367318173
232 367318173
51 367318173
80 367318173
467 367318173
30 367318173
760 367318173
516 367318173
652 367318173
370 367318173
679 367318173
752 367318173
303 367318173
578 367318173
753 367318173
86 367318173
884 367318173
825 367318173
751 367318173
354 367318173
476 367318173
194 367318173
787 367318173
508 367318173
331 367318173
747 367318173
11 367318173
269 367318173
955 367318173
464 367318173
860 367318173
663 367318173
303 367318173
624 367318173
251 367318173
115 367318173
527 367318173
394 367318173
93 367318173
322 367318173
720 367318173
972 367318173
963 367318173
275 367318173
64 367318173
528 367318173
582 367318173
635 367318173
660 367318173
466 367318173
500 367318173
770 367318173
132 367318173
369 367318173
575 367318173
740 367318173
563 367318173
630 367318173
671 367318173
193 367318173
195 367318173
325 367318173
183 367318173
573 367318173
179 367318173
844 367318173
692 367318173
348 367318173
306 367318173
320 367318173
55 367318173
827 367318173
388 367318173
627 367318173
65 367318173
921 367318173
379 367318173
151 367318173
899 367318173
150 367318173
930 367318173
174 367318173
36 367318173
246 367318173
968 367318173
215 367318173
131 367318173
277 367318173
218 367318173
352 367318173
135 367318173
424 367318173
195 367318173
828 367318173
566 367318173
310 367318173
448 367318173
696 367318173
69 367318173
762 367318173
403 367318173
81 367318173
594 367318173
562 367318173
455 367318173
556 367318173
452 367318173
465 367318173
546 367318173
94 367318173
295 367318173
957 367318173
873 367318173
429 367318173
557 367318173
354 367318173
36 367318173
283 367318173
903 367318173
439 367318173
29 367318173
811 367318173
903 367318173
976 367318173
927 367318173
777 367318173
781 367318173
727 367318173
441 367318173
485 367318173
366 367318173
144 367318173
47 367318173
916 367318173
671 367318173
835 367318173
396 367318173
187 367318173
302 367318173
685 367318173
173 367318173
118 367318173
329 367318173
274 367318173
501 367318173
115 367318173
934 367318173
81 367318173
709 367318173
654 367318173
221 367318173
78 367318173
304 367318173
928 367318173
89 367318173
994 367318173
563 367318173
485 367318173
724 367318173
982 367318173
508 367318173
404 367318173
720 367318173
597 367318173
723 367318173
669 367318173
71 367318173
685 367318173
486 367318173
982 367318173
991 367318173
206 367318173
66 367318173
283 367318173
315 367318173
870 367318173
602 367318173
75 367318173
78 367318173
436 367318173
331 367318173
841 367318173
315 367318173
470 367318173
372 367318173
885 367318173
372 367318173
996 367318173
751 367318173
68 367318173
811 367318173
578 367318173
379 367318173
748 367318173
322 367318173
30 367318173
737 367318173
104 367318173
838 367318173
67 367318173
246 367318173
588 367318173
287 367318173
782 367318173
200 367318173
740 367318173
918 367318173
780 367318173
148 367318173
939 367318173
789 367318173
694 367318173
921 367318173
620 367318173
779 367318173
128 367318173
49 367318173
49 367318173
861 367318173
194 367318173
111 367318173
247 367318173
595 367318173
768 367318173
148 367318173
683 367318173
425 367318173
732 367318173
352 367318173
79 367318173
799 367318173
452 367318173
579 367318173
676 367318173
888 367318173
669 367318173
447 367318173
374 367318173
617 367318173
87 367318173
191 367318173
681 367318173
33 367318173
926 367318173
123 367318173
146 367318173
811 367318173
19 367318173
704 367318173
115 367318173
340 367318173
655 367318173
964 367318173
700 367318173
540 367318173
575 367318173
141 367318173
496 367318173
499 367318173
185 367318173
201 367318173
701 367318173
927 367318173
928 367318173
737 367318173
616 367318173
485 367318173
898 367318173
623 367318173
376 367318173
27 367318173
804 367318173
424 367318173
684 367318173
485 367318173
165 367318173
726 367318173
703 367318173
413 367318173
97 367318173
400 367318173
148 367318173
418 367318173
524 367318173
427 367318173
430 367318173
760 367318173
576 367318173
527 367318173
206 367318173
948 367318173
695 367318173
898 367318173
580 367318173
673 367318173
75 367318173
254 367318173
666 367318173
243 367318173
489 367318173
913 367318173
901 367318173
775 367318173
658 367318173
251 367318173
587 367318173
708 367318173
54 367318173
87 367318173
68 367318173
900 367318173
103 367318173
938 367318173
121 367318173
145 367318173
355 367318173
892 367318173
394 367318173
709 367318173
10 367318173
12 367318173
490 367318173
122 367318173
582 367318173
314 367318173
836 367318173
498 367318173
192 367318173
865 367318173
645 367318173
458 367318173
584 367318173
367 367318173
418 367318173
189 367318173
212 367318173
687 367318173
434 367318173
337 367318173
134 367318173
495 367318173
242 367318173
809 367318173
246 367318173
495 367318173
390 367318173
103 367318173
745 367318173
935 367318173
463 367318173
598 367318173
629 367318173
791 367318173
778 367318173
379 367318173
914 367318173
887 367318173
325 367318173
375 367318173
996 367318173
891 367318173
84 367318173
336 367318173
125 367318173
994 367318173
763 367318173
827 367318173
416 367318173
424 367318173
151 367318173
707 367318173
703 367318173
65 367318173
576 367318173
40 367318173
205 367318173
198 367318173
836 367318173
129 367318173
905 367318173
274 367318173
569 367318173
317 367318173
566 367318173
22 367318173
741 367318173
277 367318173
953 367318173
515 367318173
524 367318173
636 367318173
604 367318173
356 367318173
514 367318173
870 367318173
523 367318173
229 367318173
845 367318173
22 367318173
563 367318173
529 367318173
908 367318173
616 367318173
121 367318173
653 367318173
452 367318173
890 367318173
401 367318173
972 367318173
976 367318173
694 367318173
352 367318173
752 367318173
675 367318173
846 367318173
897 367318173
681 367318173
357 367318173
52 367318173
564 367318173
450 367318173
293 367318173
429 367318173
748 367318173
859 367318173
559 367318173
351 367318173
772 367318173
728 367318173
528 367318173
313 367318173
607 367318173
847 367318173
496 367318173
38 367318173
829 367318173
966 367318173
156 367318173
542 367318173
446 367318173
105 367318173
65 367318173
613 367318173
403 367318173
929 367318173
956 367318173
30 367318173
222 367318173
997 367318173
486 367318173
424 367318173
878 367318173
16 367318173
959 367318173
688 367318173
685 367318173
919 367318173
495 367318173
941 367318173
484 367318173
403 367318173
169 367318173
476 367318173
5 367318173
90 367318173
330 367318173
866 367318173
560 367318173
815 367318173
183 367318173
664 367318173
650 367318173
964 367318173
794 367318173
152 367318173
741 367318173
221 367318173
833 367318173
489 367318173
267 367318173
918 367318173
502 367318173
336 367318173
942 367318173
338 367318173
329 367318173
468 367318173
439 367318173
597 367318173
882 367318173
854 367318173
613 367318173
419 367318173
408 367318173
166 367318173
485 367318173
822 367318173
582 367318173
297 367318173
575 367318173
461 367318173
95 367318173
317 367318173
994 367318173
576 367318173
200 367318173
844 367318173
120 367318173
690 367318173
562 367318173
726 367318173
382 367318173
955 367318173
304 367318173
947 367318173
455 367318173
145 367318173
568 367318173
795 367318173
961 367318173
236 367318173
127 367318173
894 367318173
170 367318173
629 367318173
212 367318173
750 367318173
623 367318173
357 367318173
706 367318173
433 367318173
87 367318173
96 367318173
389 367318173
463 367318173
717 367318173
869 367318173
39 367318173
195 367318173
420 367318173
694 367318173
268 367318173
304 367318173
202 367318173
547 367318173
430 367318173
187 367318173
295 367318173
5 367318173
970 367318173
989 367318173
829 367318173
305 367318173
606 367318173
733 367318173
607 367318173
998 367318173
204 367318173
642 367318173
871 367318173
203 367318173
146 367318173
942 367318173
220 367318173
317 367318173
55 367318173
995 367318173
283 367318173
317 367318173
811 367318173
574 367318173
115 367318173
727 367318173
494 367318173
980 367318173
757 367318173
98 367318173
922 367318173
634 367318173
794 367318173
71 367318173
345 367318173
704 367318173
996 367318173
642 367318173
424 367318173
826 367318173
600 367318173
556 367318173
966 367318173
503 367318173
366 367318173
907 367318173
445 367318173
966 367318173
296 367318173
711 367318173
654 367318173
420 367318173
792 367318173
458 367318173
485 367318173
862 367318173
999 367318173
87 367318173
661 367318173
947 367318173
420 367318173
421 367318173
35 367318173
844 367318173
621 367318173
673 367318173
950 367318173
386 367318173
662 367318173
516 367318173
367 367318173
325 367318173
991 367318173
668 367318173
12 367318173
521 367318173
283 367318173
275 367318173
394 367318173
7 367318173
118 367318173
698 367318173
794 367318173
234 367318173
38 367318173
947 367318173
134 367318173
264 367318173
280 367318173
644 367318173
569 367318173
529 367318173
327 367318173
194 367318173
990 367318173
841 367318173
104 367318173
975 367318173
674 367318173
156 367318173
83 367318173
534 367318173
345 367318173
674 367318173
71 367318173
264 367318173
658 367318173
480 367318173
545 367318173
967 367318173
746 367318173
176 367318173
69 367318173
159 367318173
904 367318173
162 367318173
118 367318173
548 367318173
210 367318173
675 367318173
527 367318173
474 367318173
812 367318173
678 367318173
833 367318173
339 367318173
732 367318173
94 367318173
257 367318173
522 367318173
251 367318173
174 367318173
696 367318173
543 367318173
46 367318173
646 367318173
826 367318173
981 367318173
905 367318173
509 367318173
309 367318173
884 367318173
31 367318173
181 367318173
785 367318173
313 367318173
348 367318173
622 367318173
773 367318173
39 367318173
800 367318173
145 367318173
374 367318173
431 367318173
959 367318173
582 367318173
46 367318173
237 367318173
821 367318173
842 367318173
993 367318173
458 367318173
912 367318173
879 367318173
958 367318173
781 367318173
443 367318173
362 367318173
77 367318173
216 367318173
778 367318173
20 367318173
657 367318173
515 367318173
932 367318173
585 367318173
118 367318173
645 367318173
120 367318173
695 367318173
660 367318173
359 367318173
650 367318173
902 367318173
883 367318173
701 367318173
761 367318173
173 367318173
21 367318173
158 367318173
476 367318173
3 367318173
413 367318173
474 367318173
491 367318173
396 367318173
876 367318173
192 367318173
238 367318173
595 367318173
656 367318173
725 367318173
704 367318173
237 367318173
21 367318173
574 367318173
751 367318173
608 367318173
42 367318173
37 367318173
205 367318173
930 367318173
191 367318173
993 367318173
541 367318173
110 367318173
580 367318173
550 367318173
837 367318173
265 367318173
367 367318173
643 367318173
253 367318173
964 367318173
370 367318173
565 367318173
284 367318173
479 367318173
913 367318173
547 367318173
576 367318173
39 367318173
125 367318173
811 367318173
920 367318173
544 367318173
75 367318173
746 367318173
998 367318173
346 367318173
711 367318173
69 367318173
887 367318173
71 367318173
171 367318173
346 367318173
706 367318173
612 367318173
474 367318173
667 367318173
839 367318173
2 367318173
819 367318173
670 367318173
346 367318173
393 367318173
714 367318173
685 367318173
588 367318173
882 367318173
680 367318173
520 367318173
141 367318173
635 367318173
119 367318173
889 367318173
375 367318173
669 367318173
720 367318173
184 367318173
122 367318173
492 367318173
779 367318173
494 367318173
694 367318173
796 367318173
417 367318173
528 367318173
435 367318173
553 367318173
516 367318173
141 367318173
446 367318173
95 367318173
437 367318173
360 367318173
544 367318173
522 367318173
181 367318173
19 367318173
384 367318173
687 367318173
576 367318173
620 367318173
89 367318173
457 367318173
112 367318173
99 367318173
713 367318173
311 367318173
557 367318173
958 367318173
802 367318173
534 367318173
799 367318173
861 367318173
449 367318173
128 367318173
382 367318173
941 367318173
601 367318173
163 367318173
380 367318173
851 367318173
106 367318173
70 367318173
184 367318173
82 367318173
125 367318173
261 367318173
88 367318173
198 367318173
788 367318173
927 367318173
147 367318173
337 367318173
948 367318173
740 367318173
333 367318173
158 367318173
464 367318173
996 367318173
87 367318173
574 367318173
770 367318173
779 367318173
961 367318173
761 367318173
389 367318173
666 367318173
144 367318173
775 367318173
560 367318173
920 367318173
795 367318173
735 367318173
108 367318173
895 367318173
80 367318173
508 367318173
664 367318173
645 367318173
345 367318173
145 367318173
793 367318173
371 367318173
328 367318173
159 367318173
987 367318173
506 367318173
667 367318173
950 367318173
617 367318173
968 367318173
95 367318173
889 367318173
185 367318173
598 367318173
646 367318173
764 367318173
282 367318173
575 367318173
899 367318173
96 367318173
982 367318173
314 367318173
216 367318173
684 367318173
675 367318173
383 367318173
967 367318173
54 367318173
623 367318173
739 367318173
486 367318173
444 367318173
906 367318173
837 367318173
773 367318173
842 367318173
515 367318173
672 367318173
497 367318173
732 367318173
29 367318173
600 367318173
241 367318173
865 367318173
147 367318173
73 367318173
719 367318173
492 367318173
18 367318173
472 367318173
754 367318173
497 367318173
312 367318173
221 367318173
995 367318173
683 367318173
727 367318173
892 367318173
2 367318173
218 367318173
874 367318173
769 367318173
30 367318173
247 367318173
944 367318173
775 367318173
714 367318173
458 367318173
170 367318173
978 367318173
379 367318173
189 367318173
858 367318173
175 367318173
118 367318173
331 367318173
297 367318173
623 367318173
602 367318173
438 367318173
7 367318173
569 367318173
159 367318173
565 367318173
923 367318173
347 367318173
524 367318173
969 367318173
928 367318173
630 367318173
331 367318173
93 367318173
682 367318173
370 367318173
925 367318173
164 367318173
327 367318173
981 367318173
753 367318173
914 367318173
339 367318173
378 367318173
787 367318173
64 367318173
647 367318173
598 367318173
401 367318173
719 367318173
946 367318173
238 367318173
729 367318173
82 367318173
434 367318173
484 367318173
980 367318173
973 367318173
891 367318173
391 367318173
779 367318173
41 367318173
936 367318173
56 367318173
661 367318173
658 367318173
809 367318173
293 367318173
559 367318173
749 367318173
340 367318173
553 367318173
503 367318173
311 367318173
392 367318173
718 367318173
549 367318173
905 367318173
444 367318173
75 367318173
484 367318173
309 367318173
469 367318173
296 367318173
970 367318173
873 367318173
463 367318173
923 367318173
1000 367318173
257 367318173
554 367318173
995 367318173
921 367318173
119 367318173
960 367318173
600 367318173
733 367318173
502 367318173
927 367318173
251 367318173
818 367318173
31 367318173
981 367318173
205 367318173
944 367318173
533 367318173
93 367318173
377 367318173
334 367318173
609 367318173
936 367318173
918 367318173
914 367318173
465 367318173
403 367318173
309 367318173
504 367318173
359 367318173
375 367318173
983 367318173
959 367318173
839 367318173
711 367318173
293 367318173
492 367318173
743 367318173
941 367318173
920 367318173
252 367318173
877 367318173
783 367318173
28 367318173
165 367318173
550 367318173
97 367318173
192 367318173
341 367318173
858 367318173
699 367318173
128 367318173
970 367318173
748 367318173
105 367318173
979 367318173
50 367318173
498 367318173
300 367318173
771 367318173
654 367318173
41 367318173
295 367318173
110 367318173
667 367318173
638 367318173
322 367318173
437 367318173
35 367318173
572 367318173
702 367318173
905 367318173
664 367318173
342 367318173
299 367318173
29 367318173
409 367318173
508 367318173
95 367318173
645 367318173
454 367318173
820 367318173
681 367318173
531 367318173
29 367318173
856 367318173
81 367318173
515 367318173
835 367318173
62 367318173
293 367318173
336 367318173
142 367318173
664 367318173
648 367318173
391 367318173
625 367318173
363 367318173
949 367318173
184 367318173
697 367318173
424 367318173
396 367318173
276 367318173
338 367318173
14 367318173
87 367318173
517 367318173
323 367318173
94 367318173
358 367318173
617 367318173
634 367318173
606 367318173
597 367318173
798 367318173
435 367318173
870 367318173
549 367318173
529 367318173
146 367318173
147 367318173
9 367318173
725 367318173
456 367318173
751 367318173
245 367318173
198 367318173
930 367318173
118 367318173
118 367318173
417 367318173
345 367318173
548 367318173
517 367318173
25 367318173
202 367318173
139 367318173
545 367318173
7 367318173
657 367318173
442 367318173
190 367318173
608 367318173
676 367318173
697 367318173
95 367318173
107 367318173
564 367318173
997 367318173
153 367318173
797 367318173
329 367318173
616 367318173
218 367318173
198 367318173
899 367318173
131 367318173
723 367318173
155 367318173
349 367318173
244 367318173
467 367318173
156 367318173
359 367318173
977 367318173
596 367318173
194 367318173
340 367318173
433 367318173
16 367318173
451 367318173
985 367318173
413 367318173
113 367318173
992 367318173
128 367318173
874 367318173
298 367318173
111 367318173
145 367318173
620 367318173
855 367318173
74 367318173
141 367318173
200 367318173
534 367318173
429 367318173
687 367318173
242 367318173
314 367318173
157 367318173
879 367318173
114 367318173
139 367318173
951 367318173
103 367318173
461 367318173
598 367318173
325 367318173
534 367318173
544 367318173
226 367318173
188 367318173
686 367318173
631 367318173
443 367318173
982 367318173
281 367318173
320 367318173
266 367318173
959 367318173
332 367318173
127 367318173
607 367318173
22 367318173
135 367318173
586 367318173
913 367318173
972 367318173
867 367318173
892 367318173
930 367318173
339 367318173
334 367318173
64 367318173
302 367318173
832 367318173
953 367318173
563 367318173
981 367318173
512 367318173
294 367318173
33 367318173
426 367318173
6 367318173
507 367318173
778 367318173
241 367318173
63 367318173
899 367318173
19 367318173
399 367318173
868 367318173
773 367318173
29 367318173
830 367318173
226 367318173
2 367318173
950 367318173
723 367318173
323 367318173
658 367318173
82 367318173
453 367318173
587 367318173
321 367318173
895 367318173
113 367318173
956 367318173
899 367318173
442 367318173
561 367318173
383 367318173
706 367318173
866 367318173
32 367318173
600 367318173
367 367318173
950 367318173
549 367318173
21 367318173
772 367318173
707 367318173
931 367318173
423 367318173
256 367318173
565 367318173
898 367318173
718 367318173
263 367318173
83 367318173
700 367318173
233 367318173
83 367318173
520 367318173
508 367318173
638 367318173
908 367318173
324 367318173
509 367318173
514 367318173
794 367318173
687 367318173
967 367318173
757 367318173
478 367318173
886 367318173
312 367318173
175 367318173
755 367318173
318 367318173
490 367318173
765 367318173
512 367318173
841 367318173
806 367318173
748 367318173
337 367318173
313 367318173
450 367318173
216 367318173
181 367318173
168 367318173
355 367318173
793 367318173
40 367318173
23 367318173
439 367318173
895 367318173
299 367318173
547 367318173
876 367318173
108 367318173
87 367318173
917 367318173
802 367318173
988 367318173
747 367318173
755 367318173
141 367318173
533 367318173
774 367318173
352 367318173
421 367318173
278 367318173
215 367318173
159 367318173
165 367318173
695 367318173
358 367318173
913 367318173
497 367318173
986 367318173
523 367318173
585 367318173
202 367318173
434 367318173
489 367318173
358 367318173
434 367318173
504 367318173
983 367318173
732 367318173
206 367318173
830 367318173
257 367318173
969 367318173
540 367318173
904 367318173
555 367318173
944 367318173
890 367318173
205 367318173
124 367318173
694 367318173
923 367318173
726 367318173
535 367318173
225 367318173
744 367318173
475 367318173
17 367318173
389 367318173
412 367318173
782 367318173
50 367318173
22 367318173
691 367318173
405 367318173
298 367318173
983 367318173
60 367318173
879 367318173
555 367318173
546 367318173
818 367318173
619 367318173
569 367318173
879 367318173
132 367318173
251 367318173
631 367318173
127 367318173
856 367318173
336 367318173
144 367318173
276 367318173
409 367318173
69 367318173
971 367318173
241 367318173
663 367318173
273 367318173
412 367318173
972 367318173
712 367318173
207 367318173
597 367318173
429 367318173
439 367318173
776 367318173
447 367318173
746 367318173
861 367318173
49 367318173
416 367318173
430 367318173
895 367318173
911 367318173
41 367318173
577 367318173
18 367318173
444 367318173
647 367318173
264 367318173
993 367318173
530 367318173
924 367318173
359 367318173
905 367318173
14 367318173
62 367318173
796 367318173
953 367318173
744 367318173
467 367318173
810 367318173
836 367318173
551 367318173
451 367318173
703 367318173
429 367318173
514 367318173
168 367318173
809 367318173
467 367318173
166 367318173
617 367318173
211 367318173
883 367318173
368 367318173
756 367318173
694 367318173
654 367318173
855 367318173
22 367318173
397 367318173
218 367318173
634 367318173
364 367318173
878 367318173
940 367318173
21 367318173
451 367318173
90 367318173
493 367318173
744 367318173
448 367318173
198 367318173
613 367318173
581 367318173
434 367318173
835 367318173
626 367318173
316 367318173
31 367318173
800 367318173
759 367318173
862 367318173
686 367318173
850 367318173
647 367318173
689 367318173
286 367318173
755 367318173
987 367318173
875 367318173
40 367318173
794 367318173
68 367318173
729 367318173
198 367318173
903 367318173
67 367318173
552 367318173
629 367318173
11 367318173
764 367318173
606 367318173
359 367318173
156 367318173
697 367318173
751 367318173
651 367318173
708 367318173
296 367318173
49 367318173
377 367318173
292 367318173
785 367318173
432 367318173
386 367318173
281 367318173
184 367318173
884 367318173
100 367318173
24 367318173
462 367318173
980 367318173
560 367318173
452 367318173
46 367318173
340 367318173
78 367318173
365 367318173
703 367318173
208 367318173
62 367318173
709 367318173
318 367318173
69 367318173
393 367318173
590 367318173
467 367318173
251 367318173
325 367318173
133 367318173
494 367318173
24 367318173
592 367318173
861 367318173
481 367318173
646 367318173
542 367318173
821 367318173
535 367318173
362 367318173
278 367318173
255 367318173
165 367318173
869 367318173
162 367318173
369 367318173
9 367318173
326 367318173
372 367318173
2 367318173
703 367318173
563 367318173
888 367318173
259 367318173
162 367318173
2 367318173
711 367318173
965 367318173
462 367318173
155 367318173
903 367318173
843 367318173
588 367318173
660 367318173
645 367318173
561 367318173
861 367318173
600 367318173
946 367318173
877 367318173
382 367318173
508 367318173
778 367318173
822 367318173
712 367318173
699 367318173
864 367318173
800 367318173
530 367318173
546 367318173
363 367318173
784 367318173
392 367318173
272 367318173
768 367318173
418 367318173
485 367318173
510 367318173
295 367318173
761 367318173
425 367318173
874 367318173
200 367318173
600 367318173
861 367318173
651 367318173
884 367318173
826 367318173
765 367318173
337 367318173
781 367318173
88 367318173
883 367318173
851 367318173
932 367318173
711 367318173
741 367318173
488 367318173
461 367318173
88 367318173
875 367318173
16 367318173
228 367318173
855 367318173
834 367318173
155 367318173
740 367318173
541 367318173
399 367318173
27 367318173
47 367318173
84 367318173
744 367318173
127 367318173
710 367318173
797 367318173
959 367318173
550 367318173
941 367318173
6 367318173
678 367318173
518 367318173
412 367318173
270 367318173
87 367318173
329 367318173
916 367318173
595 367318173
95 367318173
742 367318173
187 367318173
976 367318173
376 367318173
303 367318173
974 367318173
270 367318173
362 367318173
584 367318173
645 367318173
274 367318173
52 367318173
790 367318173
895 367318173
285 367318173
58 367318173
659 367318173
387 367318173
800 367318173
674 367318173
972 367318173
633 367318173
666 367318173
981 367318173
52 367318173
307 367318173
448 367318173
72 367318173
880 367318173
613 367318173
870 367318173
597 367318173
41 367318173
209 367318173
226 367318173
583 367318173
697 367318173
662 367318173
655 367318173
561 367318173
386 367318173
319 367318173
219 367318173
750 367318173
826 367318173
979 367318173
345 367318173
336 367318173
176 367318173
24 367318173
709 367318173
472 367318173
347 367318173
840 367318173
450 367318173
494 367318173
18 367318173
662 367318173
373 367318173
695 367318173
737 367318173
963 367318173
807 367318173
24 367318173
355 367318173
355 367318173
961 367318173
304 367318173
858 367318173
247 367318173
713 367318173
145 367318173
947 367318173
886 367318173
513 367318173
68 367318173
91 367318173
905 367318173
880 367318173
959 367318173
159 367318173
127 367318173
704 367318173
142 367318173
616 367318173
573 367318173
4 367318173
736 367318173
865 367318173
415 367318173
834 367318173
273 367318173
259 367318173
953 367318173
502 367318173
945 367318173
646 367318173
397 367318173
761 367318173
49 367318173
510 367318173
13 367318173
572 367318173
362 367318173
223 367318173
355 367318173
418 367318173
735 367318173
442 367318173
244 367318173
384 367318173
515 367318173
555 367318173
984 367318173
154 367318173
127 367318173
824 367318173
177 367318173
494 367318173
949 367318173
890 367318173
319 367318173
293 367318173
765 367318173
460 367318173
739 367318173
370 367318173
4 367318173
177 367318173
453 367318173
683 367318173
921 367318173
995 367318173
403 367318173
779 367318173
432 367318173
449 367318173
652 367318173
28 367318173
