213
579376 510873659
944418 510873659
223850 510873659
476663 510873659
595867 510873659
609479 510873659
970582 510873659
984598 510873659
192957 510873659
472759 510873659
608140 510873659
553402 510873659
29707 510873659
542600 510873659
453726 510873659
861389 510873659
243355 510873659
430522 510873659
182377 510873659
610205 510873659
147258 510873659
121415 510873659
312633 510873659
271268 510873659
436503 510873659
248880 510873659
841845 510873659
891853 510873659
577985 510873659
339752 510873659
735068 510873659
324296 510873659
811978 510873659
963018 510873659
993510 510873659
527383 510873659
459863 510873659
113297 510873659
10900 510873659
601424 510873659
695309 510873659
437285 510873659
184352 510873659
88787 510873659
187522 510873659
157095 510873659
425918 510873659
15397 510873659
50504 510873659
546996 510873659
583123 510873659
378991 510873659
82322 510873659
971861 510873659
569998 510873659
824552 510873659
614812 510873659
648 510873659
916070 510873659
749696 510873659
927603 510873659
158131 510873659
728333 510873659
874118 510873659
492683 510873659
926052 510873659
236881 510873659
19691 510873659
342928 510873659
307307 510873659
667298 510873659
450266 510873659
742035 510873659
72968 510873659
118809 510873659
432391 510873659
77893 510873659
421211 510873659
26907 510873659
348256 510873659
15868 510873659
375762 510873659
633781 510873659
230100 510873659
28919 510873659
375797 510873659
924385 510873659
24203 510873659
369052 510873659
754123 510873659
530246 510873659
2541 510873659
212347 510873659
203107 510873659
51369 510873659
462483 510873659
208850 510873659
963721 510873659
17566 510873659
132532 510873659
854878 510873659
209238 510873659
757173 510873659
610412 510873659
421609 510873659
356595 510873659
806335 510873659
381580 510873659
831341 510873659
771271 510873659
706942 510873659
371067 510873659
793686 510873659
115758 510873659
654766 510873659
588400 510873659
949641 510873659
974019 510873659
849329 510873659
40732 510873659
918265 510873659
111335 510873659
189057 510873659
601983 510873659
741763 510873659
295708 510873659
58507 510873659
286521 510873659
748648 510873659
305486 510873659
511095 510873659
95624 510873659
267207 510873659
807532 510873659
747497 510873659
175049 510873659
912465 510873659
743622 510873659
411682 510873659
148490 510873659
867078 510873659
106794 510873659
535583 510873659
868801 510873659
458312 510873659
113321 510873659
939639 510873659
633945 510873659
142993 510873659
906493 510873659
734453 510873659
50320 510873659
600527 510873659
206365 510873659
156637 510873659
248011 510873659
514202 510873659
169580 510873659
60829 510873659
298135 510873659
374584 510873659
903857 510873659
755603 510873659
418347 510873659
836384 510873659
206579 510873659
286883 510873659
746111 510873659
370467 510873659
356486 510873659
629836 510873659
392606 510873659
271861 510873659
77665 510873659
719200 510873659
523505 510873659
252389 510873659
321479 510873659
961340 510873659
416040 510873659
147233 510873659
897830 510873659
161615 510873659
118160 510873659
313273 510873659
375550 510873659
496518 510873659
496420 510873659
936107 510873659
815374 510873659
343575 510873659
309941 510873659
326846 510873659
148984 510873659
78945 510873659
69931 510873659
307217 510873659
852750 510873659
503051 510873659
132824 510873659
922887 510873659
361077 510873659
994113 510873659
873898 510873659
550614 510873659
884277 510873659
828293 510873659
652238 510873659
153898 510873659
156940 510873659
737611 510873659
858822 510873659
800483 510873659
