6114
1228 215888707
60798 844996532
90486 687681971
5928 969467410
20828 936410440
46724 461787605
61116 470933495
31673 14424230
31690 139976026
70733 354278
81810 115207835
32524 377808847
21375 115251563
9608 927644070
27924 431297961
63294 730374169
89887 798225833
5260 688969883
33282 688816102
17793 685430450
8633 199402238
5592 313531652
83255 382981458
33599 172949424
80018 745942140
23242 887724114
6805 680443579
37715 503366275
4942 408655466
68708 135536480
19538 220006869
63675 242998586
49735 672975687
21953 391772807
29351 74766208
39993 775348708
62833 154135946
48315 648283480
45034 557072286
48926 316964554
48340 613832071
57425 628882559
68041 593839354
44933 573499232
39310 678415997
9274 218282277
3360 903072566
53198 448655783
97550 252838017
12315 924232197
10858 357637931
75360 255255951
56933 131672223
67256 198382991
82490 39940025
28205 407249808
6981 440629359
86833 12269190
46969 158331554
69452 402505653
28593 651117231
45156 556109531
86895 134490224
91714 747695457
55754 192877059
7073 10437119
13610 408894796
2451 343510519
65902 132198219
28112 786067268
72652 556011542
54019 414970262
80306 440336027
61787 673623964
22914 989422759
49557 462164961
89465 776891892
87524 183041110
25848 549446448
66666 683821020
26172 10132808
95398 75548467
48366 958535733
24398 352265458
29661 118896744
49756 799121859
17564 470754475
874 840979700
39405 71346603
67007 1016195
90033 336786045
54117 116310625
80619 885816943
65242 864937941
27607 552007107
92362 922876016
9616 229466156
36613 32177142
91518 642133083
49251 803814173
1033 263306611
66139 513855660
37650 990433279
5716 534420111
55521 154858093
12370 510289048
70954 360291625
84516 599104063
62589 497042100
25901 167429941
23535 35772671
53821 913019599
89616 48413883
24193 665746522
64870 391162966
25412 542271532
67282 374335563
19327 719106724
27029 286162257
43161 134453917
81335 132052166
28389 855011527
32940 226108469
16485 52765335
4987 170731598
44430 499694797
50990 608857812
7176 439554951
34841 659369343
78362 123294825
89453 555366804
26709 113810798
72593 69896370
12676 729803545
57133 950159495
16057 154849321
13847 17163413
1485 858024369
81999 561966557
92018 336789565
24800 689704409
88719 262870401
83092 909120088
9745 720245696
47963 69052054
18671 54338382
31704 577838628
77629 47460372
25483 514099260
46325 21698442
78121 25928397
11067 245649545
89320 282643571
73419 298679142
92383 554502450
911 648787450
87589 449856221
57315 305471676
52749 816662768
17272 75641190
45883 150711325
99012 965966000
42426 417775819
865 402949467
56213 169729296
73987 742994967
61066 271510293
52025 209439770
84601 279926037
84985 794857874
95478 892981066
51072 168510398
16180 696986868
68578 524221553
69183 232178874
41972 383540871
63148 23879382
85168 387228114
37483 901144461
1768 811925891
64865 850522182
2327 834102226
19102 219604712
78439 947762423
84973 267513892
44805 960809234
30127 870207381
71141 702643017
24943 953360170
40208 762433654
57780 806907860
61920 15711216
32634 945146299
58879 963431207
23404 333726833
97430 567177504
55667 316496712
15595 821769592
49287 568965784
87020 776329418
66822 924803671
78887 381255357
18361 171748684
46656 128905792
66044 256554840
74013 681177682
72501 450964932
60725 565214798
47394 864604208
78198 653296481
91513 296708343
39545 504807770
7906 246317196
43896 468082681
30070 512643339
95882 330503405
10337 951363577
47975 212289284
25612 286195933
98342 16463907
94332 983319219
92822 915206688
33128 75302416
9330 330816527
69421 349209586
71439 691959426
70795 766201681
82275 812628301
94294 144616395
50728 176362686
89212 792602342
89468 186127956
52443 14653299
24114 199242403
31522 439849212
11866 833927401
25649 333993178
38056 364899540
50925 76504467
59095 278344302
16113 491040667
71133 581010948
96409 927087526
75236 917255602
61275 446039895
5821 505408574
7098 818736287
39870 521482999
96431 152841469
48523 888891601
25388 836951802
73782 58342571
1395 726871743
62332 761553343
95255 528265217
134 154462233
87625 799364132
95498 502195932
32481 411235632
76847 992591113
50014 371343359
97930 675227135
18918 42682077
92154 765578185
31582 746262369
788 948319764
81191 303670116
74362 584602732
61498 718322715
26839 589952052
95789 744669637
47288 872516529
12884 382754217
50604 445619885
26515 873585974
27564 860579551
18742 539689684
99886 954977033
86022 238855235
55024 643150616
61030 993463597
30583 45683264
12420 649374797
87501 536555169
54375 307164712
84112 633250874
22809 748944899
32404 636874883
67949 700942678
86574 531622832
82527 252920670
28085 763996766
62626 997512303
15275 939935860
49226 162634552
66085 800210042
47976 935443042
79814 536703055
27959 124165515
61062 845273281
26790 27645004
55907 11359871
67042 688105822
85014 539454806
76221 491959624
96684 235212849
1697 69291859
77770 97910825
64393 686247782
68510 425303930
98081 956162666
79369 463421755
50328 864381735
15518 385414587
84599 705917247
60915 795286154
73497 197622763
15697 87411819
10582 720625961
98328 212780642
24211 319153082
79398 924390642
25771 859438648
9685 406543733
46799 317272443
89059 679693144
20485 17647925
35337 955739117
52792 188334265
46185 763887879
50079 597050991
22136 114557110
81231 206357421
38476 938571544
77200 460373250
41403 45889478
87327 950358499
63285 837851822
33614 702096573
83244 459335699
7812 69009538
63389 993281527
23465 709634898
77692 664372523
49421 470082370
91609 681040100
27173 810140711
35194 194155293
54801 650214507
64695 88049299
7512 597828539
66638 596013041
78669 749144627
79087 850871814
44329 871002907
92845 583296966
26858 753452040
89283 804118415
42009 422608171
5504 182386913
47047 99851421
893 624807307
44289 43211726
86778 863409707
78241 818953135
21738 220689093
24863 417163325
87821 734017429
11142 626182996
73068 832052056
77391 782315388
71316 752014247
15210 590312679
28038 580051773
93090 785741220
92339 987184091
49723 809697845
68649 787573824
63934 185666439
41663 526509298
2492 467915645
61170 345968074
36969 699508470
56720 845321022
44721 488725128
27881 350688639
81855 486739158
65933 506534595
92533 659877206
1644 420882597
1526 90264688
13707 734905876
21069 749709484
22154 504874335
21220 862965554
4821 96437077
83743 608701735
50246 169896369
73034 67889381
25059 819295087
92614 169112019
38430 767261629
37991 311965730
27519 727968880
22555 881485006
43761 598133041
10943 211074734
83926 65477863
99240 654906931
70322 9689774
80886 12774303
67382 374108826
33555 622975620
30553 485931937
81276 263771694
67526 903790428
80842 113987176
18810 34279427
47709 885653898
57792 460919260
41703 516277458
58438 720209432
78780 180222064
92637 5774453
43549 803193104
99205 656564166
13006 344781816
9585 253904824
54973 976981629
25238 169632801
35918 268946282
81922 367407391
41155 587875411
30933 792178917
70126 569383858
62177 483885977
41975 184780884
28799 850032829
60209 785150676
91564 727776363
72655 114881614
96827 767049347
27299 279493725
11499 762514195
91047 260823799
26953 703589925
55099 702804180
82123 64011198
13108 62273852
88137 980054701
826 977085753
49662 113646401
23946 132368413
28805 815975164
40151 824922022
22563 633095011
44105 273694063
58207 142271539
56660 734088196
75593 152385482
74047 95659482
23069 819362693
34882 527695476
36679 122165894
60359 684242450
52138 288297463
35213 701773240
45819 983468557
41143 758825437
40303 138276790
99746 517969038
23340 441503740
15093 79634537
82128 57362071
14 157283306
78972 873759469
26621 718127970
4412 212121926
787 796047990
81945 431635971
71532 63999776
21419 130749652
77099 395015343
50627 452995255
54789 698305100
1572 432441837
72647 354411630
29826 336819954
98846 166102008
8684 937252063
66072 129493187
41113 564787145
29643 439235198
75140 907024176
86989 327688290
15054 7269558
93258 372896560
55518 82004330
20590 968244456
9632 909527124
45175 991733600
40165 152025432
34792 729257271
36256 282456608
49492 371242385
96635 643256582
45984 138023396
25300 352147548
3429 202233144
97598 343306779
94907 831952317
40433 502055307
42940 122587378
42791 473208017
10262 710560895
36461 656360558
4948 473789693
60371 337151743
11424 471861701
65201 139121693
79899 980656380
33070 729708554
74119 146312364
9813 339161733
85808 52823228
80689 675739539
53721 482006242
70111 76585060
6819 166378541
85939 998776705
89928 927796134
36635 106352166
25331 874261963
51182 10884736
91055 458137872
74951 17217890
21060 455500043
94111 308521271
74598 434654805
8390 347984782
79119 328093439
39349 914042974
57621 389488857
49619 760463042
8355 335844051
63680 232018920
53532 902960259
36657 577682346
74174 348422980
77605 348646483
50654 440087297
10003 613257532
59099 576007206
69211 452052927
46515 582893924
38951 980376188
16450 295412764
7425 696117879
16391 88023612
19809 649302738
36264 986906186
64889 468632170
746 812268922
22827 437741784
98912 558486573
56278 621882219
5465 86667674
30926 92700351
59606 922828167
63201 805763735
73300 440349657
61072 588220653
75599 845607738
90447 371630721
23994 471363981
45589 235944671
62323 10286451
44647 73597407
70788 37903043
19400 631839866
33753 627566673
37768 90328926
31624 778387602
30218 743608083
80845 745022852
24302 744887143
23245 896720414
25769 418728270
90686 242753865
66268 353071543
50877 988104
76787 268691768
34056 78182496
7622 8111943
59330 433756646
91089 155522954
58138 249110689
37879 628217009
53900 946044295
44372 383246733
83741 78838868
75373 926957611
26523 182694355
67561 619434338
71933 964301109
22691 761812293
75545 140355687
35699 196582054
40789 644539842
38916 882272290
29253 515787718
90692 80878898
95481 291999872
36403 179749836
89845 646280610
81545 88037758
5125 475034504
7185 110307031
31322 959843414
3544 398236313
47122 122557012
95726 338022456
11214 286863962
69496 515381166
54937 524407697
330 650102846
78975 297627749
54944 110303780
62106 733725627
42549 614038674
72354 220282763
61340 529147586
37474 215011051
94736 65214133
83223 396063473
43413 172901334
64731 417031458
67492 613854730
82060 335755846
1397 627874970
58766 527341235
39795 870212504
7399 341033735
88248 203509984
41249 576222327
9397 10036562
23473 917476022
12160 740821629
56776 700475892
60362 161910487
61893 856747357
98351 365258883
5952 953777140
90137 261302534
70376 490450500
4844 362039582
42549 714228302
28335 628424559
42184 41359592
11965 781466576
29936 264989332
23936 822189515
27638 915029707
66281 248379678
29576 227031086
95323 123605018
12679 980210277
7458 857718198
49551 312815641
75123 833299683
86725 197262156
38300 60984105
40273 882705406
71104 121647628
7785 927176469
74583 450658199
39961 510714428
33511 361914924
36448 606137234
86270 80323821
30801 738457602
5467 602465543
6799 376054689
85958 828514925
92543 360633311
65157 654496701
69300 379921522
86254 976799472
9773 562323450
14925 157205720
73545 819490690
26078 125191513
49292 931287748
60883 772632076
9513 566036244
48991 738556761
56550 283351237
66488 435554129
99266 375381047
75513 216836115
99987 178338165
43354 831790911
69089 122745350
18310 964052984
97297 996377733
75925 753360244
76464 930683736
41739 486212809
77656 956573326
57728 420329042
94828 219604213
13075 971442285
71747 632545895
28007 427056210
65903 912214039
46722 689234391
56095 512098918
85370 389714840
53292 473963080
64248 488759754
75274 581825804
7834 784836693
36733 244082475
17345 148548678
65181 905449576
16677 604339805
33332 445280406
50119 28307892
10719 644879663
55284 375112774
17342 982072648
62857 211401354
95009 63539212
73740 757702163
19140 967823336
61338 321629952
16945 317797223
8220 715289066
53567 20686729
17809 606165663
49643 265706922
1553 645047086
95070 6039020
61706 481545646
11836 674766011
46519 285715587
11660 379769850
3034 25585303
51481 931121880
47107 602500425
19104 808472679
76262 110761487
59821 419622506
43643 368637682
9323 414464310
92681 850851286
73096 273821226
62483 663251882
85225 523852455
95009 887227254
38581 98508460
8937 709690190
26661 927409978
85681 457957234
71132 642379513
99740 232426333
90928 148474547
12959 51686443
57915 174108007
1530 567153625
85504 692480535
85077 169725605
71984 558720006
69049 922570638
66732 198290303
94938 332831404
55481 46010317
7714 680426353
11812 422357251
42394 622992113
62054 698546026
45315 33681884
16971 506790712
73109 12143354
83375 313913847
95863 315014773
89108 505225678
22362 214585264
91092 207117265
61518 309508663
78119 840340841
42604 182264050
76767 128312837
4052 409343772
5764 364648748
75624 434287754
19622 388886091
7551 382934901
81523 71850593
2788 644141979
15127 78519862
74245 990925796
71911 391672988
64988 736595257
60190 461164384
22409 76358957
23066 940890478
72053 572056938
83981 241732951
77256 561364713
52975 886742287
9606 58313015
74756 619992443
15511 272267463
49074 792439514
48463 148715391
96824 465505900
5118 742928136
40500 794836264
12370 88702310
93480 442000268
71968 976399494
49982 833131088
57303 246443838
10884 175681563
61124 494452265
59525 657332283
38023 888528378
67467 850772800
5618 651239229
97817 980040354
15034 307278717
53041 727665005
22525 737408902
98568 831988945
23454 866265449
46835 740476607
92443 659164172
91823 62092073
34262 347373727
98271 483519551
4600 635286970
814 63700619
750 442979270
58975 721781328
7421 194074314
48034 550001430
82441 892573545
69511 747004243
17003 596921740
79291 170390882
44293 28785165
95500 454744945
56436 791841855
97873 23238112
25843 944925251
61810 701938330
5328 753301675
75885 842254481
72452 262504969
70820 257525040
83395 111885591
4177 66363829
43336 628355310
41669 657034194
8681 89596584
24429 436468160
56856 333584787
72604 168240697
24987 821405277
93276 829827321
41090 476925810
99706 659178260
51697 320760570
48651 688452616
6169 136810270
34162 472369172
36004 409514233
10451 243351902
582 875900942
36772 869546178
25313 611207478
85808 383157415
92557 49286266
48634 338297030
86557 964570524
22809 3856187
20952 272483457
16589 348421174
16763 203255946
29085 143291112
10986 43777733
32902 680195222
38754 660884954
13902 133877401
62624 424868976
90168 303644555
77949 770684867
17455 907244061
35214 705487230
71403 284046654
63585 643154447
86154 819510739
14574 910589977
21898 709062185
52646 975564562
20779 541131325
60319 732409724
56643 367624752
76107 766508830
53518 951860120
2838 444635765
42154 718123237
68780 586601590
66625 635663457
73699 74193659
31698 871608607
23863 77560977
32237 486573335
7700 503045660
72804 975378899
33020 179061907
87197 184955373
71942 854057218
48046 314086046
98873 467016331
20457 593516212
554 850158900
34142 596710783
91902 942709107
64878 206061811
21252 346878311
36868 751620291
4029 122311730
98240 352062101
19653 711978045
57566 874574408
61749 53160607
27260 373078470
23521 120823907
95825 193241426
4875 547174483
76589 958867774
45283 117935876
81000 79725672
52897 85752537
93092 637662194
35828 591871521
58777 638989254
59184 170786542
23955 39333797
51883 541632376
65723 414413496
76130 808237005
5675 899771529
27965 740193283
79572 825611152
87802 341835841
45572 578049449
56808 599681827
93180 244970922
55563 998259285
13333 937786279
79240 457203815
69861 608256824
6770 934448304
5580 406013639
80028 626175296
54740 857835964
79626 472829704
61819 204758280
38166 118444894
24605 373844908
22259 371029836
37780 141974451
53256 17535390
98719 902864466
14949 863716419
50526 783448764
70356 387319729
17780 363231353
39316 157196399
55151 724327058
21148 566720560
178 129049380
93318 207477772
9308 408589828
72718 7828429
83088 898119498
5169 282283366
99802 395577734
99013 319892551
16496 368125772
64319 883432205
45814 712174941
83408 804206751
44825 223481806
74078 386286129
87861 215949910
48821 718833103
58096 864148341
25078 168906034
21788 5736174
87556 225218231
17183 799395048
50204 419686481
8887 55299721
87921 989705582
38959 146348796
35182 73213927
63473 471758751
87697 7150000
91914 418624427
49397 170333886
59304 5482044
7868 849066740
43680 655889374
8453 182240281
29974 405205971
97692 374065559
2549 496357927
4922 329535274
40069 77681826
2424 794316620
54778 682890061
34669 353150162
87068 64232675
34687 861925668
95364 422859878
1118 988143410
62355 489119646
25439 667891518
60924 290819275
92519 409242026
37005 775808215
43423 513541411
44931 987476790
55394 852224397
50633 616090659
47515 629385580
85627 482944747
35309 777773577
3177 585432787
72522 946441942
3329 816773015
28752 46133629
32847 994094574
94853 543785696
14698 577998393
25808 184613957
77835 37007352
12702 140692513
12420 627049792
64346 87934691
60124 493698210
22694 273057063
46597 530860318
91739 293684303
89405 458040694
91038 830544927
31627 504159794
63559 202803777
53622 346837613
94790 841859348
71606 864031802
77485 582972761
83649 860691877
47606 373365363
25185 807951027
68097 777171789
82952 27005250
45204 846328632
62504 22388690
3566 648640238
45182 830823047
483 65968742
69059 436799147
21618 158003912
61666 440468994
43531 758883572
38093 430826750
44783 136530953
60556 459839796
27492 146535017
44778 788783352
34469 236339821
8845 140709787
8001 233782977
10876 311646241
83878 214451481
45016 314915781
70318 778516231
81145 655507031
14389 695488300
2142 538495973
52421 736606289
48348 30249662
98190 764298374
23392 230328931
30075 363739013
45326 261147992
60440 289694971
28496 605055487
35321 409493560
91962 737732122
84280 480796243
7485 636557600
51771 863751334
53560 174808479
21605 858430309
57098 718560704
1617 769521686
11709 597056155
83771 33669930
8848 182557777
49218 107964114
42782 217109235
53892 198364841
24265 568661389
12638 280671034
55616 899891625
75563 650515344
93512 959831975
11510 971465518
43492 498438724
24996 221827544
76545 747092300
99376 28786778
83166 51874251
6814 848392350
58415 928862587
48913 132075776
47933 969928226
7295 737352417
18173 773789794
32406 701486622
69583 904471511
35091 697033647
44622 392459695
70706 788482599
57343 927755186
59989 841093455
68541 968284023
13369 9294853
64242 821032488
49398 619438245
89036 779085774
9592 427763193
5842 811893433
35935 271335545
74374 196840987
7423 120397670
6860 770443974
17165 349485498
57969 715767253
89280 391408848
26952 961682884
39627 393214113
41068 366669707
70930 516197375
16464 830110733
74457 34104171
98528 91220880
95190 846769638
16165 149278193
57584 394470346
76999 964611738
89399 594515534
63166 146472198
10046 545638912
68746 148243099
97278 658578145
71233 195343325
22858 467277861
97151 902926818
233 810375148
90728 134768776
10164 632165616
66987 320902399
12400 995990815
88691 643109846
1286 856804671
57718 345007541
24470 659836136
49 775693194
16378 971406207
88258 964363689
83994 840222217
81300 883330072
4813 200158849
83624 849082075
19593 66453862
83713 93013752
90788 804703931
62742 264155799
26989 133666232
93218 104718072
30317 342470953
20857 902977470
71849 171395503
87469 628957227
96438 608001216
86295 556103557
67753 89157956
49559 95105395
56522 925329395
33141 222658122
37273 197476412
81986 497451610
5324 97864467
2044 526631665
13855 453357564
81880 345079425
43307 996449784
76685 548019169
89005 118726822
78769 853810893
67286 433492439
4327 310880044
95506 345614734
32451 805152203
46325 359595048
44240 508035747
71683 88216034
43612 344711623
90487 256810237
10270 748075497
5424 430747184
60447 967379809
19514 838343209
42858 974201515
86822 433206701
44272 362659499
67225 211063554
78039 358722317
58256 58383789
10309 828068493
51573 764827834
29719 710325306
54486 57900799
63212 776514293
8813 327760768
77967 430214875
32890 13126193
83312 284488784
65617 60702402
46991 71442138
92281 675527570
22636 845791402
33710 247020698
39535 149526487
53427 209012440
65941 32267913
59149 916423630
48321 325849423
76904 544280101
82570 424883486
30797 657151959
72169 153089403
5630 909157553
75108 290035260
1623 64060810
24216 102499996
21414 845452255
35412 231752969
61053 198513738
49437 323915733
5654 387977605
77327 751845420
54630 24666941
67226 175122341
7778 431713751
90076 493544389
37223 960589033
78048 762917502
76958 576313644
96600 190161710
10997 581244755
26792 841648832
80440 183926874
44932 522155414
74415 317176753
73953 772110507
60937 674044135
81326 328638780
12721 506148026
43393 734262491
3183 609202807
66281 284139963
64922 617204085
95706 290478082
82168 518189038
18712 920516519
35276 628234754
31267 462100442
68933 513392474
8395 153587894
96773 699959829
52927 37135660
38558 239742386
33968 130163320
63501 237403495
12597 304485082
47310 459559159
15658 313597705
43957 314483357
96023 468160590
19578 893659399
74208 726036652
95729 401765033
1424 511692098
25624 468169502
44166 323958055
16618 815649371
51936 346069411
30092 110811370
60477 236896757
42942 896515392
30413 407486654
38750 889712031
99786 141780252
87032 419258527
5086 227830418
87648 116565161
99122 491469795
73758 383966577
95276 909725571
7764 168955828
2301 913485608
74991 598634890
77114 703213416
10412 152999343
22086 84708986
49527 915278434
67037 925509275
68411 991019404
87626 887311481
4104 704239612
32605 322160978
99540 734205818
86962 411531965
94478 842033545
96875 781381855
57693 834953348
35367 201539850
74610 230896132
10692 600594913
80781 193681527
63752 547807393
34412 528428884
92030 780544496
54367 985629695
34937 339473619
98114 74287600
94704 127796275
81354 330001879
38142 10493260
27244 676470005
51351 459742721
4146 312067912
21435 968180892
80469 454292441
39917 907037315
54296 751925454
96051 788734535
57602 61010255
83867 640699688
70032 872623697
84519 665959206
83844 898125953
84195 696546990
4447 13105851
53601 726949800
28327 6625958
23274 512236650
88298 692020157
53934 814490320
21238 491401165
88382 141096270
22122 136025755
78854 936758147
32635 17397876
19366 670975589
57115 334879850
65080 389470959
63637 891388121
99848 86060559
57134 103184168
99082 442474333
4901 794928753
88776 189419239
87468 132546597
74191 210508730
35365 911377477
56831 290142891
75842 323670128
62201 881707796
60874 247031750
76621 723732492
50922 224561514
49658 721441757
71544 461644685
91073 391950783
78550 955685752
83757 16330297
58264 458297249
47838 129726167
76551 64706530
41290 287808626
76811 493310034
91625 142230967
81193 834692921
21390 965094820
7898 357876961
14412 977461298
38084 937234258
6711 37512155
54004 823052315
13950 192589377
51869 291851749
73962 509279045
96919 480310157
2032 660795564
59565 613103940
32013 913505808
65366 232315594
41820 760055835
67285 535872687
36240 662760149
66390 987920630
81971 161573135
58581 515270521
2205 847630294
7866 177892397
34887 771961756
49685 895486565
53564 701975934
6391 347150781
96885 544138454
35353 537735155
58060 980386960
58802 88038983
92430 63123233
27872 579333566
48766 785700869
47278 421092341
65440 352451297
73327 706700467
47002 601991290
27147 837650484
13373 247972384
34809 822272249
4756 568789593
42968 262882899
92382 106103463
93772 973004931
25880 649170069
93545 817818651
57306 841204402
25927 153537618
16046 981612182
8438 700466712
72501 148453995
50867 334816943
14387 95009775
8031 336925225
34608 858012710
78584 754887100
80499 125000536
21133 568522734
75852 408468779
37470 998683183
11808 694059621
64867 340876027
27695 829431199
64217 794959028
51986 87909870
53499 504448426
25979 893089795
82673 696985990
79446 267917406
82207 293690142
66889 623559573
84079 338080133
89776 652747831
81301 336512156
54249 507986494
23778 83737804
23383 274075317
37792 815308842
59705 310846347
28414 399660790
13245 385791116
70368 738733148
17015 262011114
31316 641787825
39999 321400269
43219 432082312
84632 98212966
32712 804277255
93906 288726875
56605 835505393
3539 355142247
95669 170814735
43655 145729188
21357 296783424
17213 966893490
70750 980467921
13156 913247137
94524 489365123
1214 684289963
84712 851024207
31629 66049582
10635 433741397
61766 543328018
81757 116447986
75183 855790665
82593 744669241
11135 737892212
70674 820698703
58744 244628258
86986 43388811
86817 63133323
93916 956121462
25355 209378545
8192 595233747
75801 383726163
73988 69920790
68775 758132607
78523 32558951
45643 264058554
93529 84152859
61112 403581860
90350 453099907
66513 919757291
99931 215175563
98894 332822926
62421 37652964
17413 75478339
69504 458574851
27965 815403372
67593 824165658
76427 185132188
52723 238811749
50995 588934837
97658 141647892
47690 94035597
15027 429332701
23920 480804253
32111 126646088
55996 50350006
81213 414900970
74655 977031735
27468 376252393
27027 88769932
88622 562927286
87819 681394929
51550 505374797
1120 639604124
59139 466236254
51306 40005965
78142 379805007
36036 477729124
28396 863608793
11042 199860404
21167 68828624
1163 955913479
77578 240311640
79827 40991308
74601 513518550
5026 357953772
1671 286063914
40229 621575493
76531 847578391
52727 816205384
99976 916432801
83798 318668397
37121 104642352
70147 860903444
64107 288162832
29336 910904342
72029 388113419
98663 281588564
2140 145988323
20068 221158557
3060 670327664
83412 661643091
84983 690678918
59435 655953089
16205 401700837
19416 465394943
40946 492184452
46034 398309972
98510 129700835
14964 928560076
38809 377007308
22481 233986301
79169 83962700
54251 704672999
85335 510123379
7880 307240442
38163 151079812
43189 87112238
2649 433713798
24739 98671367
46810 89173013
98261 422499772
9550 473392427
84388 16150799
96373 705938344
67801 213313656
29585 883337552
75647 848113397
11694 969246275
89902 328102151
56018 679700803
91682 260275927
22818 795622234
41441 895420134
38833 638059986
61104 696054655
33832 88452487
27380 894899955
12567 907379335
22421 272149486
7053 119304095
43413 76940623
91008 318613244
13312 187677832
31510 488495785
73326 689833111
48935 202940164
52131 839506872
77881 580496360
41397 214531906
89630 764667734
77356 784413271
65120 834876968
6185 484392610
51348 211580177
76042 950326902
31853 78180066
74459 17798267
20020 280522653
52089 104011162
47749 201621194
73749 105795472
77549 539175689
3303 242598996
38656 890706582
17411 421527636
66822 6107770
45653 363311814
94587 951376914
46873 380315505
50546 760255327
98028 709226350
82119 961498028
50838 716544238
40240 820800844
53994 956948204
58511 928177428
79155 613045619
65712 988934815
19649 450702351
71159 408350669
45120 944240126
45386 982956466
82056 921335995
5323 626012949
74439 40373082
21192 343275184
24408 361462379
52768 774606993
48433 398154056
9552 901803631
94504 75001350
32107 223445283
1909 391005877
59285 140666
37456 571520926
31365 307226425
23485 897773798
41384 583576594
89662 612110815
18009 501357096
63854 666497232
18365 826855127
65803 617439086
73558 699299346
54669 364699416
60419 427123826
51310 644027397
60878 517167453
11026 959105526
66910 769877170
44469 255666600
32 460575547
31882 132192737
51630 218638996
44612 433280041
23855 534787293
77075 447081609
7482 673734149
40714 766919801
27959 731029387
45076 159873839
95721 512718650
94066 541011128
96860 808371267
10235 931019192
14774 224607865
73225 418512667
49266 798209410
10352 691877143
8812 686727719
72006 516713816
35990 57966496
15337 927044662
29607 975954894
92661 217407326
47955 691208505
79948 95090657
37165 175423918
25671 216361306
44903 18131729
2938 1305798
4090 699231140
28708 778402510
73329 797097096
33939 457483677
15689 254487294
98264 680443788
65213 596581555
88552 267577689
26904 570462504
24484 921167111
78600 619812394
57142 345937444
2447 945526963
55797 908197773
51293 259390528
57203 836355292
57118 464915563
63014 576568996
33701 173567194
87996 910854739
10152 361196664
34723 130132525
64665 445802818
37423 397054812
35794 624639736
49087 863072086
62641 637103163
35279 523231176
52506 470580051
27904 906126404
69596 161672784
78141 855469660
34352 194595467
31557 424625506
67676 167852798
56583 883026646
86358 584429946
47430 715223662
73435 768391944
29793 217622405
84646 858870534
45248 233153883
89834 686087115
70299 737983748
47711 895603453
28516 52087148
37765 200101005
50222 979172904
40224 204591466
99853 243716600
92803 432394051
6731 778006318
63580 92443670
99311 953909732
76898 572516469
58715 114890726
53527 750591478
21123 250449580
28353 560214957
84033 722670130
44690 618021150
42514 773126169
99326 460072676
81844 249583531
22910 129564668
40116 342098899
55822 61591639
335 397964170
1199 568777639
68899 408631116
21481 111250765
29817 976247466
39141 936572071
77166 290197379
5522 227532266
99181 503552647
35967 869140496
16077 892879499
44893 717154487
97650 314511752
15261 967580511
54929 624803510
16584 206532916
15250 509232838
45793 284505718
64808 793944665
21046 309387200
31251 911243420
41952 584875106
16811 594229200
38316 867842892
41944 991874701
58761 437207139
21149 350809311
85887 663957755
28372 72245479
92165 123280795
20084 919358608
18568 925929814
36095 290546938
82345 693017354
7268 481727180
39823 272406484
89301 138042513
65093 944865646
53989 940835828
940 176975130
42504 73723139
55534 579975140
29044 287123983
33539 834914121
99037 608202744
53517 17320554
21400 523006892
44678 285665007
76919 447503327
2177 44405372
98697 456719029
87817 221094883
28165 786472744
65278 590802672
51743 632437930
38192 742672184
10157 225996885
531 805046221
892 62087955
82220 47708939
20265 785246958
77607 485384416
33450 873380785
95757 779321663
78219 904192868
66121 505603993
56468 534841103
68780 286653317
87898 209460995
77187 254651475
1582 828663114
84219 424968096
73506 817511630
12242 219223577
84108 964177949
6779 459289186
39051 861585653
46278 130642989
65014 692652288
75398 913479027
58474 256985695
24380 76570552
65458 495651016
61760 393045066
42904 283496882
90343 848533641
14135 367887065
64291 138169831
26851 376659784
85669 557235476
72819 648965737
94230 106417860
21886 366250276
16882 281941806
3866 166265588
30607 586139725
40793 765396891
26596 598866521
4097 54834104
29246 639610867
796 197407960
97215 676213629
94938 90241634
42104 678560058
19372 457164074
43089 267139038
91017 964953685
39331 447967830
51005 393287276
9970 714035201
43774 174465613
23521 164936200
71232 782595449
17413 118039327
22017 765402032
11631 380313460
79370 297276317
48270 352094414
73792 915523636
18306 348602395
9655 309097167
27624 24058099
60516 35483351
60129 381526739
67215 23538779
38915 958334512
38913 749162762
32382 192477878
87203 766054211
78209 679489309
36342 104169018
18757 24999887
4257 282313555
83901 833768083
85593 760117649
82911 746440735
92478 321969518
95223 500095611
6031 955976865
68124 836571360
4260 743053053
69324 525841969
18676 4686697
40846 643902875
83993 575885990
72045 395884610
32529 498710334
86761 589307422
62538 302676067
1342 97833467
954 732619179
54763 224772474
59361 741610316
73137 161813373
48676 99957393
95888 455718696
72140 424783559
58836 581438734
55841 493676726
90426 568525308
96194 515389684
36046 931513307
6108 450717305
48826 989493802
24769 521605897
7396 754536526
514 285021316
34375 125552968
6208 653066162
71554 545969124
64668 400885047
67721 627966825
88938 331176553
64554 696032123
38897 35088839
23460 121120583
38083 365134749
12739 808556770
26832 516378245
25200 874344135
8082 565467240
51330 943448530
24478 614406488
51849 58895330
89740 796421666
92605 706254081
47327 534535559
87290 629704962
81320 843054544
32702 846381479
54674 365310521
48313 244215195
79050 806198375
98089 291415885
20751 388559741
64176 752272921
51065 138152408
10222 874834841
77382 64849315
31520 335490668
14844 139282199
92776 937266607
33707 16540305
71435 63659685
61703 63982553
49623 675301284
34280 133127332
25133 73650960
29711 679236382
98740 480080745
70103 767479285
15802 514419142
76910 568855681
38138 909311197
22296 66254709
57804 544833953
80567 860875777
20668 712177518
59599 703145346
25141 895118985
2881 573870505
28600 91439230
27063 854399519
46513 453468587
15482 946890977
84188 851911149
49986 633523462
8905 595881691
76316 205690975
60565 71579471
75217 691855982
63835 340151539
52470 545278572
1263 757392078
38424 404454632
8087 310396654
82596 371112034
69199 373131967
36137 868075531
39937 70021086
70952 628829367
52896 804548632
17121 155785565
9909 542463771
94265 851858219
63635 257251613
912 612742521
56594 965527205
87466 322217194
70767 335939516
21325 193804487
20666 63314599
21680 403874810
58612 890740793
9178 398235283
83885 377528849
36831 322823089
94463 975558912
24577 395459454
6323 807787791
47925 412927154
75752 270789477
20419 270653554
5749 907442747
70802 562892589
3731 95055307
29803 624502938
47846 620646968
86559 165768024
82417 588162603
32072 66396844
3342 460203918
80215 197005654
37020 788007522
69188 635152648
77306 189818183
100000 714031199
98819 689364943
29513 76990757
89127 426287041
38836 924094072
86867 1269754
3837 777119558
45236 999148865
83258 331830131
17404 682734155
90459 562337032
96707 623359476
37453 325295338
5656 716941202
64526 166744256
33451 731567616
94334 934594865
74283 478210866
95913 231239082
54838 628277251
42955 943169241
46764 505466479
62857 455136207
88376 60676804
53947 917376050
54491 170282976
9206 897096785
84938 877598242
2017 155002053
53923 339454965
2504 882149140
12671 765174957
34557 82309609
26755 772697527
73571 566063063
21934 496920096
95827 494054482
82940 740112528
96557 170784472
39149 858702970
82679 516050347
63271 802854239
71305 526461771
86946 565691044
15059 958289752
46371 165262178
34668 989239639
7564 906789537
28753 810024405
10680 201962611
39109 104353311
51934 254743001
51475 62611939
84479 599909667
85153 332305051
88442 440882537
1750 402853412
36393 496131521
59939 549241463
80036 992176922
41439 308228379
62787 938855217
9539 865280819
43922 717217468
33298 407665162
55114 536786969
60672 936327218
76157 294029074
91554 87812290
95296 18333647
53977 106518323
14322 234219742
28385 880712859
43116 390485385
18470 855918880
23297 986998641
35158 703589734
29582 843473960
91280 721555095
74230 757093339
72330 742904324
43213 242860373
59363 206345337
97148 565451680
45371 129654114
81684 17158797
46613 922797922
86101 403980704
66187 564817456
85264 897827303
26237 261380212
70373 471165621
13564 586762444
87699 464101271
56576 242698891
68433 208008685
47037 339659227
18644 535296883
18671 196156600
52507 948456900
43649 139161264
81698 274255807
59105 693008121
83438 623666612
48696 260655257
96012 235605137
76538 985474360
17788 242248567
6871 734191123
92176 654724243
86385 293697018
33484 339886424
49939 210071994
50175 520091503
50542 440153694
84308 364345462
75416 43419217
55041 358094051
11822 801965539
79965 416908420
37309 998236707
16050 910746389
88949 357329654
27919 789988367
72595 690707711
6646 104603312
74512 657282606
78038 152937284
32599 756750426
69422 594972610
19481 284629430
353 499928801
96696 698763826
50236 448137576
64612 639441130
42663 525158787
72637 482107199
43315 83602580
42527 121274355
68829 721721287
95094 545735266
20020 946363782
4556 345170712
91366 263839010
51188 29823410
80795 169151869
76764 360538537
81715 39044754
9199 931916278
45361 84043676
24532 772274778
48119 751079431
65440 421452380
50582 613570951
60323 189766335
21050 772390388
7573 298762975
50835 523403230
74325 869049064
61181 891182905
64717 648219648
50992 608500461
15590 621801824
77422 113323904
13587 8851156
15041 59619976
51709 194097615
82471 64965639
25145 195156949
11999 611671796
91665 890784696
43972 224280522
31729 552113595
53135 366766379
11732 544692779
28979 300116430
69311 400320156
35276 176337758
65298 615584563
31775 357661806
32254 340982103
72385 245050792
31232 287860771
57650 177093114
99655 475620130
1937 627162625
39341 496836258
34800 10946804
27838 972623321
7188 117955916
79416 530415578
81444 764334487
52932 198187817
45399 381802907
91797 952706882
57507 948802110
31123 708516577
57924 633049029
35513 934524921
32081 371256835
93558 984665148
91725 26964982
59553 907111940
33814 68757341
6839 497451434
68428 184665549
23719 634345878
38741 529545164
60549 220999965
79161 880986559
66474 765687614
44183 718344795
92141 686901608
28868 497440703
80519 319584237
32919 89947404
78441 726026277
7357 724849961
88654 93136377
16855 738697112
22355 291954230
32588 518269088
86418 76960554
30698 833467514
21841 692918705
70073 70854699
775 781674217
69531 756630431
44007 54080714
16263 944089871
50194 312556787
61769 210597180
47907 770228908
83838 514261948
84310 652766686
56040 21433085
96584 908892552
80492 380864336
8294 837514201
2795 802973883
84401 643282014
28594 701011114
26226 187513093
90669 223299539
57162 417118530
91145 732602318
60233 394928244
64053 307054097
6505 555207993
74003 686855101
60255 233281717
96852 644326988
63711 175833680
98911 222625700
20768 863300323
93875 45878017
28876 556039509
21353 361963281
95279 718589799
17751 484843480
73133 161293222
65165 921470006
93755 138765731
56640 282945040
33993 445448352
75118 877224305
4916 688665661
44793 653879965
85172 468933463
56332 568482619
29701 89816752
14933 209013672
29856 863300474
47800 931054417
90648 472204506
64202 206575491
34608 292246005
52838 356903725
69861 291612475
27734 73847679
46929 883370226
70362 250244250
37262 357501656
95676 883937582
55205 998261312
10490 322208463
76085 711548471
77098 600604221
80086 560404091
9285 364359895
56428 418063322
88572 131099709
3543 668793776
81979 62743045
43868 948429409
90590 770395291
82733 487173493
8882 825885856
67275 430478176
22674 575241082
20823 339823294
39957 319753165
99270 212601150
9715 520993109
66977 33786856
3848 696918867
74283 369818180
1735 269219719
55076 404412409
9620 183435558
86856 797728638
64569 558207414
68355 13597773
15418 609741473
39051 75303946
46134 607235656
65651 553823435
13168 432889578
8596 280915745
49450 350179582
93688 512931384
47412 909326574
89106 966106425
27681 992251061
6039 505099972
80202 68017764
98173 147445034
28900 784077065
33559 344204094
22697 751517091
24099 510340804
27392 735059335
46674 734304632
20766 451377322
77650 956002354
77367 249959274
2463 170783203
16259 301791919
99463 493025599
75668 537839605
68456 549696624
90619 713120914
17277 791968243
8762 975824572
61230 318150369
8494 759469240
99411 943267402
40697 737141018
2793 347601172
1211 83075673
78718 779515930
42637 312672122
15303 238722610
53352 821034991
38819 736994672
34365 810462713
99747 599962346
20613 691137713
90143 61583423
7178 667630530
33649 741183438
56125 565532355
74357 734431862
17822 340365488
86820 572095719
3853 415185712
92385 948131883
474 984022143
24141 190892731
76813 242894404
32546 751245552
25047 34628905
90939 115739636
33680 820214344
48520 88283778
16204 238998088
45335 464064342
6386 229568433
83531 782470139
89682 98856362
74173 641547474
66429 386041534
8199 834544083
81953 746249159
37941 562419657
76087 818134777
69640 574996649
66962 463851175
91886 208500351
66274 852361413
85249 988957055
93602 929672932
20363 417446623
10026 581404863
92685 447429153
99751 779958954
18155 519787975
61021 396781
44210 305398015
97030 403265177
48104 130267264
24114 892592310
32969 945578365
3947 308529897
22940 221248316
23392 300839557
65166 356997997
53532 804887895
72098 267786939
38901 149085428
48408 115127988
83040 548744463
55559 312734684
70121 592215401
77713 326848422
82657 400183988
82989 189560137
17688 572746101
8512 153590482
46216 301529793
97246 363675232
31530 974946708
52571 148838172
45794 81780684
7076 807580788
48215 708922272
37813 359061282
82022 116100164
82876 759808352
9519 785961087
92032 174797943
26325 260211983
59998 118156909
85916 170052387
27016 54738639
47317 2437708
36847 270384776
63540 627167488
774 196157685
82588 788177673
66493 843654395
77798 62945210
17611 327834815
46480 963299029
70442 930823907
58935 173432799
70383 892715265
90331 139046010
94592 791371011
79956 400266073
45514 640779218
17355 343623825
94258 237696122
46114 853539831
35889 810668081
29274 695054354
82017 164645697
60082 60050153
7136 912005976
61855 726229333
84718 115717911
4563 860640228
48526 375983239
53751 351472290
60600 535049295
72093 608105651
15038 989246376
33848 755939435
89663 711602099
56605 258169365
1375 451275059
59500 564223009
85055 475419242
52085 789167638
25342 168952569
92619 375097015
63920 141627948
35544 180672317
4819 842481136
44033 143335821
98144 771058597
13235 124590303
68241 306112791
29877 396183066
78344 887347485
7905 545095406
22076 607343659
11018 121248987
46780 621914284
42747 107987503
34576 183417112
15184 779281752
28982 35196246
70999 833358107
63772 425523192
49896 44708597
73025 786710139
21188 603847082
70713 647631633
23478 137211905
41440 320878219
46571 445983705
65806 396493774
85352 829517065
78155 735494234
98812 459240325
66023 907935023
83184 979135019
63904 149163242
30279 49387714
92668 433765299
76615 442138723
83621 492974901
89946 219036588
32260 707309035
45383 910799754
93109 993875090
76565 508182625
85268 886929382
45437 88813721
5499 781509727
93474 126011380
68825 117089698
62269 626269849
94551 306359436
652 149915878
68620 662000265
29415 575482031
48585 919117665
89491 414797786
52261 52813371
23538 734022381
82577 255215835
51827 398617525
22426 707561452
78183 319649951
93069 790262000
93075 341194410
36291 543795364
75402 254147609
58195 53353896
87807 747218130
59528 988947083
34226 8578281
26360 876534535
28390 95523721
4374 116150841
72125 621041231
91636 160985458
22988 365390766
96772 217006869
91828 463437955
41574 777989834
6585 591032790
45737 574240548
50305 261090962
26668 649280096
76943 323574772
11289 273500188
27050 490415261
25504 444497255
43010 474508708
81086 593071612
44312 739944213
76249 465429983
81971 477328319
91832 848007970
46076 786336085
32800 758640518
68857 35622458
24082 891622554
96263 808536120
52794 280430875
38037 260367450
92773 601539205
63762 352193890
84503 689447447
44223 380373809
52 758105498
21814 686659455
8648 929851913
92612 693723772
12090 549089954
64957 435290641
46534 659382461
94837 404687318
99954 893307634
69796 979751982
73142 469381166
21299 573787818
46351 232172784
83284 77015066
62299 22124353
95265 564646747
49513 614035097
50675 858391378
30346 265563979
79973 943039464
97171 562586956
62992 356484070
7794 378669923
20280 971287941
61600 563148552
66063 504845741
91357 794225558
90220 554086106
88280 722804846
15174 372153626
70211 864785435
87890 602365550
45943 700349188
47269 338853592
622 412038485
19911 584889154
67826 594536374
17899 976002161
37370 101690782
3717 407924546
6907 995093618
24736 183700097
66051 959424267
34206 425392438
2511 985503567
52709 187360537
37148 17130222
41711 550615567
70735 207209463
28527 403781360
36723 930270496
12032 713464662
32308 981134839
34577 190103301
80792 191579027
32852 387100327
59496 588526366
25708 558629440
63053 25693757
1670 128228861
73181 925598961
83536 183980402
70238 340843946
67354 140477935
90205 499332916
98818 780411882
98676 313662485
11095 83782809
5904 974282606
75860 233977061
62310 880809003
99839 782293113
71201 894577052
31731 770881507
81798 353180465
72172 758407810
44534 468188647
33996 798900016
25405 124311513
66310 357386658
12838 412801549
94534 612517877
31492 861636160
90580 284779252
43076 90709919
2085 18097771
85738 37321510
91164 432300270
32450 316330623
26031 919603837
68038 251338754
82894 117854196
25117 153016660
58554 715197677
22738 656584870
83063 33735527
54668 326132891
98335 832864543
16067 623503344
46178 825967961
15848 402056608
60519 74933997
5448 996405408
71451 79547370
93380 606067150
94413 949398831
86610 841965639
16074 652637464
96817 673045728
9543 722468202
70913 761275076
67154 851397809
34302 729419019
58731 998834794
39795 308516323
10259 719155540
88526 584291159
18196 964673697
10409 705077052
79171 855068254
27976 653046992
67482 33622208
14826 879990313
66564 966886082
82928 776659131
35034 283574758
26822 665933241
73871 129059400
13730 788637904
51276 580348768
71345 171509481
57167 217678068
84262 385856466
90073 230674542
61839 384999305
62626 803359559
41227 527327650
83663 376025832
23380 880520488
99733 173587194
29740 657784960
85328 540234913
14034 745119097
23842 70588363
61341 720347487
739 100107545
85426 2936226
72181 385830067
98873 856431461
88899 605443523
58226 628964204
37370 874081178
5354 287052804
78516 231161692
43816 486721194
29350 205538977
32091 257863766
18143 580684887
79098 24616494
98843 326631160
1874 870505263
61953 398799122
85789 183392802
72590 381667932
32403 987408573
12330 832353965
50776 872945935
12556 72215339
75780 45336914
25512 409700288
6094 835571246
75325 876623453
67062 292978401
4163 571938453
16569 405624685
28291 824038636
70390 340546764
85441 909979215
42152 858077124
57837 836016481
41033 58165271
38826 790696960
76381 678650569
29890 503901184
86399 194302610
78135 69835976
60964 292803466
95426 328837855
74795 646383031
72492 491326662
31544 807641158
22037 59114373
1849 560559396
24808 268338505
26357 218457960
71296 643299495
39486 637054541
30301 9430172
46020 258305188
76413 957013291
85506 486371820
19808 247089818
25675 377132812
12650 796502882
85378 205301216
10760 236841331
92320 769242084
2726 621491837
13196 903882010
25608 715347056
78027 538236871
51213 835428014
60980 299667821
40068 726375009
58218 470721663
20008 488962321
628 488667802
79205 65214031
58530 974726712
12927 438017845
24886 282080412
11111 152314458
27083 658112570
57355 16132705
5502 801064250
92314 392361470
95629 250862946
50392 68750995
11079 40021518
55682 288007661
48034 852340881
96929 305248235
34119 432855725
82214 365200595
37649 583045290
61485 57011192
67490 122798405
35737 914935273
48024 26768531
94949 424086862
53699 873868751
8809 813286494
63483 855732316
78076 593884403
93523 164071477
30317 521129168
89929 94644824
93313 903593297
80082 119255498
29307 128778324
74762 234981658
83400 506027653
24687 571477476
703 553899616
3586 454072677
29669 894755275
85766 2443415
41122 126333561
63607 865505569
96217 93915987
96770 207726327
49279 183704579
7899 641654957
51724 167230683
56590 814875501
88349 153172578
23358 694724667
88250 483498607
67741 307890543
53417 38754710
78100 293995993
83514 328730596
31609 743489530
92326 504395685
67033 644947430
2900 285732096
22171 492640167
60473 145686169
37031 707786527
83944 282436401
76527 261563064
32448 758292379
39100 145887811
59148 666150294
11634 172623816
41629 950980311
52548 107862585
97094 799102050
65393 39997677
55392 755453749
19012 54509470
64860 989897775
68833 170675762
45312 104262187
87307 814617161
39339 561375388
6330 917730253
3341 369107310
42098 708392457
40682 904016611
27945 718514724
92531 742215397
19084 703285833
38140 865863740
98953 567593356
31548 578663398
47147 770230812
60009 640783447
16688 953955739
31659 524435597
13796 765411356
11298 605314069
52548 321827603
80648 320264110
13882 489069219
3936 142875592
50117 393375584
43737 765842594
41711 482361134
60489 779500904
18042 797643041
62718 5413867
64957 617093312
38918 354020617
50558 31691974
35523 485489350
22882 207776021
25391 880735024
58129 987496835
14470 443566180
74718 166511223
98511 612123056
67432 162056446
43859 580286738
78701 916741986
91545 442093814
98782 40374345
75140 332102599
30538 315302265
26480 4807671
59944 56804307
71914 482534875
21457 626190531
59704 776053720
94071 335443220
94798 181618358
81654 268962395
75375 998988347
52520 653948895
82920 805359838
86160 123341598
4582 431765978
95331 863445438
54599 757063839
35728 960338709
29867 531837293
2906 721378432
32278 722606869
888 788799938
33081 190110157
93601 858511979
89157 57172427
22518 675051499
55891 572324671
43412 426362175
51962 404244870
13607 335070986
40951 952070435
94943 525879003
68313 470975482
73947 27379610
82203 69144939
58016 734040466
54908 323870800
65411 584082158
40454 658509186
33905 86822170
60698 113461569
89045 616419106
54402 687125045
43223 688155659
30748 405813229
24880 301699417
27485 225844132
1318 356336350
4030 649753284
71775 377604035
88963 547747722
71374 258609097
80752 730280808
38774 254197975
14362 140128945
42084 380225297
63432 371331653
93815 845679157
91386 445715136
40305 293171422
9274 611785218
95499 754171770
37891 623843176
39062 747988024
58804 431076278
22843 41411938
87866 235768356
6361 335175030
81205 146585801
79491 657424217
30037 335425061
23704 54697872
26624 658533019
28512 539924833
63025 407180479
84919 328390555
68757 291943694
47091 658478734
17671 653180541
23363 512493045
60200 948313748
7162 456867182
38765 320526002
29251 279813463
50190 758386266
51095 238762099
35540 864847714
53453 431127076
14154 765852191
86322 496948770
69076 10672418
94392 763559737
73250 634600432
66467 475110012
35067 253947619
85799 812368432
23893 127056452
54288 235293687
54675 623196697
59030 457467061
58151 62385591
30344 62730234
81304 286081855
65816 609708446
26629 174118307
63966 474764062
39003 399962530
62871 104629085
61473 148666242
19634 995434185
59959 574482174
77280 120741429
5685 193699308
38310 647776921
81241 611689016
69831 474700719
19199 253598034
79482 579976228
72111 723812521
40064 461486316
11339 548713011
41687 622313405
36232 91463738
61630 275347565
68036 133495847
2739 605275138
70584 556050709
51564 688484217
54169 632421064
86133 390856555
83362 597946122
98096 816493391
58900 933945144
25968 627625779
31564 90130856
12287 253110177
84637 336872447
88273 46205112
71446 465175415
27084 318813341
77718 749119135
44575 674116900
14225 36925744
85811 53775587
82645 391237426
7346 105168833
80998 904274423
31303 868231664
36326 665500873
52528 784280903
43367 595759982
33278 773950453
15102 325913810
47627 792213911
20155 847888487
47236 546049959
52559 988206397
12658 936133124
10630 196700808
71226 159588874
75193 633673010
85456 573279157
5392 625889540
36062 367059075
1620 623922087
97119 44242999
45700 560766737
65989 812627253
51251 956353557
86440 356211344
37274 24203924
32380 943481477
8602 492409654
8152 114646315
96703 506345295
90263 630562636
57664 287083566
50711 886018212
94668 555106783
54674 103329077
64288 681931589
33281 316241581
41593 91702250
37769 55137174
67882 44359338
8820 988985739
1067 617482445
42522 291678393
89133 625138434
30231 878449986
875 820399791
49778 345392092
37674 525986676
91425 96652543
89614 525881619
90123 224791983
7448 849890138
82862 732794831
78323 453259660
99159 833644755
38043 150438065
61207 648747408
24396 85057153
83992 324652428
7586 310028332
25447 190759637
13833 379115538
45878 685546687
24438 147302641
6611 188310384
21373 613004042
66069 57178978
26552 567679872
26949 353666963
21010 266260211
30779 259384263
94564 859471737
1025 635141166
7839 75728200
54899 167922665
71084 769448843
65179 796388886
58563 735490677
58689 918883686
84243 9597597
76684 464409112
47656 886832354
84413 357135131
47894 550618647
56366 986349322
88665 891526672
68499 928318328
11089 275103644
69986 94718035
19748 651344731
5075 577203942
78019 159665051
10226 769004500
76743 877886504
69379 479174438
46757 439282311
19540 913123328
42445 929311030
68852 691597029
11757 118391505
18503 175904469
40175 492240672
25665 160188592
25118 453107987
88739 841943049
56340 507674615
50119 1416541
94323 1566558
16340 557817079
71540 613155721
15041 848157835
48993 21545106
12802 915873832
61011 134302493
15425 571761968
1758 862083703
53917 629162650
28185 423476948
33734 719870955
18255 912903202
20897 283557220
24945 98204619
87794 428732412
77674 356084563
47793 99227828
75671 965959269
72417 520937845
96099 985886011
55240 765535954
62783 221432288
5222 516888952
99655 867013084
89477 4966455
33007 421113333
37246 809574848
76470 709514303
4495 246637090
40359 875301416
31777 486520383
14839 132132135
8903 724028925
29333 449813766
31330 761748907
69582 284497109
6094 754095592
93164 604527259
69699 145980860
94392 166319205
85220 924035796
45945 161932198
58478 658058945
4622 399220127
77975 14201441
75156 894208026
60031 315412295
24173 780309270
45866 833218631
69338 291042638
79165 303914985
88451 345461577
633 832582100
76099 51755874
16951 926421542
62862 864085549
81455 474936493
93632 113146716
49089 824420750
57653 296858641
35487 441666980
72366 890572056
2196 416314684
29447 674564507
58745 699673477
72574 614313211
18166 884376042
20169 14680184
84263 605993201
55774 645167408
21567 389381984
5198 533843141
13994 174140549
45098 163449043
50860 552752462
10584 496382421
65926 257621021
74064 730777455
67632 460082346
65226 197628466
69948 895371951
67790 203910839
67240 417690318
15290 870762477
95218 359392219
70158 74458878
46172 737319009
98857 407708586
57463 345902899
71295 912680192
32692 636302562
98678 883430058
35399 542109764
36938 884448361
51222 319871864
93841 74659444
72793 881463489
91416 91764864
6638 472239306
80856 186744953
75195 589164713
10856 66458713
80112 492216107
78096 62429334
88681 874032791
16211 410225623
53948 581088222
27637 990200951
2360 528809339
60324 462546645
87144 922803047
89062 455871027
55124 488079907
32588 682297199
66817 106355668
58475 173319575
50554 526042895
86496 489759225
93034 584898695
6574 516863030
85118 365495496
49821 776304597
87695 930451065
34444 167970726
67207 786769949
96314 7089779
33553 482876295
53705 871333576
43698 37819088
64436 164400460
59672 635844132
5857 791530193
99131 158051320
20375 875296154
19620 897896042
80952 868295902
94083 632988672
84330 975069255
93492 32875413
74616 477947560
51775 449820412
16166 732565077
17049 921202770
83250 5792152
41052 750232716
94285 143257560
20036 650453559
18211 249452839
26114 119370611
98024 881878048
36733 434700829
80089 683488902
61792 415951136
38954 596002912
78876 63386730
54449 534926514
61238 655299251
11062 223573841
34001 774758378
5595 342604079
13637 763435218
84941 959598953
61263 186017512
92767 975004045
60842 977344326
51853 725769935
89573 699940377
47670 840278327
27787 801799128
67369 312784489
44608 506274551
50716 581913173
96260 564696244
94703 344061215
57314 237069031
60556 167718115
24387 628610511
39394 813748713
83471 702260863
26680 369702647
87699 176406745
93359 756112264
61725 376564722
79296 873885186
71303 40249185
2866 840898173
22244 145969931
87683 94132786
93517 886238672
73825 135580874
78885 683216145
26508 922976189
60916 607076435
18611 565306893
58585 748746642
26027 237658792
39377 318848371
44647 33533995
62316 800650035
94804 388002221
44658 263298674
64394 303957667
80722 223690027
7985 642793616
51536 408806132
52326 500818182
76258 901225341
46345 7446147
93641 855623227
93949 825771184
40978 278533087
105 839585331
55842 984672631
33256 613321121
5176 584710930
16934 324536895
61903 161477385
58410 705365630
5924 63927566
6237 188290462
78574 352948958
52751 784804345
26689 793912828
38191 990479617
19507 634401134
36455 602522812
10461 768189895
59971 817457100
35450 884956277
33953 653059449
45247 195557769
48936 121077345
35507 878580556
304 365289022
69298 83441415
95406 703100358
59025 828340141
66258 888062975
81721 872015346
91949 780330089
95816 669808064
63124 12506093
24105 880035975
87226 690417780
93432 692957016
83005 955703997
53671 817767489
51445 554698737
15994 959157129
30738 791298030
54933 422638275
61543 410398836
15666 183229062
76523 498537892
56126 112015332
70487 608513531
10788 952415603
6702 852275860
80850 805657814
13511 981067765
1329 630493704
21406 905708947
90845 142868008
66021 36407716
21895 960700106
28411 751503626
83916 783547658
56320 604592403
41748 427262567
98498 381467383
65418 609967477
44652 825886196
94725 895137133
81938 333377542
10996 458437431
8429 86357137
1220 33225951
85730 81187671
99292 616279003
70569 71707708
33305 134135804
60733 858648551
10635 538563878
59567 282885821
28290 165121255
78593 470356701
82662 439553161
85968 314632232
9528 989438311
88800 72158398
67838 609758357
35458 77545623
94354 722528197
55313 107593509
39164 961295045
91862 169839566
68888 344063124
86550 200754123
51728 452588459
65687 879006600
93057 816596334
76868 702886619
51901 816372468
70425 941445033
416 868990715
84312 512613326
79481 564719545
71839 20006520
32391 816899753
76193 169842040
44223 382841831
11645 412026553
38052 372816848
35128 609511575
73894 455295006
67995 637504099
19384 946308602
25813 758570094
17719 704526505
82465 714116480
86088 527269126
42799 832916879
61193 244732104
81341 293223795
76892 513521466
96496 548642489
66460 995746092
12434 994085787
68901 422879737
84213 680238075
81739 921583904
71771 875672807
15941 734866720
64704 389426531
88023 473336388
51122 472640316
56152 453981078
99074 322575273
79787 334012051
99 362257213
66860 336452867
47155 294736329
68389 181323264
61851 166073180
43752 950725336
66100 962604803
27556 929021654
32943 333706994
89245 767657826
5309 323994849
15930 394626308
26298 50524780
92986 877848930
21805 264806387
46202 744304905
30475 160202489
9737 872857744
55067 800267422
6469 261175565
93315 766985895
82496 262327658
75637 216129508
5360 548284055
7331 770050711
67027 419504382
76106 695462758
36951 496905744
12785 972750219
17314 37281763
21610 45791486
45337 77088911
66506 384783138
93443 639530620
66181 185524743
8811 334812149
26430 524872444
35128 729523030
69241 849813635
25603 148644547
17301 711361549
81137 355027920
71154 904777889
23068 929056588
84382 330230123
17928 752920012
54355 78878956
29543 523118892
12681 697108195
57213 770447242
30103 264205886
26015 306652952
53151 899972223
22814 866653012
25940 703001508
94330 429084941
16943 80998102
8205 665120848
23955 167730116
35086 136889232
30769 812626895
29261 707467160
21560 994824385
26825 183750062
84317 116840565
25579 548148438
70704 921950060
21234 986811970
32181 840867017
69470 203626185
79458 535597141
10624 383675995
28477 422240045
25464 816940675
72134 592960800
50509 775498618
95745 558144111
70698 72013066
12370 944755227
10292 998853748
50776 992841551
19223 838021174
59179 994963841
94551 121611476
62679 481533831
18423 116462417
62758 781067416
53022 516476583
56109 305783305
87558 712008780
37079 741389624
91675 170181471
39886 476416585
23769 491018785
56454 637573079
19250 525797929
85235 27196536
41662 758475046
11131 708645450
27299 802761292
16516 708004969
22754 798051385
88193 43572027
45430 554483916
76125 785208079
16617 101369672
19376 700273578
72893 894130619
37525 82396020
92859 572477954
34768 731413510
90349 813483263
38591 772500144
10464 979460914
65734 872499249
39718 930203699
65928 762254891
51739 392524899
25716 335007125
76560 262043521
2141 2618802
42250 702807974
925 984687669
49887 774084236
76208 990923494
26011 916498302
32977 978197185
78236 299193796
37950 791882222
48528 852538383
39441 500768663
41897 510154263
87926 573276518
94578 124444651
44437 646590506
2041 397767610
38822 885140605
24760 514941702
28898 839333137
46425 535384306
2578 748566090
508 803316931
88976 648465123
47916 317456836
97684 721348900
13042 865347906
15275 96451855
50361 497783058
11687 41760961
77853 915570890
12531 456168067
51245 54945040
97932 773573515
64337 557938972
66150 284357189
47906 777242830
73477 105644562
9599 377211168
71404 350857327
33610 339613737
67352 435663348
68847 507436648
48415 136819667
77911 734446860
90217 646757513
31169 132130258
49208 450912718
83815 414435545
39202 25589178
37887 187909826
98368 322612306
81637 579073003
75932 489408929
33681 237667197
24338 290078674
60977 177667503
23978 561517127
61853 192885266
73451 821049105
81761 81085073
16535 939011566
22867 109955776
85524 882249904
12917 550211423
51218 372212355
62631 286996700
85406 901526244
25349 974855412
21487 739774689
71726 368761271
68476 194002090
64 696968407
20022 345805286
72755 145896920
16865 121869026
21927 708834558
68721 458367345
10336 704142781
56122 943252302
19993 401011364
24944 5570217
72945 626355138
41823 852341580
79570 427573033
63942 617677480
56106 960084798
92726 788615220
32618 963779522
68822 180600499
17905 42780651
32028 401625816
44025 679252016
76526 674714064
42426 169075027
15896 132196709
13067 676263910
34318 252861494
90714 635594358
25567 120792185
1151 748591731
33862 745597817
7097 849657127
72901 212982246
50438 784541964
95628 310004498
35370 33079479
11162 88887758
53915 22489037
52340 263363855
98117 112714748
20792 47046845
41335 966678724
44601 951302000
30129 94701647
82356 511251009
62313 61254095
57365 432345097
9428 761473214
43704 755472450
90574 560141945
73182 16980049
56329 531268349
45779 4948249
51152 933518714
68759 628991598
27812 565629439
7253 63975438
9525 108522520
3948 916638541
86501 597881608
43641 962419575
96793 677265436
90677 275743721
26920 888308138
45594 236569736
56660 198202156
4169 717968322
3650 179874798
66329 621955272
15476 745848157
15274 68730140
69349 896359246
62506 153981299
73251 519326477
59520 290631229
81145 3829523
8394 11414439
4591 984677987
83593 723186729
37354 493526371
33124 497753239
48964 455418950
36822 830916537
83739 775466964
96592 81228270
63183 993278489
15758 264263330
40734 685896865
79197 410540848
27603 43840093
24366 868191980
42932 483504801
92525 718405816
60399 538004885
97080 427626669
77910 372369789
47859 297258458
36071 742489621
63197 739919963
62991 107749867
99220 907934142
97839 439816928
86622 415751972
82234 889441604
71265 67592818
27788 174636348
67258 431755725
37777 866098198
74452 191436690
67542 171207583
83070 423364923
36941 794286031
37445 491721856
46477 151722100
50632 772306564
14068 232705819
74788 57121215
34613 19710962
26991 705471322
57282 753668125
52682 634252600
24297 193077248
77301 682997207
59266 604341428
59972 123080458
99924 984550271
39946 492453726
55903 807802969
7492 530547406
73431 373169177
18779 799139772
26945 616447390
48113 384857118
45397 860419891
24914 79053616
88451 842787907
50178 309838488
11249 25048346
64865 317468954
66769 548422399
87188 280853306
97014 62971292
17976 339146074
3437 540496291
12052 498287227
26287 217619151
26347 946998125
70984 600346128
1152 903961280
50439 457153381
21879 549199341
99188 449056270
26726 566545440
61929 920882747
37145 374936746
70764 394188036
53236 549244232
23428 117809757
87033 493439149
3822 706157293
10736 992783382
25691 37173194
73138 381431456
99486 920281818
15008 909956450
5293 12885476
43748 921886783
15753 442401435
65099 395249857
21932 486052548
27719 313490222
28947 344638676
9779 562056189
46007 738556257
5759 793256330
77360 698702432
98493 689918451
48390 325266834
86464 996441907
97004 359952321
30264 465593978
58772 654757497
8578 706768862
20750 797130899
27337 368597798
30293 831604399
78776 919690293
77929 449492740
33500 812344906
33360 641283392
44339 955170904
56439 467133027
39700 974321704
10938 760627299
28138 567097615
78542 965858070
75076 296635065
92663 711094081
50533 270083101
85032 6402879
21346 681526637
52726 390397304
23332 762523220
15044 256590792
7206 470941131
34577 414349166
40263 238656696
98472 728425456
78883 635844955
55326 779941077
29057 653159161
51013 751137553
93391 747489466
7368 12709604
11485 486542027
96480 941024725
95722 924155525
68350 147424711
46645 42191179
20462 228746449
38826 345588185
5117 460165938
30651 914430183
32173 228662155
20977 800397229
34720 734228188
72329 815548968
51072 468311907
97455 337652716
65668 852018463
45843 394316830
40044 902493015
89116 937713151
77833 479696400
60679 660411906
38359 161962017
3435 682003121
70020 304750301
63296 324393944
14851 112273629
82408 52072865
55311 431688890
31532 65047203
73187 346440416
23782 5810109
23052 555792937
20715 580720771
75902 721442521
85796 351142739
58127 650661809
53223 315868612
72186 260347310
67050 629562933
55916 723776662
2423 115573971
50305 181358509
14082 358526056
5882 328571392
56762 272284335
98212 545394496
14191 889448850
52996 483980764
39828 243481327
32611 811098281
22687 924179125
82128 537412002
21734 606387939
81313 6204481
25083 320760950
69190 339927740
25186 940445119
18891 55285670
20212 978890452
51232 387938979
77320 124776928
72796 390686657
33582 705803758
45075 591857127
33102 318092635
52687 505881023
29500 863671244
37457 222367559
65553 227246328
44100 317608708
70106 192499277
44616 993684848
9411 612869567
57431 937441768
39047 122817644
55699 572563647
43283 562398618
85979 912814504
44855 433640788
90455 175028954
73494 615539926
28567 85957374
58042 175131507
77873 263506773
16277 833599364
34594 353996366
40015 138712651
40576 638000929
93156 606695997
62238 466840673
4181 267225114
81457 24556662
52292 977968231
6038 808845116
45333 111212535
93749 316840452
9986 612548777
82575 226996979
1446 396889648
21700 81206938
1484 23796138
93884 38187325
87145 278861214
27635 897811111
90503 877006149
51034 373023668
76596 893099439
24740 250151357
69676 412914274
84790 158794864
719 934824972
35624 215328306
8462 86655629
3828 698977935
57780 965952967
579 256682440
19983 731003919
17520 786832017
70456 898941169
10651 508111839
62566 377180897
8198 880714083
76452 617121552
68140 261589949
68635 73808506
75501 304064464
71300 66265326
62086 501204523
33011 452890869
47018 196666927
72056 795101175
70939 890086223
63926 987791642
81130 562737354
14549 400441566
20370 158711309
12023 208255356
66986 405515143
18346 701116783
40369 325271016
34811 677495362
49310 336101276
7097 234934071
27667 178283526
94620 369216393
89705 443925896
89009 776901316
6909 928397307
67385 224778581
75879 591028023
96109 850767932
77956 682850612
49615 958702720
10091 52769564
30970 973660973
27120 73772606
34871 590254240
37727 784039503
28092 353426897
79501 909343912
25589 961958171
96557 628125431
22595 939940616
64990 452168471
99 11488977
93160 941533085
32307 652238086
93435 877437408
85028 255539823
70384 605151811
83858 502812406
26719 815427536
32448 281333198
15511 559236277
55296 758473874
11517 179692997
49463 655492525
99453 61310095
43116 380186521
33800 113767899
86706 315570516
25527 567212968
7908 970188418
51860 908089821
97577 762127914
98002 822833107
45845 515199764
50342 405207464
32697 607941951
17037 883766347
73840 559627853
5818 801376603
76420 123481337
7690 278111608
2950 255179486
77871 252449814
29490 1950135
47798 208652192
44522 815358698
64836 884855184
64281 982783066
38387 153650587
10743 395473535
89186 245554664
48480 997704032
34789 917442379
24451 100491429
74644 708430606
49807 867260406
35954 444417306
48920 556433342
93937 184893632
82230 738035780
53508 387340546
45676 306496400
64206 407346407
20284 394890487
28932 912207189
75345 18855594
65732 366312386
99711 26745001
42111 794307144
59911 616071562
64148 760505869
55665 192591552
32501 292880002
96675 89311255
84911 167988825
35066 261956091
38346 779130936
16544 173706724
31899 394570133
87092 886253775
18535 438410529
71839 260727684
80219 212398612
29306 914428825
85276 570203662
76468 360229427
57564 990780765
85133 103624911
2919 390621411
5055 311196250
68948 84086224
64755 665116851
25612 722275791
19585 89599110
12833 621104534
86323 3413528
52373 700202519
28585 392756953
32935 262225898
30181 116259136
85536 496728939
62553 295930686
44303 463852226
89116 916237916
37306 215830647
49753 445472364
53565 574566948
41895 737049165
11641 486881753
69878 738637514
31318 48105416
62623 815649331
71371 28818964
1569 618503444
32173 839618898
47740 400750325
54878 533620239
9546 577333039
59990 680169807
55978 733684616
56513 301477785
2118 659290916
62493 791808183
43133 704269582
80849 354805464
64863 724111565
30217 671110607
45085 531840844
3558 684078167
864 857328800
30648 58491266
16547 269301939
39308 990578771
45791 182307942
1823 400698256
92379 128991793
3919 999877662
43242 308541243
33440 578652146
22966 150560050
27128 200724990
92678 935865741
70328 284749519
17381 340235614
60871 936124586
1677 853142430
12634 908935622
92805 633270894
32255 329295769
63374 663068217
73038 888720078
60529 937930496
66874 162752270
13924 632145941
44670 100837862
78825 969137167
57610 258844661
23046 44530671
49470 417630633
3664 836848901
5296 113540575
22554 717838293
93110 131694441
84908 448704238
28330 905773196
36325 180238062
58111 194912588
23571 923336376
54443 654941738
70885 248698722
18817 282942639
3082 621442280
68068 794684994
97785 735533555
62774 508051936
26200 645041065
19160 368862007
37995 360578401
94915 931442256
39880 918909540
78885 800830281
22548 419172306
88303 719437161
35527 644687435
26152 119152840
5291 581330399
48687 499078595
16292 977834214
40250 279624709
67377 628253233
84790 245360297
64484 947583219
45231 322810213
18073 788314876
6082 24731156
86257 362607001
88952 34736173
19124 540398572
51747 749820741
9128 451580419
81601 821258329
85488 808247217
11933 813135120
89033 700209499
82746 59119311
39919 27471143
50444 357050536
72465 311453529
46698 143549685
65440 165105406
96928 558585363
80714 574272687
8785 491520397
69944 296084753
89451 446583271
66772 242613165
95412 642729024
13419 984184972
14141 472375234
23432 248735334
70363 356381788
39676 580305346
44427 261711383
81378 955969156
67164 774390219
18214 90606533
34458 590503755
7226 994265606
87712 623704971
96980 661009208
68446 380565521
86320 132391075
17195 945953299
2147 570964607
83758 862185356
33708 861438512
43749 559660371
67306 519203461
86144 633704788
5290 937722801
29271 126612014
74405 478218155
28672 136732752
32832 862120694
89817 359782139
8144 802194152
84917 157175915
1736 994139145
89073 929251455
49611 462683196
9184 117628
94323 867853156
93397 866562844
31436 362925167
47067 487368474
34320 27204852
21957 876327571
97020 41376093
88078 183687153
2695 23090530
40940 893964672
59627 485513014
86447 212620207
34694 298396760
63097 619297942
41043 513461334
18700 741698740
73139 134152674
52876 275880454
58743 524787479
11669 542869480
64721 744463019
93711 268437085
89205 516359100
27281 211063957
73597 234562106
37776 567701295
86545 610115586
38953 468190795
83854 428648580
29485 411124946
24906 923554972
13734 933824680
51469 415719647
31089 138103673
47859 326341207
87471 309118558
53749 803713391
66882 263299948
73186 682017002
55081 615689474
1666 860710583
93483 436933330
12889 743121573
35020 735636152
15638 187627343
51168 397013885
79377 609225056
44093 867889993
7430 373597223
58676 329972136
76806 684692811
20708 593081634
77185 431239059
47101 868494350
55766 310120957
2464 366932280
54743 584842455
587 918800904
94439 671267342
92383 258482687
65056 767061140
95466 246128227
86775 660976184
33362 36349324
2100 705895722
43647 542966096
24607 361596457
29123 478553282
12079 295649996
66689 971516667
41189 841641055
83172 527913718
41496 965823010
89472 987644562
78139 203467863
48724 749866805
86260 858859069
39550 981681643
12779 944236867
52234 649151173
42904 627240840
40822 74871031
90753 25976586
92375 322154449
91154 34516052
44564 734261855
42149 351181149
49273 309468652
95624 616047711
79784 471035658
72643 249143468
63066 239062537
71638 799238109
40503 596293915
42522 950858408
98160 67060122
45291 884430749
96539 309242419
15349 767455282
68293 79395766
42620 895966857
90220 685237857
4956 22100081
73823 885299965
466 154765135
54428 160348427
35702 537699631
60693 819700267
75383 68653437
83551 170676413
85736 574866642
39346 601411019
48491 442625181
59122 276499156
73229 490789456
55179 855608621
43032 938237310
33175 214247511
12242 169781659
5241 651843102
7304 847548922
60316 156662391
85631 929267398
72748 849168838
12963 548132844
92070 22519658
64603 527908187
39914 544044912
3374 447503535
90575 654734625
18115 837499609
16540 812899875
19640 393978690
77393 6662317
18845 597180748
15707 585645989
47808 538601073
82985 377843306
98008 185979258
80659 627846199
51732 890861344
12409 99638043
79515 843348287
60567 426492313
25082 107287020
64911 560670663
46603 681203347
18353 486885971
70755 967866893
7388 257960157
32177 583834116
55465 940800608
36325 902264022
73245 510846783
33126 620511928
46949 788542140
70164 466558558
14654 995770703
40071 96061936
61337 922873349
60972 62722250
46549 617684603
73957 568538416
87337 622841254
54679 70482480
65968 901620141
39491 389061530
56962 380391284
93746 483225779
31018 926847967
5572 543458627
16841 263014535
90692 228055083
41365 429892598
37323 76706308
81422 667778748
84785 54933390
4422 849192457
47888 396161568
93257 863700181
67242 3194878
97505 376640088
32144 903296613
81813 430959714
51827 635292504
31902 859006553
85272 397404897
76206 14611673
9627 154275501
81470 341850578
23645 308116487
62252 310756252
95583 911085303
3372 759518275
38541 119589527
15906 727841930
53456 470962503
80439 452013089
57764 833970439
23037 239744007
70287 464230113
80514 19334472
90481 478441854
57710 215363873
74620 300140580
19344 539671917
34918 154754574
3525 765770732
17221 766585551
90480 458717358
4156 811953501
27270 754875667
71625 424747131
76476 552342855
71745 148277565
19154 212032155
42857 721386506
50460 839601156
17108 223668690
54834 469250876
43821 797250245
4187 143565992
51077 862470035
93107 779221866
48557 374353137
413 158108238
90251 574556453
80683 202406077
20282 68122332
28562 729294432
48509 52694282
71087 743326105
67993 788936882
24000 891953667
53264 887088050
29664 596011061
23791 945884737
39525 656116725
86960 68213637
87733 947785174
49647 988947414
8044 926564815
42624 675914714
36586 207645893
73301 569179597
42883 460340684
96202 9073725
19635 127197501
66639 621928941
44643 545638004
55440 929967878
39931 984060931
35833 83524007
27378 473878486
29688 440106716
11974 583819076
44390 359563333
31566 955103721
35524 638920740
23263 786462869
90844 143849059
17632 866952582
33880 913075351
57425 12251767
13387 498342478
89996 238341155
44335 369342532
88780 375732360
30543 327513688
15330 404396664
89032 344635867
64651 651118833
56968 801781063
93856 410293138
53775 834170183
19855 366104762
30914 211429449
8416 431446426
6536 25134623
50279 385375174
71014 538055426
87293 22702491
94959 529982960
97271 883209855
88 809872217
90931 656991146
79685 142350835
15661 764521640
44142 75810166
576 14992316
35968 756571173
47669 554669496
74452 741716136
12311 357233174
19918 135123444
32798 462421727
75338 667855156
69864 333853662
88076 578540767
95429 325003427
56065 111059125
87615 812341421
89362 445664117
95277 246897660
95010 629855910
11131 461650901
81849 734530275
11393 218037659
62462 536766413
50116 351754685
22997 295244692
26993 513002191
80104 959680222
99134 577764133
73882 655413526
94025 944147333
36606 764384280
35572 548611623
93692 210426342
32323 240885072
99597 720589003
92758 343607051
91670 854448993
37750 123986969
75453 433667282
86772 247197295
45598 491573601
20526 978619268
27840 639380001
64363 507053588
20976 353828415
26491 110522136
68852 997337181
96369 8490462
67583 767782586
95689 366748529
61894 485667633
91516 690318420
28198 267221885
62962 615317108
49859 37360558
61507 494006151
42572 385833694
53916 372357076
11352 847072044
53681 118600033
90236 749132945
4242 129475048
82844 894408267
49382 580983345
73665 173673101
89868 179186731
5842 355712867
83938 156100050
57721 794917390
83050 425217438
85793 309555349
88274 506834387
95065 726310720
80948 186161314
59250 17448008
69777 896226963
6416 274300402
65559 739337684
16535 976749381
57592 12931313
86448 493719787
37546 726038671
95339 66251716
4046 602890477
49610 888202056
82858 907717920
90916 905364214
67969 107949497
56454 849479247
64125 700325083
93128 822117021
77591 370076772
63319 699939467
32698 287735163
81813 846031946
6847 613145689
74724 173551423
36790 716402399
45377 352380674
22034 42612513
55834 120925018
97661 230872314
16476 237976670
66704 346770568
84080 528043975
2841 279772888
73553 60768493
70116 346243853
38038 750590359
32170 491526306
62428 661880386
39702 169852147
10340 681415505
52839 351652798
21569 476406884
83083 605893774
2616 528707746
6623 691562658
36419 130729128
93161 361529347
12888 25254181
57817 849959629
35206 474742396
45447 932390419
69663 830925546
2889 690200867
28550 762512682
24889 685030255
92322 972177505
69538 972536734
46260 558182959
99313 342677074
27020 266170778
48990 554366141
65390 230546106
5480 163242907
24560 29984457
70544 425192536
27503 587415138
62474 377850268
4976 902094251
9737 515696348
64760 785809409
88447 453645135
10273 328341657
81834 628834807
84280 836456851
81967 308057215
99188 90427647
31904 716282162
59659 898253784
8823 902505396
34695 875529865
58004 497767714
75162 85261668
99239 993880484
96688 768589180
5018 568277586
82534 822393072
27386 898908347
61076 541267270
74249 290396188
64311 831742496
25076 318311814
56584 856516436
54265 754634487
1435 286439804
32544 765598378
21987 350422943
38498 486413740
89763 874823879
22197 172332488
51095 383864674
16454 104668050
60101 721671379
69858 249360746
80056 404484248
50085 271993300
54433 656645355
75720 479169740
40233 132773886
87063 342560474
34977 936262206
92889 279493477
69822 817463597
40704 412231663
34248 894643240
92714 147156206
78585 772686821
39061 415062706
96531 486127913
75386 529271464
90372 813856235
75117 862026931
66110 23133593
38096 807455907
84602 260994665
59424 145465851
79065 590822951
88969 574109144
82881 456837592
85659 121847567
81902 211662463
29909 521661841
13492 317743301
63761 173310463
78341 705075906
31529 613443729
43172 299550232
31713 107106420
72546 836921681
10353 750793046
66925 26612266
45071 621385589
50497 536069204
80086 905286811
78566 914458619
50396 121597713
86584 213619961
76421 717423098
48140 273522161
97897 578867929
6865 195549360
82577 741256749
21718 851612419
11163 970017573
21827 342339319
86331 555234893
7711 474066554
75120 362759942
99310 971930694
5161 414149776
37443 988880881
85999 166323976
11638 536965372
34147 70427515
36680 169173005
34215 588523893
83406 414616189
37553 63115203
39522 401590886
74217 340511751
86769 302558219
58985 616459348
51371 569809827
67218 106422642
52306 798472077
90743 780992951
34783 335308701
91117 188390611
496 847550788
46053 521062982
82154 484875698
76865 896117424
69808 7467148
5796 475954283
83955 108086050
50656 293664158
30737 320765541
62003 736592059
75531 295270587
38565 523326191
35333 960118209
6404 335038839
80827 95110176
97368 835366798
77444 203112690
98241 84324919
78487 745874643
27782 992623487
55688 529007349
13975 179151841
86438 596262046
39239 915282505
27278 520520301
98336 349730379
97927 783648691
58793 176383560
37247 896515226
58708 971930132
81679 689477039
95696 131703231
78243 21692429
36067 80255304
55670 652147400
53100 633475818
3677 281454616
77015 324936606
60070 630352896
49417 648164493
73113 710866662
16798 421115557
16424 383105072
69348 806250253
35188 374156507
34809 940797791
97336 587933996
25360 172989205
34069 946102105
51725 81254167
352 550085451
2942 441822989
39035 248021903
80027 579888547
17828 59594564
97580 216396794
93403 761686150
54281 84543426
84191 772259051
72981 473010494
97121 45931853
49202 678091415
77454 720616599
98332 641583426
38262 705419659
101 777915228
35471 816838568
2272 17701703
17840 202428661
91889 105284050
25923 948375227
29217 856613416
793 900587786
84733 598058107
42790 723582355
90314 988400748
50883 758606686
99552 992075668
37237 501683725
37963 549339483
55598 803489991
81608 523408697
9934 581838234
24203 674544260
44924 463461308
3222 407064238
78835 51129372
75215 961922349
96809 937817804
9047 255520076
87825 226869198
19459 582010528
84543 408106102
11315 202173933
33780 261521639
28783 9761802
48473 654234404
37774 5768193
58926 484195499
45055 827229714
21463 150734671
7360 227424312
8006 603438402
52210 262593145
70585 932545141
92494 835602620
92991 86949685
40808 419359862
51462 579728534
23551 426516226
14327 929731664
38514 660027431
48512 620373239
96954 742659032
52051 989572852
30936 259973363
2907 497346045
76799 389211729
14145 387902225
66463 148371155
10053 334396500
19164 331823192
72081 372204394
95515 282412468
56231 715980374
97732 467162314
98569 692298878
7087 608356346
14512 259150229
67701 272549964
78722 589685718
90929 256218933
52743 752451295
95512 641496738
67280 540181608
5427 813551879
11440 394125843
96743 924479415
10560 983363211
66012 761731953
15603 254545669
47665 572719638
7277 854529615
32426 143052352
15150 64314207
55081 550681438
44355 8613673
90430 212902847
96275 296140955
4791 563291440
68809 986791268
1233 706034725
51372 988975547
72375 773557269
21255 831180831
41001 379889372
10024 597238144
84853 280288970
59089 735945725
52099 698444163
19765 508641196
11795 800339026
90253 454532907
46683 869878497
11193 537713540
5161 81333487
80833 693266593
46840 673069078
66201 996578289
51240 449936522
40884 180458464
9228 586243711
98996 947890290
31745 819997609
57395 737267434
20990 489598896
2191 365082256
60082 124233112
87635 935206955
89374 700562769
53537 781810705
30294 913686815
25904 753758082
15599 758132680
88795 935752524
96870 768374391
53656 188223971
68875 491522623
56114 284031485
33330 186137225
91525 411090044
63864 475290527
10871 209882264
32063 870679707
5384 33834338
8026 27906319
30495 577955723
23645 567340854
43980 877413150
72634 623217136
19317 742153173
65015 593023894
53846 298225453
81699 223895193
40474 796926647
88667 187338409
29331 403589136
41845 269467882
55324 578790404
5732 2422582
80669 895049717
41534 143878012
1524 166910645
44468 235724536
94207 217862417
88942 754149805
58979 50420719
11964 167937193
30817 588505765
63246 742887822
59132 146531556
41512 382687556
98907 428235899
91116 62449103
17678 756865704
44545 164625525
93262 997426353
40883 711770000
69219 394222512
35778 624570900
47039 332146929
72634 372356637
34380 963812709
49777 890358974
89392 795559897
2032 746587032
66217 271199384
82921 769601764
21760 348480081
38473 409728969
99961 553203805
40728 415870058
90031 62513698
24485 98855589
34999 328560931
13513 827968393
50281 535272622
58073 146207294
33613 913215749
70889 316588358
16277 823290920
49965 430265008
32431 527659779
21827 186499444
27428 4475775
95550 126960470
22385 937009766
68529 829986072
23054 967739426
40791 271163198
8766 367774259
76040 554280266
67667 807870758
70166 937548021
33490 735046036
48319 648212329
9574 498256451
12915 359149709
79022 431957667
87141 607127113
63251 66798515
66356 688604070
15371 331776320
47002 345465034
45549 790854686
48591 420981981
17303 653341138
98553 37655651
59650 687354126
76383 503803075
70581 870562810
17449 914354077
81695 571248635
60377 955557645
88649 832479668
26542 451917954
32941 54598787
36296 925244603
78144 99115159
26176 331864456
76383 863806023
51229 362802959
4476 923151464
30271 879683561
23863 669813831
42378 337393411
38736 988866979
98210 768793704
8952 689448275
79115 666068999
54633 135133240
85385 753922181
41674 342937223
56004 790425276
21915 106095725
45939 385867845
95357 201191989
54151 700931052
21466 729900734
47313 708431146
62905 934364249
15760 412361018
60468 954641054
53133 81285887
86668 533628609
5462 985290737
39181 912159186
13856 883972645
36069 922473438
97821 436375286
79926 667261555
21123 746205899
21891 283589629
7526 256487495
76975 136158297
60915 871001574
79034 303713026
81621 386804605
55027 637563182
91885 116321781
15345 532154727
57556 213608232
1983 555677981
29255 180844595
28155 735952052
35758 999161880
29152 465452154
87776 836320304
54511 853820756
93850 845205095
56562 531056768
15425 322583497
93721 60042578
67121 284604437
85180 198361241
35784 598768953
83669 146292960
44797 853231883
64225 881556058
93124 108464364
57304 146143812
13151 383715121
17698 168093575
80814 113579325
15750 764632672
83992 577881656
229 928097827
60891 364988367
93845 730755547
91273 542851656
68301 925945057
79601 782664290
61212 314177963
53543 826754176
67312 812860673
27231 446509656
3172 942837097
56982 201477097
63560 420017031
79041 718901511
18998 777934032
13338 345439396
73311 322743062
45714 296829660
95448 43781289
49408 976731646
53200 307934468
79357 582024701
96218 466688765
82819 818314844
26295 488727737
18437 58504773
56436 876122078
88509 239803211
87087 178300711
6487 93504656
73406 945958867
3926 75948713
76053 573240260
80914 998967912
7295 163655249
57120 16627826
26365 190276978
59041 293525918
75364 474887075
29524 559163030
19277 813932232
47569 358779754
99432 83758548
46003 418528050
66187 26551893
56692 197350531
31323 184826729
42639 994966529
57122 381964234
79900 710697599
91210 815334917
63285 87952712
9645 153424554
92352 885931982
65247 938400124
13930 312695475
72950 667490265
73825 72248582
41364 922171408
88285 334366591
26088 270976740
97714 920511764
38783 610365575
3309 700016798
1711 415658627
60808 864965728
5911 685320893
98025 542493643
78066 812739206
10330 417024243
4818 547955831
35469 547963830
42659 669582403
95809 245685590
29406 617544052
68274 389593253
48547 123323676
15482 992326503
52439 242202954
64743 161580608
92872 656861868
61938 755894257
85772 703387768
16723 386520451
62139 502212888
35916 222092330
82590 209791658
60027 295084991
71250 355257456
51400 884812867
14183 230172916
81563 26154177
40160 214223462
68707 300140813
28574 444833406
85800 918349780
47701 348281630
20358 620786973
21696 938694209
40258 404140648
22194 754017499
28210 269551774
44683 162509774
12465 624867289
98947 264865582
75702 612539025
72441 144837944
32400 171045429
60092 136220485
54650 175899032
74530 850453185
99664 35960955
56629 338717805
90378 750082083
35278 890690094
19936 449598253
13640 273465423
10185 297435632
30141 582026099
4848 314787623
39139 533357507
8175 169665743
48786 678256592
14974 4675909
61739 848607499
41369 21146806
16485 260235495
12264 509821330
76689 869263963
23966 465114241
57581 322106600
32958 384204509
43268 61303146
15301 670855572
13418 617096597
46263 865872885
27426 368709065
78988 930511241
79955 817487674
96116 446568424
71878 816490652
17966 908970139
61513 62951471
18125 335448895
56177 448055005
21558 92363760
45404 952409312
45088 47420313
29293 442642026
11983 409798891
78123 451626460
23908 911179665
59503 879804250
60516 904569
78416 8104908
26797 2149490
83868 109819055
91694 795953872
61389 289721356
9919 515252076
38694 400660680
2227 38016920
21275 41508744
67760 117683299
32950 711876500
77756 808733016
54367 196603526
10677 151921326
65117 417630714
10598 965749890
92902 49980103
54177 132214646
87037 576459113
73624 20200946
62195 694579765
84035 619040327
61142 991374763
62543 269311163
68325 992888191
50840 612083454
38338 508072228
53753 526521747
72127 509437122
43923 772408204
54570 468873857
64261 540887915
70930 499105135
57749 494320339
41051 396179595
74303 527918221
63192 42857676
6929 281779610
43569 426635803
48334 791881440
48351 276886342
9966 901395860
99016 493064293
82449 344055734
23357 805648313
25847 608712752
49748 516169713
82462 800654573
31214 910399425
27019 550243652
24818 734894218
2470 494293791
93696 182776291
22452 377406473
52624 672755060
67860 946873761
48047 258844775
86619 384824217
3554 876056961
90374 973406034
52344 298275853
53715 963292111
89111 671554273
19181 653306343
16061 272015692
51085 3386324
10544 428495907
40403 630394568
40409 354743428
61492 111703382
18869 52234835
53872 932233617
21187 470505908
99581 929125488
26476 959170476
10451 82041384
6970 100849843
50115 669209094
91100 125437701
77845 639755928
4241 381098078
6126 115320853
47907 266167602
97142 340430228
12238 494115417
56058 191209300
20378 884920934
11494 120254801
76073 245786699
39550 377316014
29819 20153971
61609 477752487
21305 929149375
48813 924965117
96434 838846807
66090 879031202
46820 984793076
42319 83930156
79288 308237112
99271 115186379
46683 463707926
81666 611472361
7756 802210050
40031 535254093
59862 899253720
32499 614425146
23421 788321764
24492 127644574
62661 313319048
73609 907459564
9799 567212908
61143 987171430
11111 744544638
97464 695656117
60365 872721397
49007 148128025
86901 771984491
63699 419131820
71307 17905330
40261 73187925
45055 52126778
9712 124303295
13974 322578978
77282 575765138
21419 550262017
96122 965725136
3750 341043174
86336 897813976
42320 674854393
24793 233659416
16324 248649774
3333 323199944
19008 511107021
80119 660904163
89628 519960164
22057 953751795
20698 244569275
20006 188385072
98839 416826338
74262 663151154
67587 271396738
44932 721795191
95550 469858664
46800 964223305
19266 645937989
67625 357810279
56954 414314580
95521 19690677
9364 732671954
93890 422075595
2192 594648094
32063 614392788
95579 611952515
82938 334954187
71323 291417440
19743 682429973
75437 415338164
3550 828987699
79639 267429739
85033 741817248
96895 16887635
99760 719554982
79760 447386218
55646 412028118
3395 725953323
3514 968992052
59401 290598875
68539 309330712
58344 671678727
69058 687795014
52577 575556709
9159 508964144
46978 973967581
83137 516103842
41210 221565464
95736 658538897
62648 531196988
78705 902497454
79351 843529824
19851 440834300
21979 810989453
68632 758655444
66891 764075022
15025 428714431
12755 959464287
39298 250373577
85687 508611570
36201 916076939
88888 142913740
39953 587865918
63443 85569288
39620 175788355
2738 853227888
7520 952011756
16775 614734673
26093 21589001
16429 554476921
14246 745725682
8462 403829567
68808 652409299
86401 243793743
55876 71323994
31958 922710369
78626 652828558
53549 930946660
62287 419652758
51560 698906628
21549 674187918
16138 463917181
73866 417655487
74635 684399658
93426 481093303
63842 116860665
49296 939182463
14656 480555557
52104 247734897
35789 27607893
25862 834448228
50971 643009063
58671 487090148
15744 834944826
6110 557481479
60198 351761789
38112 360686765
91343 222118346
40232 249615528
74235 870470032
2136 885413178
19806 320445074
50936 124323121
86479 241577642
91895 59224818
59254 728875786
78535 306746138
96854 817862400
54172 942453960
91489 399958451
536 77056294
7594 844910660
42296 97700293
27921 248513912
67809 31598295
30108 313361697
72246 253502188
69143 672473556
3177 539825774
68065 554044436
98198 556879067
19943 236630947
69632 865162577
65580 630127939
25667 35408949
24161 201384188
35164 764577410
5986 71203855
67823 940587003
83950 194882614
28173 95437525
68707 629059925
78995 640655689
95716 746998339
78841 268005660
53582 41334797
61764 669683090
19419 576127487
79867 127938995
64561 185420977
60599 342290948
61830 744251735
30584 584529416
94083 983538574
67058 436717509
97659 612861318
16145 781496880
95805 547414094
36285 325302305
97280 392403452
9598 730803402
33989 503216319
3203 994775027
70870 666100043
17438 808291104
72441 609871620
10155 349266584
5617 229677708
82476 985854454
16252 803093939
78775 720251525
85198 539737830
37233 860658234
92023 741839776
8689 793230256
69286 8578880
5681 174845324
159 372414159
74050 966973478
88305 982136764
65419 191437121
71936 671723214
811 312369115
41788 682442417
16668 637059132
11888 438867573
85362 845492366
81921 160267932
33137 747856910
85504 894438276
21472 753560326
11135 505321360
82503 919142485
95956 551846651
43258 499046202
99890 166421096
10178 915181601
91217 317095560
20751 34014923
1506 985952084
83336 538646434
92357 734567060
33422 470302406
45811 211546039
17565 100974897
94339 888457053
31595 211912618
68907 474809544
22061 926561148
87883 845728929
41581 610006870
59711 510460940
70597 326624903
95104 189838264
8616 794763133
51083 579866369
12895 730884316
43467 343398320
52295 545394326
50006 466145598
21855 767342635
60423 503851255
18791 433716888
65212 146414710
76384 952019674
52476 484624646
67325 623688786
56356 744192755
82340 476232803
90878 516392877
99836 22592236
35606 380378524
89884 84722244
94988 694066699
84598 524287147
97294 439316522
17348 525071361
68553 6349618
53597 524046009
7192 575358329
84212 66255666
93165 437553486
85328 283404811
99753 525754654
972 429857312
66317 661363488
52917 82441700
76008 440244740
66534 798168508
82537 353622794
76053 575413718
92382 753591461
68417 647853837
86829 500163892
52913 944353058
70078 302771834
38631 473983840
26847 46802920
24364 304491449
22493 867870630
77688 41945825
8986 622355644
35722 997851533
97355 765638444
84035 772717470
6392 316045497
43108 770234519
22716 882543916
84982 60965965
88712 720487837
43822 748206652
33660 753304662
21805 294609234
82504 412722494
77639 74825343
56392 311500345
26518 61292286
62520 164306146
82541 991904380
76252 521996140
92469 700567975
28713 296027483
81356 346664772
75059 316930109
73109 687507361
2489 108029331
73049 288032981
65910 330662236
31735 340389307
33482 879541606
26590 27394324
19646 202109779
93609 619249749
97852 421714183
9921 295387916
23703 577917514
63459 446655384
21759 103125034
77329 766067725
23099 97191085
71223 15117881
31518 288628465
79758 155091331
28506 299668720
15944 228081091
14592 617392172
27513 877488057
23468 230105252
31536 387587637
44791 522831867
21921 117665358
79017 380090961
12298 616897844
92404 290209146
42434 34291119
11521 874614476
35523 275346539
8288 964204624
55203 733385181
40267 967485669
30903 916265084
7798 704521169
99143 320432377
74353 125320216
69682 32902473
68159 437084999
85012 761756081
32259 212608179
44758 273185517
7273 150279275
22025 411780210
36363 882369158
89942 943657404
62638 843247345
12609 930854444
87053 945929886
92691 942027006
28289 105932238
59214 77716589
35923 355203401
61489 815849592
57940 159592044
42194 712066577
19869 123044818
13795 525743128
58843 424419972
59921 425844762
92318 936196263
867 565921578
878 642466005
34369 542328387
92691 224210405
66417 954076153
70410 399661634
21835 310444035
51328 363010198
32499 671076802
28318 365685937
14211 403624898
77866 375699981
99887 795739558
16860 119085225
57811 708632419
5526 146756229
45705 41091538
20921 811171110
84642 877999101
87841 75318992
90799 480048651
95638 852242619
9061 787639317
80802 809529947
39446 879561980
67112 799574051
89683 407669047
81345 175345105
83072 221897070
35082 963473130
65832 301399959
96762 732712950
21545 291350101
1763 642221999
3751 344567678
12629 293705154
74647 337630681
66658 24386367
33544 515690775
42748 473972675
51741 363903580
78240 45160572
58230 999093471
28546 705871788
2679 498914559
84606 294519798
47800 846829265
2368 808765494
7109 389107087
41719 135966786
84786 27077417
34078 689600840
60297 436527926
39450 117189655
47174 943325792
63463 143954420
30072 757356966
85217 876773331
50728 371470843
87111 563346139
16 410349763
94907 550410875
31202 278848701
81747 657104657
52514 78060587
41344 295356586
54457 144148497
16101 17899015
69845 89182255
49011 909606756
23842 868798339
23843 245931581
6737 451478606
9411 631465185
38627 985795703
24351 657895865
46315 489681348
40043 774760572
56933 677844961
55894 833674127
62582 977761196
28776 987057695
11129 997934458
84572 302053670
35053 453718179
12683 331039036
85550 356415885
9651 228741966
35853 139573776
92505 849397158
96667 653877906
85380 245532783
66146 766633801
88013 969700915
28650 193209584
80544 132167667
47611 679368365
25533 118295542
24088 870809282
97486 479325744
31602 65509316
43220 610361833
92486 91254045
5294 593290918
66951 396962809
20068 576294592
98002 190382191
86320 677115832
88780 536672205
18368 681513235
32222 61071114
10491 683290073
41219 926889275
67033 698412062
95171 627513202
74103 314510845
7692 536286195
21352 229019522
78129 106921014
62130 843973825
75401 735855414
54676 201264521
71258 652614630
68830 116936580
56406 702743612
25124 485041815
73959 790741348
25787 783455213
76018 672800794
8564 541903806
12234 298275217
94725 110219289
53465 969585637
598 117101768
63308 881482131
75237 482951013
15233 204864069
54372 299871538
1818 927280802
93168 329771867
18898 287881963
39286 542677008
66908 182313924
9768 569503807
55910 16715140
22102 10960232
70180 713475719
65544 707874932
17683 642924113
79691 320624462
62610 546604824
19822 693701537
62742 240242158
99251 621665100
2781 645669444
91662 268395322
69514 891469126
96335 344580076
74895 890865384
18241 657586429
55643 463660948
10037 613993572
2564 901210
62092 149428710
97146 36200097
2614 310369904
32496 103144320
37614 433869295
29577 805934161
84274 265345381
45920 962895310
87858 939915078
15527 101369508
41132 978497749
11095 827981165
81289 39160203
80429 316248945
99057 617293683
3574 39976561
94773 907071498
13709 902699863
84384 952022999
91315 800405908
85133 552365605
6892 781308960
61540 467945810
76032 289593680
48250 840347195
19477 736633003
45357 559932378
89868 493409881
60666 867870975
97284 125362999
4930 876028919
14355 457021830
30559 338839361
76933 801967650
11035 998600365
77418 244618930
24651 112045386
88447 151165168
63895 633255538
8856 64848673
23451 314455798
61642 346544342
85587 334800201
28793 968212184
10207 311541500
17287 628351415
78323 491888829
19381 487317857
29990 370893321
27743 61057414
62808 561362479
53808 715691799
98066 640339188
89264 601499367
64133 898960608
