1007
573 934885427
391 934885427
715 934885427
256 934885427
645 934885427
929 934885427
830 934885427
211 934885427
266 934885427
146 934885427
766 934885427
911 934885427
720 934885427
351 934885427
435 934885427
279 934885427
537 934885427
450 934885427
126 934885427
311 934885427
628 934885427
534 934885427
185 934885427
802 934885427
607 934885427
365 934885427
65 934885427
54 934885427
103 934885427
75 934885427
936 934885427
102 934885427
983 934885427
29 934885427
230 934885427
159 934885427
398 934885427
971 934885427
321 934885427
132 934885427
447 934885427
192 934885427
39 934885427
52 934885427
53 934885427
585 934885427
122 934885427
938 934885427
496 934885427
256 934885427
833 934885427
106 934885427
243 934885427
574 934885427
625 934885427
936 934885427
993 934885427
231 934885427
766 934885427
337 934885427
345 934885427
538 934885427
117 934885427
903 934885427
368 934885427
638 934885427
927 934885427
557 934885427
248 934885427
76 934885427
32 934885427
114 934885427
885 934885427
844 934885427
630 934885427
799 934885427
873 934885427
992 934885427
85 934885427
497 934885427
934 934885427
724 934885427
498 934885427
229 934885427
702 934885427
165 934885427
564 934885427
968 934885427
832 934885427
313 934885427
55 934885427
798 934885427
495 934885427
681 934885427
31 934885427
375 934885427
71 934885427
252 934885427
270 934885427
708 934885427
827 934885427
15 934885427
399 934885427
123 934885427
287 934885427
445 934885427
138 934885427
758 934885427
994 934885427
356 934885427
342 934885427
513 934885427
218 934885427
739 934885427
742 934885427
863 934885427
276 934885427
59 934885427
541 934885427
459 934885427
11 934885427
717 934885427
689 934885427
951 934885427
919 934885427
480 934885427
570 934885427
968 934885427
499 934885427
215 934885427
648 934885427
74 934885427
756 934885427
515 934885427
2 934885427
352 934885427
987 934885427
686 934885427
763 934885427
80 934885427
256 934885427
555 934885427
65 934885427
783 934885427
153 934885427
377 934885427
82 934885427
184 934885427
962 934885427
907 934885427
749 934885427
463 934885427
594 934885427
200 934885427
287 934885427
759 934885427
401 934885427
613 934885427
767 934885427
666 934885427
895 934885427
47 934885427
328 934885427
783 934885427
141 934885427
875 934885427
150 934885427
591 934885427
884 934885427
52 934885427
395 934885427
542 934885427
385 934885427
39 934885427
121 934885427
821 934885427
352 934885427
791 934885427
100 934885427
788 934885427
313 934885427
825 934885427
256 934885427
669 934885427
522 934885427
979 934885427
676 934885427
34 934885427
587 934885427
855 934885427
162 934885427
328 934885427
203 934885427
181 934885427
121 934885427
682 934885427
254 934885427
852 934885427
940 934885427
125 934885427
276 934885427
184 934885427
191 934885427
532 934885427
203 934885427
96 934885427
371 934885427
699 934885427
358 934885427
260 934885427
770 934885427
809 934885427
643 934885427
856 934885427
163 934885427
39 934885427
754 934885427
502 934885427
652 934885427
944 934885427
425 934885427
715 934885427
198 934885427
372 934885427
870 934885427
86 934885427
581 934885427
46 934885427
777 934885427
348 934885427
688 934885427
374 934885427
702 934885427
814 934885427
828 934885427
978 934885427
174 934885427
784 934885427
448 934885427
233 934885427
463 934885427
254 934885427
424 934885427
596 934885427
876 934885427
957 934885427
253 934885427
837 934885427
780 934885427
315 934885427
774 934885427
944 934885427
847 934885427
377 934885427
603 934885427
538 934885427
941 934885427
609 934885427
349 934885427
474 934885427
376 934885427
575 934885427
880 934885427
258 934885427
678 934885427
78 934885427
210 934885427
140 934885427
544 934885427
180 934885427
963 934885427
61 934885427
857 934885427
179 934885427
854 934885427
525 934885427
423 934885427
970 934885427
309 934885427
662 934885427
196 934885427
812 934885427
989 934885427
572 934885427
807 934885427
349 934885427
41 934885427
68 934885427
5 934885427
348 934885427
852 934885427
421 934885427
4 934885427
30 934885427
30 934885427
454 934885427
678 934885427
407 934885427
757 934885427
139 934885427
16 934885427
447 934885427
420 934885427
571 934885427
752 934885427
577 934885427
2 934885427
81 934885427
308 934885427
365 934885427
936 934885427
335 934885427
254 934885427
646 934885427
365 934885427
466 934885427
976 934885427
149 934885427
874 934885427
496 934885427
828 934885427
936 934885427
238 934885427
508 934885427
750 934885427
286 934885427
535 934885427
502 934885427
490 934885427
110 934885427
192 934885427
731 934885427
572 934885427
599 934885427
183 934885427
182 934885427
289 934885427
119 934885427
389 934885427
296 934885427
285 934885427
513 934885427
186 934885427
721 934885427
296 934885427
754 934885427
645 934885427
554 934885427
751 934885427
758 934885427
134 934885427
327 934885427
799 934885427
702 934885427
572 934885427
859 934885427
417 934885427
840 934885427
644 934885427
898 934885427
319 934885427
451 934885427
941 934885427
658 934885427
513 934885427
285 934885427
163 934885427
101 934885427
11 934885427
353 934885427
710 934885427
530 934885427
654 934885427
828 934885427
197 934885427
949 934885427
949 934885427
131 934885427
499 934885427
65 934885427
763 934885427
676 934885427
420 934885427
700 934885427
255 934885427
758 934885427
577 934885427
104 934885427
173 934885427
600 934885427
43 934885427
33 934885427
131 934885427
627 934885427
477 934885427
575 934885427
994 934885427
476 934885427
33 934885427
942 934885427
669 934885427
870 934885427
552 934885427
828 934885427
658 934885427
711 934885427
68 934885427
73 934885427
185 934885427
284 934885427
480 934885427
525 934885427
536 934885427
321 934885427
190 934885427
176 934885427
320 934885427
308 934885427
571 934885427
931 934885427
344 934885427
3 934885427
684 934885427
932 934885427
186 934885427
508 934885427
293 934885427
761 934885427
361 934885427
11 934885427
22 934885427
419 934885427
446 934885427
990 934885427
623 934885427
4 934885427
837 934885427
422 934885427
442 934885427
396 934885427
140 934885427
832 934885427
797 934885427
306 934885427
581 934885427
867 934885427
285 934885427
419 934885427
128 934885427
800 934885427
695 934885427
37 934885427
265 934885427
472 934885427
323 934885427
736 934885427
589 934885427
876 934885427
103 934885427
930 934885427
987 934885427
692 934885427
391 934885427
383 934885427
500 934885427
822 934885427
384 934885427
352 934885427
847 934885427
328 934885427
551 934885427
512 934885427
613 934885427
909 934885427
555 934885427
680 934885427
414 934885427
872 934885427
684 934885427
479 934885427
234 934885427
424 934885427
499 934885427
815 934885427
968 934885427
928 934885427
972 934885427
966 934885427
594 934885427
113 934885427
21 934885427
237 934885427
338 934885427
510 934885427
878 934885427
955 934885427
640 934885427
638 934885427
910 934885427
596 934885427
396 934885427
112 934885427
637 934885427
993 934885427
479 934885427
324 934885427
172 934885427
907 934885427
693 934885427
132 934885427
71 934885427
946 934885427
202 934885427
471 934885427
830 934885427
186 934885427
174 934885427
885 934885427
743 934885427
143 934885427
845 934885427
537 934885427
192 934885427
824 934885427
545 934885427
974 934885427
886 934885427
838 934885427
907 934885427
462 934885427
647 934885427
809 934885427
949 934885427
86 934885427
888 934885427
160 934885427
653 934885427
927 934885427
597 934885427
42 934885427
841 934885427
509 934885427
999 934885427
136 934885427
483 934885427
343 934885427
238 934885427
368 934885427
751 934885427
988 934885427
549 934885427
870 934885427
354 934885427
295 934885427
701 934885427
389 934885427
628 934885427
751 934885427
800 934885427
138 934885427
6 934885427
64 934885427
907 934885427
684 934885427
571 934885427
898 934885427
79 934885427
7 934885427
203 934885427
431 934885427
917 934885427
826 934885427
513 934885427
41 934885427
783 934885427
795 934885427
355 934885427
642 934885427
614 934885427
112 934885427
446 934885427
267 934885427
772 934885427
914 934885427
511 934885427
55 934885427
999 934885427
3 934885427
820 934885427
685 934885427
722 934885427
274 934885427
789 934885427
160 934885427
150 934885427
29 934885427
358 934885427
685 934885427
526 934885427
940 934885427
548 934885427
973 934885427
661 934885427
285 934885427
49 934885427
284 934885427
69 934885427
498 934885427
664 934885427
160 934885427
172 934885427
434 934885427
905 934885427
66 934885427
545 934885427
224 934885427
330 934885427
457 934885427
86 934885427
933 934885427
917 934885427
974 934885427
690 934885427
943 934885427
286 934885427
599 934885427
994 934885427
515 934885427
760 934885427
126 934885427
641 934885427
424 934885427
795 934885427
563 934885427
933 934885427
184 934885427
258 934885427
459 934885427
770 934885427
946 934885427
132 934885427
563 934885427
641 934885427
491 934885427
160 934885427
250 934885427
988 934885427
807 934885427
371 934885427
698 934885427
753 934885427
402 934885427
715 934885427
420 934885427
807 934885427
454 934885427
132 934885427
340 934885427
104 934885427
770 934885427
99 934885427
856 934885427
278 934885427
374 934885427
306 934885427
207 934885427
180 934885427
648 934885427
589 934885427
951 934885427
641 934885427
817 934885427
932 934885427
322 934885427
319 934885427
482 934885427
495 934885427
23 934885427
217 934885427
841 934885427
30 934885427
500 934885427
868 934885427
788 934885427
879 934885427
248 934885427
117 934885427
153 934885427
846 934885427
975 934885427
468 934885427
859 934885427
815 934885427
349 934885427
772 934885427
195 934885427
489 934885427
624 934885427
417 934885427
772 934885427
713 934885427
79 934885427
703 934885427
52 934885427
952 934885427
384 934885427
298 934885427
665 934885427
892 934885427
518 934885427
450 934885427
504 934885427
552 934885427
39 934885427
841 934885427
887 934885427
668 934885427
873 934885427
570 934885427
382 934885427
72 934885427
379 934885427
507 934885427
497 934885427
734 934885427
179 934885427
567 934885427
127 934885427
567 934885427
126 934885427
568 934885427
765 934885427
5 934885427
737 934885427
901 934885427
819 934885427
561 934885427
790 934885427
174 934885427
550 934885427
839 934885427
638 934885427
322 934885427
527 934885427
601 934885427
397 934885427
811 934885427
582 934885427
162 934885427
763 934885427
133 934885427
425 934885427
878 934885427
525 934885427
380 934885427
489 934885427
983 934885427
645 934885427
567 934885427
590 934885427
994 934885427
23 934885427
74 934885427
235 934885427
93 934885427
276 934885427
356 934885427
42 934885427
204 934885427
264 934885427
540 934885427
967 934885427
299 934885427
559 934885427
138 934885427
362 934885427
330 934885427
511 934885427
25 934885427
944 934885427
387 934885427
18 934885427
794 934885427
498 934885427
581 934885427
776 934885427
988 934885427
462 934885427
690 934885427
401 934885427
456 934885427
921 934885427
797 934885427
382 934885427
424 934885427
143 934885427
194 934885427
39 934885427
724 934885427
315 934885427
627 934885427
571 934885427
211 934885427
748 934885427
866 934885427
589 934885427
94 934885427
650 934885427
49 934885427
370 934885427
713 934885427
563 934885427
532 934885427
120 934885427
642 934885427
618 934885427
423 934885427
90 934885427
613 934885427
482 934885427
62 934885427
308 934885427
474 934885427
634 934885427
143 934885427
499 934885427
158 934885427
263 934885427
968 934885427
16 934885427
311 934885427
945 934885427
361 934885427
346 934885427
58 934885427
540 934885427
843 934885427
546 934885427
953 934885427
996 934885427
909 934885427
574 934885427
176 934885427
401 934885427
56 934885427
196 934885427
485 934885427
306 934885427
222 934885427
106 934885427
123 934885427
2 934885427
598 934885427
570 934885427
992 934885427
116 934885427
221 934885427
269 934885427
971 934885427
92 934885427
835 934885427
621 934885427
256 934885427
283 934885427
756 934885427
594 934885427
191 934885427
530 934885427
352 934885427
908 934885427
110 934885427
374 934885427
602 934885427
114 934885427
675 934885427
599 934885427
456 934885427
531 934885427
84 934885427
241 934885427
229 934885427
484 934885427
551 934885427
67 934885427
350 934885427
298 934885427
538 934885427
327 934885427
292 934885427
462 934885427
264 934885427
694 934885427
812 934885427
211 934885427
987 934885427
296 934885427
339 934885427
814 934885427
533 934885427
130 934885427
278 934885427
981 934885427
799 934885427
329 934885427
302 934885427
540 934885427
739 934885427
12 934885427
108 934885427
534 934885427
260 934885427
685 934885427
671 934885427
247 934885427
521 934885427
402 934885427
120 934885427
595 934885427
407 934885427
936 934885427
907 934885427
536 934885427
890 934885427
200 934885427
309 934885427
528 934885427
877 934885427
427 934885427
120 934885427
238 934885427
829 934885427
950 934885427
225 934885427
793 934885427
650 934885427
328 934885427
291 934885427
594 934885427
959 934885427
629 934885427
200 934885427
496 934885427
79 934885427
308 934885427
554 934885427
142 934885427
312 934885427
927 934885427
287 934885427
340 934885427
928 934885427
135 934885427
592 934885427
578 934885427
449 934885427
329 934885427
416 934885427
786 934885427
388 934885427
15 934885427
516 934885427
406 934885427
21 934885427
748 934885427
715 934885427
566 934885427
428 934885427
684 934885427
944 934885427
430 934885427
45 934885427
632 934885427
429 934885427
110 934885427
757 934885427
778 934885427
596 934885427
151 934885427
32 934885427
126 934885427
654 934885427
5 934885427
118 934885427
674 934885427
639 934885427
890 934885427
837 934885427
113 934885427
214 934885427
977 934885427
497 934885427
118 934885427
90 934885427
990 934885427
165 934885427
672 934885427
649 934885427
555 934885427
360 934885427
947 934885427
900 934885427
334 934885427
783 934885427
382 934885427
953 934885427
992 934885427
205 934885427
