2185
99553 189796140
53348 434702060
22407 806754944
85592 450995542
62880 550629680
46104 129043448
48294 107360314
69554 699714730
70270 80932112
88729 847717414
91554 76203666
78609 315106464
7713 473085912
37829 815143876
92192 101319378
57217 485850776
63337 389004489
20061 35497661
57362 358626370
75058 414291102
40116 618204786
95780 185656283
44275 142546272
12627 78845813
37835 242023532
70978 414790904
45841 632129160
36826 809487463
87315 39021710
62611 92312721
20985 396900067
13522 785633464
94886 861113981
48326 412702477
92346 475891460
85569 102244052
79577 283932978
3618 335027853
68166 211096746
83529 319164967
8718 38982928
90581 52200390
78760 34949298
13392 372410494
24833 892386994
37192 645278746
5828 91874096
44457 697786177
16120 367116541
76084 896826071
31099 158365393
31696 205411670
25442 487741982
83559 751239172
66461 511717090
78414 549514546
66819 733033030
42501 360809813
20128 887461330
89393 420125436
77605 968491796
23451 688557962
23883 543591101
27602 40399554
30462 606115024
62945 668201819
87632 998511889
96066 460204862
75765 608821574
60740 200369713
87948 519378676
23560 316485749
84334 467757376
87719 376959865
43772 574925032
93540 934580411
10643 846949404
95880 327726752
67888 221550410
86136 105680493
47801 588446846
35549 127374417
48953 253019477
11015 217418532
11234 936457990
91203 581315420
17895 245363993
34847 178569985
70170 382426167
18087 827655180
612 683884434
17212 356776794
45653 443462580
55067 545966111
69899 843490298
85238 522917007
19787 904171773
29523 185808793
82979 128188212
64617 157041131
42686 847101187
36876 680554511
24812 921473607
13643 152873421
95544 941310510
48734 457436439
73810 537970902
9122 265417403
99029 508559613
57958 365788344
72256 731911204
59485 240092070
32681 107696489
43256 196900495
21260 882254630
76185 986327573
41870 509433227
1683 230559066
90380 423127485
1066 703522248
65019 730587233
26699 48050626
5563 570112762
77288 480667626
46179 934127115
69781 340410612
71233 847720843
83534 114900381
76237 352500818
19294 779891159
40134 900247644
7838 563403888
38780 604378146
3619 743961092
9226 648362814
1809 791292708
26519 238886063
17898 371255577
57664 627804869
29529 167996894
53364 987045429
1649 356878204
89731 524545750
19839 641524046
17522 940656744
19744 737639856
15780 733315870
13207 427385557
96698 801567380
98330 624469904
66964 682785521
86116 293178043
66458 753022210
83721 323935798
97266 319783049
53965 5064930
60021 147912186
89438 371067607
36967 519041506
61661 785406941
52757 264701861
71070 336571137
63051 332593669
59626 50493953
26150 607801548
16990 889957972
91990 664810938
81592 143746108
17340 640844972
43240 573941718
91902 129060016
80258 536818335
60580 925620666
43631 853485424
13430 533196462
91410 44035163
28519 34168609
149 808793697
7768 908189811
94800 68690152
12656 932384845
80314 329050248
69521 34304501
54968 929912571
80586 299587399
10890 838223631
42169 761754825
84952 259324601
20103 658783410
18565 296704293
28098 71300878
63009 708523371
53263 81212377
19614 287706729
50634 503942379
9885 910542164
22240 647445251
52205 452975559
9995 570049440
7803 623861497
93262 406117088
86557 910823490
63284 530602099
38392 839466760
67799 807001258
16762 340256822
39057 426921569
72786 532153609
73636 892150599
12412 187487504
7208 19110516
40757 668103528
64587 933685350
55760 62426924
32816 206812130
37805 727767156
51651 802190304
26559 292686098
95361 213075531
94638 371087932
70515 503084347
26420 707177688
76486 633865721
74206 429532159
60676 194062268
11897 587748627
51336 507720975
94981 822838101
99638 366157194
38493 70031201
47809 953839151
47302 417084487
28967 540624434
68701 531196243
3742 501293043
77895 672220120
36827 210172064
17990 713603273
5161 281241776
88195 886889858
88506 279209462
10223 300160470
69725 65359548
96026 221057272
3395 348000966
57991 402142684
51637 55680196
40936 260960662
35806 410800759
78098 241124011
31153 842674773
7027 219131865
93347 838155102
41253 440663021
86626 537827868
86635 134653145
26915 793027111
84707 300344336
31713 682894231
77987 996813493
77828 876928480
92193 973125618
28900 191201657
29060 497241887
3322 803735506
31120 454158122
4777 428908339
87498 758864633
98038 337350072
34084 162102654
54550 90197334
35653 595281405
37923 500614582
11037 130250733
58589 117548884
84182 613005701
56567 379827252
9186 227136410
9857 417479783
48692 514943800
72181 563178625
11553 611932769
75723 604699434
77420 751692764
35892 155169035
20512 128143356
21628 918824267
91745 636087250
94438 650551254
88643 916929642
42547 610245157
58122 566451537
14248 361947968
43348 412702287
41551 967077960
34671 696891495
4252 130445143
38304 999206684
2360 316636492
42211 261983292
1535 541665558
95668 239541679
66573 424398607
66211 765462687
94092 698814264
25422 778144209
1462 864828029
45796 816672525
39926 845985706
18425 301000647
33439 209329158
57958 395524628
25321 193962439
63109 848106876
10753 699812845
53962 371288847
56496 975165155
26682 42044152
61263 250356349
12019 872559435
67787 872672240
18215 210455640
7483 160312371
67625 448927703
32041 99168311
70547 263860754
79703 191078787
37538 203531890
66626 164388926
28645 26222401
9145 150824147
25821 243617207
58667 831805219
81317 240790688
45738 138975902
91087 781786719
21819 907608810
34782 953796859
85590 499697561
8174 556135789
50273 394073670
86295 894286633
74728 904581760
17246 806774509
53928 615114573
30024 357253710
21673 234055661
19307 55339586
85639 468968304
74957 26429408
91643 343872577
9938 595767113
31275 965503387
10529 203886999
52319 322258721
27469 609784635
45199 713498426
31488 430138700
8854 925325673
28654 672234342
36554 32265875
79099 538495312
6968 284079279
44113 882028888
85398 673574725
716 338563292
92612 177258100
6280 115307213
91390 989580138
85216 708423501
20465 233542982
64466 537304500
70350 554637256
94882 443496021
35549 151548293
84712 128048207
11169 528592528
26235 503028788
80432 586748957
51977 257370498
34166 420458254
11620 991889913
99721 474050121
52066 929350559
48986 812932786
89045 399109206
77000 281645884
50514 291261788
29734 134314637
57669 355310961
86438 506502370
60206 151571193
95253 692797350
20290 99885699
48564 88773114
48621 879947270
53773 62966888
87206 410133680
34728 102488682
55937 58507319
1981 469461850
23761 463054859
12616 547529426
63770 809426524
8421 471992703
46074 893832280
30138 984705720
31538 538977210
78853 207927421
78960 396070543
77528 868580866
58577 516126820
59783 673619780
1570 4881587
28249 212655164
65042 974351839
2942 105232466
80490 985693934
6218 735421383
25169 610102960
41808 881778483
8510 178666745
61775 756470982
677 601393261
96670 694314602
54011 281608302
23495 562544958
47974 122722265
92623 192379899
94817 943839644
91057 831313099
84165 596959356
20676 381780056
1576 222395542
48198 706318175
14697 327115736
96814 967912602
60842 621771083
2738 760637301
17468 871512532
95630 201457124
85069 512429347
85133 677170447
92004 799184308
41563 569563678
78549 606005650
13307 233585982
16806 302633798
21631 941924246
83979 155524416
40132 786935140
56074 646459448
13034 420700267
94845 157981580
85450 368806483
49632 390623370
29205 334716486
23617 986060326
67622 410253922
49261 81363718
20097 56775294
92613 280899070
49815 495840215
20909 545797765
16425 735997169
41706 631926861
74208 779978929
26247 933382920
15774 436342893
96814 301827404
92541 390650634
51918 843424182
414 368922121
59857 333804476
74953 60715862
80447 756490078
21723 280386918
23819 237536439
28209 265314441
16910 648058686
32493 813668614
35124 796321096
6457 15204832
7015 804606156
61992 252922816
24120 312418484
85716 518252464
33676 257809839
81828 813141389
96794 423470981
62533 80590674
7848 149124817
75170 236052098
67777 487089443
27453 575591596
3785 920565304
97181 382879475
74639 371257552
81549 532313025
53604 762009418
43054 44398083
40512 583499967
17262 789617369
36780 217977958
82391 475143474
83204 571819207
23674 320010976
16787 480942750
49339 334971790
88043 387903157
10185 501433058
94236 134913417
51938 635270482
24603 534220287
70307 134021515
89181 817568817
48277 361045872
33273 575789653
90824 598748584
43598 380741568
86205 16082081
85263 241175721
2952 150459039
23783 540054980
74623 513293895
18543 344374718
99104 447400432
30054 510750750
59767 637385848
52608 484640169
50296 727175229
18931 493202588
30390 496857230
54468 304199088
94992 886966438
45620 23367154
86803 117286976
4528 810991294
23278 421671540
82064 521844199
96174 679998218
67017 922548512
10011 345440896
49397 949904530
15257 642103747
2028 563714242
13723 207581856
27793 643157109
23426 281541035
81240 111509731
252 171252867
92025 232664212
64830 863122187
12854 4343185
28631 906800931
1543 693009102
87341 735950973
29898 471940493
70595 244279254
386 431916165
99321 958857596
9451 519358043
19226 675712082
46338 576872041
48904 376962237
43471 726759018
10877 365472260
85194 600172206
77935 408967451
40858 542149215
75654 212737980
98111 694026513
51404 941794626
19343 277667730
33438 136495239
58814 294942684
79632 358525956
5756 329056378
96254 631860066
84044 102188431
18476 864936435
52443 96855707
78111 867191239
73035 497921428
82656 686491671
52334 564101966
82711 366210657
90919 440163932
25339 186979167
82675 628908413
29421 668986285
26953 621513038
97702 240874685
60583 207941767
31723 631065962
17259 271638642
63979 865645082
1481 373707363
75909 716048789
6691 257212271
77333 484368244
16149 337109439
75214 22098739
43360 249463665
34275 289404512
10538 811307983
30387 475857945
96644 534839731
34109 504040658
22801 234570796
37571 125176522
47868 433069851
8633 402450438
59281 250016738
55294 174087896
53862 623272818
73435 533046941
73218 942347154
80835 630880415
46829 877594911
20439 732870541
23744 790827699
37098 401650845
9056 344199809
24246 721780913
4955 235398885
81390 33099491
91574 521225309
77192 695523274
16986 476153505
87486 947385778
88473 376794139
85787 358244006
8885 300225296
28449 162852349
61635 429350977
46940 576199545
94278 731075767
32935 40022691
32078 534416737
85899 523839498
30277 370244052
71075 457035918
38733 298704459
11110 371534108
15126 494362507
76620 577299897
54532 211296082
52336 949724287
50734 546315887
40934 461506963
19190 393743131
7845 192252468
6142 343326180
62993 308195298
16953 175146710
67853 574490714
72414 864557868
20678 436949499
48680 864123502
46367 616860801
4436 107306519
69669 498147151
54781 457636344
74370 199704898
58713 474731651
5821 683191984
12673 36820870
77020 743498275
43167 990325941
14999 614445410
54099 654622201
31045 93956023
4462 758414737
33241 875645221
79031 316581542
98168 517128707
54269 69332794
78827 652245034
39135 970442250
87868 122861318
32326 777389626
32304 21961647
17050 249354941
17297 109338492
38806 294175418
70579 228260007
29797 981808058
53470 892600233
50274 836936644
95602 690573628
71868 982494533
78956 87229825
9823 461740688
61769 539587201
86694 142835565
7485 135443959
678 664426489
74079 478844299
64507 11688878
3541 73923075
19491 510624290
53031 348989224
33274 858277610
36511 747608467
32616 389284291
7417 752503634
7717 631917489
22470 760006052
6269 830554395
24218 468562021
67555 531370596
70912 763632764
1889 926092450
54590 756606438
71220 581980541
443 324527959
12022 165572026
27083 14240905
73762 951920712
86774 173156325
90791 632846673
15775 567174653
55989 976588079
79963 270622493
31773 371752429
36928 723415206
84640 849686179
41303 667260241
63345 295012274
76068 413411473
51242 734014144
36087 626106760
27537 519127810
14278 691056126
56019 374027873
762 618785535
24841 194323065
85301 356254212
73949 330236497
37506 485429349
37523 221512235
19789 866394202
63623 666040846
78770 51240713
36934 431736516
55715 799607729
8220 449210236
38616 270129073
36487 39874841
35642 532604290
87659 813879471
33905 124749995
54408 292034820
95912 492723313
14597 630283943
47307 205835610
86279 57444393
36748 933998389
66368 378451810
8169 369941431
11228 858031846
87626 766303627
7237 46724446
83873 862495510
35686 116785422
5301 840525699
93086 792305550
1585 30339945
50463 861558966
15165 926198126
14105 560233027
98341 787440310
26727 627026175
12898 1545415
85841 568401296
17284 996191553
29604 276564831
49033 598972554
43504 773812926
88282 63747837
83423 848349252
37216 915392992
10752 723265244
55178 702046200
21444 787012931
33067 509542044
99139 894740647
94587 311223286
55359 807725223
27630 629292121
99809 185783465
94497 899844666
76588 753227158
53729 387988164
19336 695652533
4758 678140659
16173 923455928
46476 716117156
61550 474471020
10920 520311165
52753 384052183
80721 508985614
51082 764940046
83168 610969123
51375 828089314
6240 454979365
70675 118541345
60933 937240830
45814 2547810
32095 520427617
11048 576091148
62054 281501959
83051 14059722
75562 202234288
92906 808510673
78437 239087592
87316 399870088
36302 866541493
14853 979383559
97344 554896920
60585 832307367
98142 842373505
42221 63933751
52562 359246711
97777 446067868
77150 935279496
70478 649234744
37666 741317212
27926 602524063
68824 77407731
25350 235294597
54139 853398427
30844 938611875
4082 851138536
7649 882238098
68602 974226916
54032 12107710
64483 557498538
50129 273920909
38339 673910390
88855 111407145
35700 873887002
93283 883222246
66033 254707367
90050 984983375
16170 713962742
63024 214220864
2124 910556277
79191 485768061
73303 614033306
59894 593845956
72947 989032445
54873 301875341
64408 118449957
97063 226265736
63562 695793399
78600 321091852
98253 874450288
59491 346693000
57492 321394119
43636 452325845
13972 217498352
13423 428900735
72706 671403792
33650 565410296
31414 744119334
14575 684965436
61745 443260662
86752 145758842
89416 448670840
490 63781642
4445 7609016
16764 734204026
18199 391196611
31009 271337922
65619 629441015
39664 89664076
87696 152076270
99596 913250226
52455 575964571
48750 48812877
65112 622601561
16848 660025571
70697 382021806
60333 185303629
5119 123823400
16169 582753494
65583 181004466
37649 199562363
92152 99832362
39848 285450659
60655 660872921
79831 517737899
36100 145166499
5404 358850116
57800 683505854
42742 65443961
88865 611206880
53459 221489178
51373 21411684
53192 345951934
67845 87601069
98246 432736578
55464 53565314
63431 512974802
4668 200754289
78151 697038449
38834 383983620
16173 262558561
98374 946059102
5848 786933258
36007 600572607
60785 130763788
22821 892445892
40850 926495272
30504 893920212
36255 372017589
42765 919040435
50594 148169848
83364 317555559
33879 515074289
72376 817366275
45154 653474671
63804 284401596
46140 316890184
65823 353089069
74471 96582024
41258 971578598
85571 169571254
35522 660316012
91249 616259325
65968 440543945
92225 578553471
5354 342613945
49458 265168468
37599 495674790
58028 327054003
82267 702903643
16179 305753209
91792 25383625
22560 336207208
73268 820544482
91848 981981804
14764 775320991
21578 659418437
87587 784652804
89239 24654242
84948 703890220
97307 507568960
94582 252289323
28243 720079344
170 622642656
51759 485966039
36115 150525668
80481 804008717
56197 325007183
99264 265011123
41175 339880929
9713 510542907
17108 124918643
12711 139625847
36958 315464820
74151 576243556
21356 327403324
7379 600718824
34577 801599495
67083 712705036
134 673208546
63201 308843143
30927 440972258
10590 398123569
93573 333897112
80781 534634619
48358 930559769
16034 169394641
29217 190062208
84056 797608055
1600 555057321
24853 348136159
12722 366592558
13274 559005109
20075 500283615
61133 277976925
29833 21885874
93626 598397685
72874 53558374
24489 570421502
97554 729327487
17371 311124854
26853 374456090
43750 774117071
69146 489365009
48706 902615949
26192 685565572
93816 255858981
38843 976402681
60456 758805136
9176 801058704
25694 11334143
56581 685607208
42555 85794
7926 268667133
68184 408364665
36034 385366398
40020 596761871
72338 879301965
87192 687489331
73381 636449272
16394 481344007
32638 374703568
75671 395046493
76740 731693915
91811 501039718
14059 722348728
41687 97803998
16482 443539915
89037 573435513
75405 38024912
73628 60336364
85406 276781253
70432 89096571
80875 904342497
24732 594341464
93275 769930703
79274 268871531
85665 937534476
1219 591471888
81801 630285826
94728 327540340
23216 882646830
93531 877273731
34493 205444742
6315 844027059
24264 49518004
31528 737943045
99254 60865592
93686 977415898
13712 569944076
85743 812339388
88454 482536396
2850 984466485
73754 312141039
14284 399294427
21165 579865534
72497 805161678
588 297661487
47 450743105
10174 857396969
89613 203540721
51328 733725010
75603 549609806
26369 256906329
42382 644550622
60589 551180799
71330 939682671
13404 736745053
6379 189801961
44929 992328773
59010 361308810
98272 564662958
2017 159909476
41695 134918681
66046 988322580
58907 936429062
58556 275661946
88767 959239060
94379 427990790
79451 878034797
25831 915758909
72209 829462053
77593 269380583
56958 348947717
72083 671475894
6831 934205611
28841 55948004
62009 567065459
49663 765715856
43480 615739362
74580 137089068
8117 484885499
23649 43948256
59770 213368011
47597 888151418
29779 355457351
51986 102214776
95283 618704787
82445 15828125
75166 970522952
24625 474974391
86701 432065183
95346 616228663
29068 80397537
83595 432220430
65910 687201877
69354 567761836
80698 843002284
97083 685969094
1026 932133396
81199 189279253
7480 556858080
2960 150758766
20228 777183652
43262 985318067
75125 406740217
72232 994980363
85104 500793895
78109 348296043
6246 957732213
57058 245053674
2520 360909283
83346 656187986
39405 173572173
81877 177736036
51561 374763637
4965 861247705
92233 85556351
50653 888178410
95728 351660910
51812 160079436
56120 491967162
15847 331508313
65073 445464201
47409 431270871
87350 352974237
21509 530217221
3620 867932055
67325 218968783
68353 953501763
30831 374333701
22082 727821315
5805 820358638
25092 952178710
6742 643038772
64480 458597873
54996 427567354
20052 562061006
92166 504832577
12619 687274866
87753 216408292
66388 427792698
24098 778198908
29437 374951728
78601 181263435
38298 652091021
83635 652553348
10870 989360270
56393 825650982
42260 80078971
42053 510792343
87358 239451452
43507 107872688
48213 378658458
93243 303539402
32656 768835221
40885 124856442
30008 724344924
35403 5507506
67440 593227891
95121 412583042
80342 544318371
59616 971851581
43065 909473240
84938 125301229
12744 36752706
30509 783864753
21540 354294170
96516 884613517
46820 230053550
1049 42479839
30584 147997784
70967 927610492
47774 148216847
12294 702045039
56354 424102480
48788 454040805
84875 684486310
37731 498984073
73402 312854516
23593 138639888
32348 110963333
78966 491279331
12684 992775769
36717 930261703
87114 858873283
14437 183380979
84611 285547417
46307 348650231
61257 116581996
89848 445832274
95608 965375322
28643 916438031
9977 150682457
9150 370714441
17629 874397271
44760 875410500
26043 397643277
93831 173237870
23182 30245750
98351 362852100
26031 879296439
58339 957806448
46382 304415282
48982 28550920
83998 918659346
74091 288322605
1785 506251774
68162 280122708
45863 348364767
53283 144881218
77801 415439709
23884 878168817
38952 216912214
84841 506779867
79218 639763307
45637 270954634
98470 738378093
48677 599858110
45639 26194139
76864 639517623
77959 972633633
74322 456428852
85374 939415640
19060 166179065
11707 790012930
27755 359571293
14889 821020655
26598 879598152
5527 408192708
33830 543128814
23098 960341884
18592 679169403
77759 11938059
58134 660599605
45965 691446217
26763 965920341
24373 259041551
48468 600064503
10243 911297669
40849 101191673
40217 910199661
89037 419701910
70606 261382306
19870 940078149
40938 361016052
53547 563315580
22829 411105553
17581 767541811
94541 725180735
29816 613758596
51335 219093333
51340 128206587
69459 657277040
65718 428300810
34654 997341947
51706 998448597
59472 631834849
46670 467551123
44295 698504742
8312 184838413
27267 149705733
22486 568176812
22054 821462911
83667 353780912
62358 985337094
51964 583098962
3175 790239671
33771 421878415
87455 45786692
42936 569781389
79341 813236864
95364 551224053
14771 855406066
77995 456158399
3582 155391464
63888 14418121
68886 570183058
18805 393031980
94692 220400663
33412 393572915
11818 716115366
92418 935714580
35841 474178403
92779 506843492
43650 12615214
11550 522775896
51813 359384717
60582 766170027
95793 896888308
9957 425719855
92213 317870462
99280 748779849
57144 465591626
45534 969043994
29694 441388509
17152 256672067
66359 459653887
33762 190377911
77814 597345766
97204 709487966
81290 653404194
32020 781582635
7148 757722774
53667 899382032
92871 423155323
94348 289077366
85599 306444220
14973 358703884
22279 258177403
41535 800751361
33502 723623565
30706 833886439
26875 824484281
84571 195903750
95812 277619857
40601 626911642
68924 253440712
93982 408797864
58401 608638513
84414 329418348
43153 917482525
2166 985707120
6303 60340303
30464 341696380
66472 278006677
69142 506010223
50884 179982333
62347 416878989
94569 892334044
89274 921510487
20559 364303344
36382 574559279
41798 67297388
60163 491239199
31136 379492405
91398 706083011
28979 982588866
16618 428023251
19391 959495857
44376 160347508
18382 211033466
51947 596877408
79271 951949878
43936 25938279
82492 103298426
36574 996465739
19371 408883807
62600 392408389
2311 481337143
89586 343272309
30075 580602218
78923 930543323
92755 187010450
94892 202361140
55250 830554184
24530 975794502
91750 398420312
73869 760335028
38643 982011631
87552 738264577
40026 800446612
12349 165638419
98525 223228769
97241 582948815
50919 663597544
1880 369762672
21921 317766849
20227 649348440
73111 158873002
45587 732021190
43962 759773002
21094 696962616
89266 570410174
35677 312872679
9356 424254763
76452 82009947
1483 13239799
48565 861840887
5365 155478942
55591 725278344
91794 836682874
5150 74138287
24459 854127736
17387 624038409
35655 488357888
90840 499972273
99128 619765713
21047 553904194
67849 706436202
96905 822411936
66308 969447215
94278 983660055
54446 876796127
89779 881781043
82743 320623467
67831 717119946
91205 17320909
89396 534834208
23094 726813353
63758 272942506
47607 145302257
72250 65382524
20136 82772644
12310 173262889
70483 938789702
51280 11055602
13901 929473728
84820 262413319
25746 231940368
929 568274243
56362 369632997
71073 169908328
83999 453945773
90182 464177730
69202 230647742
35717 842871120
20275 426916813
72329 160102396
83382 669696726
31872 157589229
9814 233901863
72237 879245985
50933 595761134
6076 405153104
91156 963917511
5892 687669696
20405 465588899
12139 806202343
85722 623670659
63303 848271458
11825 83975679
78109 735696415
95434 891337538
21337 170456042
86729 211300288
85127 546045029
67561 562081273
4391 334004894
64548 445479843
32902 448411090
63847 913480236
20760 120672217
17433 50432934
18521 546911609
86599 113893281
94748 838244837
90045 5311328
29814 534612171
31030 94023666
37738 29922793
35297 511048163
73475 969741244
32986 420967167
59475 197905524
29464 620347270
51122 914769563
14965 143540205
706 293833438
19808 669400547
34749 835757794
12305 956433697
8184 521283387
55265 60746153
94346 17125656
49073 438400474
57298 538287745
27062 979871326
71537 192348276
10911 359230130
73610 63121216
66662 449120902
60103 156197
74686 852723499
18105 335651955
83758 384437465
29526 794740375
13866 13136185
63760 164018971
18746 873496913
93163 329564649
89026 337045017
47634 179268809
84274 308371799
81470 227624203
53496 845956735
73582 300220398
24556 576359883
52022 589336183
79482 78316920
75854 770933876
60712 415877021
57886 210450797
23393 968002705
94021 326501897
50187 74593678
34485 297461614
73248 838939733
54406 856571322
63246 989198522
34136 630227025
36942 960060024
61581 532242188
82039 541929219
80610 964134431
43170 721501083
36520 780149422
74249 105957586
51079 190919055
24196 903482547
72677 613677583
81010 619150904
39291 539966595
75727 948804964
6898 607326499
23804 166427074
70624 348291437
66469 91127608
93577 315913314
47435 623650782
46779 812784861
22573 396097271
19169 336097542
40018 800072813
63142 237708039
44939 321588475
4087 868324423
96025 706239771
38487 522157516
18664 85887683
23662 888391792
41573 711476810
17914 275274250
92961 163974773
21338 311677327
99 502798207
24800 824818079
32195 331320220
86003 360302721
82882 428350477
48433 873939699
64556 380196337
74278 815576658
55854 377927328
81104 383551853
20788 322356425
27184 31110245
89675 480122777
97172 344454542
44401 472717744
46437 143788414
33713 122692742
74500 726958500
29647 414549577
45558 776564943
48619 319964165
72627 494015357
82176 263558244
54543 32426018
22051 575108970
21190 693805593
57793 143054365
41801 469197347
95222 920094705
74508 975766648
40170 462670422
65293 557717959
81214 162024727
87041 106425307
41045 249957598
58260 535402826
31754 13227852
65249 965015381
47330 635255805
46533 670220100
16368 483184892
53158 771149673
59174 5196668
75671 759067901
18831 101973505
84945 643104042
25197 873918779
61505 860003002
25084 109000061
20284 709738737
12313 32470692
87499 24635312
89132 295191387
53620 628451481
45065 870646603
3104 44652287
82249 138516356
5685 64487470
3940 123671313
14217 953579740
33303 627956368
26000 701199291
99608 316088623
38210 605489268
52171 377574655
7728 128167299
76298 635111036
9182 230815272
62794 768709836
1251 723103222
39887 560518525
58462 369020207
61114 539302341
8876 497420829
34070 778296835
63674 72164149
37234 645653755
21841 512086160
84199 850159199
2641 100022594
86486 525175949
21775 90968010
67374 250526169
75390 933123013
46446 718498375
41351 234018023
21635 73717091
40890 887235606
53219 405730444
26303 532049359
28490 725515539
1160 894426817
81712 98409052
60609 652197914
32574 653845853
28417 684974230
89741 368261980
18385 474780115
93442 380754277
7945 785252222
55704 167096745
77044 548173590
24557 838682324
46037 798988218
14724 584639103
44394 454427263
8243 567010820
44822 575591082
26492 422142558
73868 286112985
5672 595716842
43611 642870477
40754 825872863
7035 813695420
42836 122274882
11479 650684501
46994 536994512
808 899508299
95146 836640369
13816 516879266
13592 405039267
17407 121878584
53304 448701898
21563 30155832
77880 891819998
82759 235570197
87145 347169165
24718 474813547
26149 308633515
86107 445058635
38986 646456139
35594 827328595
99626 232315015
46698 190701855
9473 386625763
86754 748985455
41714 465340054
18444 526350831
42330 369947619
39398 350341101
4397 502567396
58180 832824638
88224 621046220
17943 262083103
42302 343109996
64695 494149389
80465 961049649
52584 141355030
96631 424730250
44263 496126964
42064 435370848
11764 832733828
56601 304126824
97116 225285765
35073 363870374
3844 222257219
87821 421731111
6216 949485774
91886 339612475
91840 570696388
99410 254331226
49689 352663223
16414 703619823
19846 57879836
3553 308531069
95613 631036763
45291 683463869
68799 200910166
45462 31957366
95318 459459369
28187 382471398
66462 380572856
10845 488744787
97686 920251662
92322 397929818
95600 551664669
92252 677249451
82734 779416360
45818 431555559
24769 528306401
43133 112955890
57514 359065691
10715 449286373
84365 743032815
8144 467199368
14857 240284617
24887 643161429
82526 702420508
32280 27940280
16143 159641984
77858 54871958
85153 752327172
55408 748023756
40486 464292983
67940 471650859
495 477932411
66881 386170091
94916 388883416
21207 765180604
31881 5331961
38596 677181638
16939 944091237
26617 667496657
71553 941353074
72888 464651772
54774 385353613
65268 558430723
55257 905710674
60308 968841429
18936 313906834
93930 386187815
20716 507305362
20574 583541390
14030 184507658
73627 144820840
92976 319303245
15493 570378378
47765 385378877
85171 212392820
73836 338398801
34588 387412552
5878 320559386
65006 9560935
93332 651157761
67836 377365206
75739 498376015
63393 129605715
64405 282005076
81821 977972395
32892 539474929
9046 3779228
2824 923477947
30556 139705229
24894 553952684
41141 110646828
99583 804144171
97144 509440005
66534 368322544
71970 19316737
9912 38156434
30848 171402619
63505 3549581
30916 58390072
90966 708480585
56652 474719038
80365 992630166
61277 123517718
67060 633404246
2301 802053481
94131 558674233
76559 492009354
98840 693158809
43892 573430024
94210 292753703
20893 644740473
49877 450527659
15640 12561641
43149 708935463
42742 319910965
15844 350782894
65520 373765415
47827 608320751
57770 32449570
55873 974355700
8618 62424124
68905 822593046
85269 44286205
55291 198754840
9540 658219390
16628 449140718
69716 760817672
98723 969726024
80212 93276724
27251 491648811
71723 521922971
50384 30308566
33204 796867906
73772 301983026
1035 130595548
42382 596622610
96860 330202540
50433 831384756
33142 188953779
9615 145946824
58190 879345690
47782 591350654
63887 145285102
50343 226727130
77371 50019357
36341 696685572
64984 524894516
8071 765346344
74316 285664808
30182 427188635
1986 750249062
48645 291112109
77052 689580441
19135 816298498
28015 10642158
14344 73529508
91568 829068681
69328 199003297
39815 769888861
87202 188939182
47786 261325647
25511 99847048
27256 618615308
76691 913288488
34439 457886722
93350 667312906
35550 787974975
9598 617744526
54905 947713375
38021 619530882
26610 6052867
24592 220599746
83568 739981948
12243 965179053
40510 9909362
12753 803191170
77201 382233125
8033 261840369
69754 175481987
67641 481462189
14944 821923691
27794 15003359
93745 994811140
12725 109794539
63463 503203859
63118 843608743
97757 856026521
33368 639599472
51102 294645227
26203 573487198
54407 95758623
59097 694545025
51358 604907556
12486 473621356
10304 269257434
36051 277236841
44720 497975477
58774 434182035
37354 893565583
14061 53346743
81530 655408318
20471 260493710
16799 537120454
69209 423809244
53262 371195753
97479 37939710
35440 415720085
760 115985734
81931 749479618
39192 299362230
57481 349336024
80432 211387974
25704 573590931
47136 213997988
25367 6091293
27635 503483341
73662 512145514
86291 750481576
86477 26519928
22608 474984283
83556 113816496
87328 799042198
29797 50694361
97324 531341911
81550 95618125
54063 43223783
66709 215923862
94760 230793775
68769 702316839
9004 984623015
74070 819544671
7048 899809263
42876 829252191
95775 944152674
48630 190100471
99219 993674295
29373 3171497
31933 435579141
2105 170603910
33136 639484603
30231 830069613
12026 602905605
63836 205395336
78007 328706367
9265 191234827
87915 586746718
70496 569844078
84922 745396253
20846 90646791
20989 195591290
28797 229830231
32657 789573412
59169 97526868
94017 158830649
15340 575612348
49436 695801685
99888 923118223
28216 941733310
33574 380270356
95320 535155964
972 450232578
21540 53927293
1267 954576568
20916 117379428
14892 129290211
73139 445439058
67375 509609410
83525 885896530
27835 352744136
86062 6575675
22535 938147484
70831 591009328
19338 480205479
59723 115093071
58448 146527311
67529 480062424
19664 771436775
55091 91820356
24955 730142446
74317 224935784
47995 21134586
83506 129912736
1865 904027186
5701 580251869
26607 112610971
23082 742709171
8336 457218746
93837 676311086
63496 982362491
4484 790347452
37710 147513516
47595 361851403
32665 554842637
64902 393595001
47108 474279428
54337 879835813
94596 902563409
81758 277346454
40019 373507703
48215 784459621
75836 745594622
32014 25348937
69448 766044422
75687 911612865
91665 818858958
46525 159265268
28527 582604022
75809 704368577
93149 27681606
38402 178208821
78028 767784600
27814 519057850
40042 313416257
50303 49656139
79564 545539593
87008 71707125
86472 889129076
24749 93683594
58581 340351683
18701 852230848
30550 132385785
21958 810209437
43549 623442618
83559 924551734
77988 614207714
76951 472295064
71405 984190538
64000 134507261
86851 987236478
18748 519969504
44472 572480688
8613 55244321
71972 533964158
64078 195770456
76974 164758342
18979 452557717
124 305507494
82490 624467558
21552 11198071
45393 158323710
36792 319413088
30855 149014036
60072 796613279
41735 389994620
21972 350722205
22529 570273331
81925 974368714
64986 367527955
93894 72104688
1219 4251594
33882 408677024
70412 84343267
81746 757646525
32686 972549624
63396 874226520
20148 335839439
97904 266720802
49452 543852129
17121 928003448
63014 307890532
5754 177231186
90594 208752308
85259 427601628
19060 219907365
87555 757447071
66908 171104678
29254 449635979
31676 531812047
10154 631623003
61069 168230996
23846 980588128
76063 636276090
48463 675684928
63314 123615068
75922 85091309
99605 566136522
200 108810116
71852 642841074
12117 214802504
42875 506240397
14330 577069301
80529 934257475
38842 276096640
63994 294826811
78250 700010118
1394 553564259
67181 742541139
39170 924473683
78594 142299760
49411 53693467
66177 548904738
74169 982900187
9219 985678266
25708 927638132
8542 703922748
75505 477936220
53601 241647927
18474 366674902
96819 659484473
79673 553356342
15526 520231914
56407 771433887
25350 962261111
11762 586646171
80281 215686223
37922 984240891
26571 799729740
36319 460077206
9 615246842
17991 647809806
31114 740483206
71354 896042084
23824 437163192
31584 644383321
40440 470798541
70932 345392135
26660 446695797
74275 325798233
49679 455476403
97331 553631741
12383 215180313
34094 994571112
52656 201997492
99083 547323994
19464 556767609
1372 994072235
77223 245965229
81441 662293344
6945 922388764
37323 808455596
14066 124452541
25129 592399569
2084 835062489
21310 743959000
59749 813095428
66609 465454687
12831 913706617
54033 821570600
12623 61337391
10907 100860857
63179 475399346
9999 79284357
56458 792571878
30740 775041660
16420 405507149
43394 968982759
97209 700291326
44645 698554120
94286 200787646
49402 122039925
19207 864362654
39906 217357078
84823 287089621
57541 266509898
42936 709004770
94354 170155101
8374 651646992
99275 717645842
11209 817045225
21869 996559040
24034 921760649
37629 283264928
49857 508289695
80020 454308982
41444 236734649
93534 18792693
4894 660441873
68747 931331989
2164 829019923
92300 520811106
49174 655649198
29327 255011875
23996 493858169
55621 105475678
15103 818683481
59346 850973421
86892 459202101
30916 330933762
81428 800694691
56372 688398928
93816 166338819
40481 119643147
55702 603843854
79305 45254139
86212 595812643
5392 789406724
1871 171789956
32310 197159669
67889 8374886
2546 880881009
14601 159709262
47255 20213702
84088 470562860
74566 426929280
83964 957659099
45619 914655976
50155 652176851
51582 604714662
35080 742338704
64301 478463326
84893 560787371
32999 450727602
55575 508142996
80194 570301094
544 551095452
31211 181729901
52149 861502769
