4753
55047 15079783
56140 280256019
74921 40659045
57525 265964672
54756 967612710
84493 392212019
87746 405084861
21480 620265435
94931 726377228
83507 824713512
27856 160871396
14521 365684242
67093 157937268
99115 939534158
51482 18914151
97392 533869286
35293 313745683
52638 75896310
93130 710780764
50622 747086405
58066 581223882
83650 206162717
56973 530557915
6393 849496627
77592 44607157
30323 316918988
41689 568268211
698 628631011
52239 900362202
4764 524074511
53727 316151518
90809 942821101
29548 493075328
3157 752750182
8327 240820824
87709 155599303
88461 691013307
72404 134135057
60502 364604936
1595 822126686
64758 443237773
50790 52692785
8480 571534140
83413 358425250
75453 986664481
74671 322857266
65557 372018038
78602 149575379
4672 109848712
74872 722070091
5018 953035094
78671 19605486
14142 376767386
54878 97983309
59078 482652577
63265 576112150
28039 707613618
75520 819876695
77451 321808763
80284 319660510
8040 194358502
23234 901882986
79465 270185709
48085 195390446
82112 200116595
52131 559560804
33736 336347538
17906 356937902
62091 993639384
97734 679467917
94392 298596259
6485 333944729
36413 925028381
37791 466149620
23679 800732262
67321 316272601
54673 79228481
18522 398619958
89720 485077393
13682 613327990
53777 90088910
70120 586449504
53019 946979403
59713 536991194
76830 364012895
15142 54450990
90070 819345966
66378 239736447
55954 968114043
40030 612518358
7338 388607295
67437 171478847
21200 680391577
5407 875412472
3793 387221937
37776 76953341
36739 167820350
54870 708353771
66314 686097397
18112 744432335
31623 714759850
7951 5875581
66411 512936396
16793 943381521
53768 956294122
41369 997064567
54774 250643555
6227 242045865
25594 471897260
52942 786818945
69421 964314691
64499 285738717
70886 709028936
88232 840760391
93488 855911172
47093 268370424
95256 789113488
42573 105294805
66460 882112643
95178 386493390
9149 288564034
68840 504025800
94038 500162102
91727 488929970
32206 767949148
44594 472563105
35707 185175480
44932 775121281
21871 179211471
65754 999546797
79831 413723734
36948 600837609
82184 601218160
75056 945505254
66293 653231645
78246 807777360
20856 897324508
82548 898931690
38914 184930260
70195 204209628
87609 488636746
58663 181290105
34726 68303821
12862 946789082
10399 781196005
17361 785397111
48250 513343638
48381 422332032
3095 616862394
51678 332892490
44582 369492621
1094 711069946
93615 939055832
43357 952524779
14195 628606871
74608 3481514
18967 241580471
33240 612929472
88524 48142347
63018 868108557
89393 283995651
72304 997977577
3994 946034179
1794 432911602
46800 833656325
97333 378530715
55327 147253161
38237 5657458
44491 645096381
96060 698339431
62448 656274062
79773 55294580
83696 846361776
70331 666460031
96168 115327112
55825 960061284
86708 282019766
60182 186474111
5377 210772440
62475 257988982
34178 141411505
55413 738654073
59459 851015603
89304 660469659
77291 563398432
10634 298822562
29002 152839305
74112 828814347
63282 618239295
12102 415272159
89317 543314757
27941 626603817
1362 399913934
77208 34984043
81087 18213284
40003 708266848
68373 397061000
61063 389881442
6929 635700990
50390 32038527
67723 432756211
99080 42980284
69475 371974755
40960 983185743
40000 126465520
30103 664012029
71592 323118688
32129 487755798
47624 280616387
85493 291289123
91168 227607797
4914 373105249
35113 76056830
15977 579142124
14121 606065461
94664 922919175
25310 71089468
17096 789192238
37873 207884415
28822 257052564
84193 170442218
85715 75618005
26817 779858979
53568 165747754
96793 773344143
95702 809674051
84408 195165421
60678 72020793
84661 513182052
54128 18828399
20624 164810888
49175 996846477
33969 942270705
75924 962354023
51388 257426027
4988 63050204
73455 919751133
1126 358371838
63830 466901249
81024 511675116
98144 303090862
7809 238444226
26185 665030669
35191 988997965
4618 210094396
10037 483726466
24143 258763404
23290 469623723
17068 819579800
59881 191541422
54638 424323688
94968 859157422
88791 182622401
41709 488040670
30592 715655849
86359 471176137
12496 746154624
63499 59908661
99464 2929374
45462 595446887
7851 201331359
67870 700660173
24842 827015174
20487 122636624
66738 962606046
87744 182377809
6465 194850578
31630 658765610
54938 383086990
11175 586714460
52706 242181744
89842 894176181
68970 103198245
42283 903404355
17482 734695834
8361 152200757
47336 957413377
39914 291746056
17954 437460755
84250 156946711
56822 197922135
34520 686105973
41553 82372856
63579 61772825
87216 531472515
18232 432481458
91820 877004794
90119 537185469
64925 736198107
67231 307494720
51569 276383625
31715 66479724
46727 186458241
27441 516665497
88892 498848106
66398 441108221
40559 926219263
32407 688455065
70270 727133190
62368 941413776
84965 111547144
32597 441760771
39508 722844672
23737 955816354
50385 427389376
71062 500725110
88054 365666834
62393 237229193
86468 766127555
3724 41345797
77247 424998184
69632 328067714
62599 375105149
80553 117016517
58147 245112879
32654 703629559
36340 870938757
98245 113161977
51635 540208072
35150 491290777
47665 370095802
46085 667317365
83297 601372771
78520 853314713
95739 346947074
36847 626236380
25325 227290278
90732 374481878
1250 883222107
47485 634598627
1610 796701977
42770 549099275
17326 695722701
76301 722500407
47880 269144590
74370 693596273
19346 500549331
34175 656580086
14964 760999963
39665 751403917
97560 92872516
42932 561596810
75991 842520082
29962 231757866
19600 624623230
34230 909373597
17938 692843354
10485 647191201
69164 805240032
48883 761327698
92301 957632026
48199 535023131
49625 322203074
79167 131005887
73304 52020915
92399 527059839
31043 439959045
43201 440957280
95780 590275749
72668 661808487
64299 402030678
44995 722631343
4684 770949296
90152 814661305
43007 581465711
36120 881172737
84669 487720897
10426 264344081
44386 324974547
76329 111821248
17070 917151067
60623 749910507
53705 740852532
85426 697008374
31536 806025506
28158 542853136
57483 72429832
3824 417964679
73582 537271935
37550 364169601
41287 625298885
1476 198508438
93412 677064622
41566 464056741
39311 645055973
1179 551667794
63166 17784446
63273 852904194
46942 222261916
23818 983455585
98289 742984271
30838 961002883
79549 813951815
49875 944684053
4287 75298765
25816 259343348
97406 613611014
33954 620417591
88629 536242425
93373 103243789
77937 610249465
66066 468915532
44537 278189979
69232 816700872
58843 325372724
29514 922904169
26203 735392501
81087 463554147
54527 174610963
30 503544521
41588 951041142
55394 955705464
88755 133507327
46693 300763747
98532 730108643
70984 321190362
3867 364657902
96854 844962200
87269 876973539
4068 802234108
95982 778773946
38609 498516901
16302 532429872
3997 882880936
99878 426935560
30494 143994118
24959 104906549
12785 978763999
15667 590994877
88273 393535825
44887 140359345
62904 65335504
92839 883045749
1063 929577068
65248 590871060
93153 675159253
63094 487610578
4445 99414894
86104 938302445
96033 644257504
32466 823865281
23978 249418974
57535 294583480
67872 13481610
15304 848276088
17534 864418058
54730 503774488
98897 496278940
97141 925728909
165 289737164
40922 936259759
54840 473172331
19764 707779534
76054 747693493
55733 556094566
51728 45128660
54363 458624386
12572 968367570
32666 797365973
45614 336898634
74030 559831054
67248 711500496
15976 545035449
9820 898318807
42073 318830688
61683 806609592
59983 382122063
86198 970128249
5407 706029623
25246 891146849
58785 772961483
25510 490513619
68321 259650694
116 619512880
81303 643759211
48946 329815235
63846 860457149
46023 153089028
50871 508226444
51655 63727863
77637 288760223
15403 309918396
45000 466936721
87197 557636580
73017 285487662
5763 291691495
6674 522352201
6711 848402870
17516 475361384
91163 112801523
99182 183270130
94344 616524187
11090 684052654
74409 933773978
7373 470015621
10138 323051316
45565 513434527
92005 151739541
95991 801063425
44219 884636253
10617 517139620
77448 933853431
91577 208108306
37430 958043367
86286 423064266
5962 804684527
88797 736940221
86208 392802688
43140 447997847
17169 704107701
78502 537980601
78155 945708505
57475 899869068
51458 618584664
53512 458183437
76143 629764230
38258 828274675
16650 892824951
98724 669074799
9504 63700465
62900 635186915
58899 270690994
54896 879924613
93653 89798961
2685 107994123
27751 308508230
14181 788739724
41977 68123723
13751 950225511
70444 130157084
72021 773789991
86281 56506808
29340 137231029
64021 553231257
57832 394466631
23810 33148
95007 522060197
92558 788937330
35840 971314869
84104 816776233
25025 514150678
62524 142753838
75973 714605072
95559 909213239
19110 266916372
98389 42738806
74103 548051350
96384 484064220
90978 949619832
96523 246120128
27520 779503600
12463 406625770
19681 29292314
54234 7017888
93080 924258303
52551 370790388
27632 172942636
15769 113404266
83824 310961202
97851 261580626
58583 616495935
81255 501049976
85973 785400258
75567 540875079
57834 913466109
40072 68160885
14758 369992601
49542 82272475
87095 385073366
41196 619545516
771 353361826
12632 311123630
47507 149386825
90450 934857963
72025 634529821
18254 813138960
85762 396687856
42209 321528510
99493 685515435
26484 872807789
41730 682642390
84229 322752855
27195 529250955
20810 383797787
36982 463975558
55847 203687108
76529 305235569
85278 307566137
94380 109049847
80627 387829985
47586 599891513
63429 2456027
69610 344490454
34543 477161434
50200 480269365
3001 800223191
71414 264688595
35441 652721573
86383 245149665
39028 965772996
26392 374179697
87895 142222759
91695 787570598
78007 166815582
78947 539523668
21519 142042816
37346 304207500
13027 720106319
97339 104937361
81022 300888390
51309 341873804
71938 575026724
44968 777019046
56141 516573311
40313 369489564
98779 440878954
20884 382968882
68089 732036231
88990 725556136
90791 111449403
4585 606429250
5157 373590722
9133 555352098
78406 322067696
95018 47520923
37563 775956870
20320 154767046
36642 978064479
97083 534845614
88029 324693309
82369 341638708
32428 484247559
44026 905619660
38202 860711808
94943 372049148
47427 583205844
93009 364975194
29299 888911459
88966 536666063
35935 402776239
62454 86016667
42927 472476731
74853 896223717
64202 110223428
69863 132937663
59363 987809127
79299 76192714
82517 32808559
69681 395317854
76748 884247746
33320 498393441
11314 468276391
72602 826442139
34208 171716304
61631 736361940
45482 290157596
72852 830278072
36561 610773263
34007 136498604
80498 813777362
83603 60815407
20380 777834443
69507 915142907
73855 667148389
93146 256386781
44253 595917665
46886 903970494
49225 488576971
44596 465403304
86096 358398500
88743 933209117
73631 837046555
2885 14611798
68810 30691383
13488 244076628
92240 989726211
10779 359683973
97721 711695316
99023 158848684
23913 688876471
44699 71431584
58291 7299932
83263 268102138
23252 731685058
46621 713549834
1620 991703759
55726 15086216
73871 802537906
22004 55525656
97188 405940352
3013 839491069
69327 837930225
51472 261295781
25492 947521026
94684 56723614
15150 557956610
48575 350313344
61026 216718298
86474 139191833
47113 580140669
63790 354632707
22551 350144474
71978 71656013
8656 690563298
70231 585379690
71889 842777002
67923 343836595
65996 67029149
15041 426299544
67339 792423738
40586 308932437
20625 954641023
61303 960517398
96744 664226386
79799 855022437
37100 17927208
68618 715700842
37125 987346868
75034 413489631
59021 932341669
85193 978896581
23202 214186394
16117 684504494
8881 346121050
33950 323888191
69439 189023197
92809 397449266
1771 312732382
13015 230557920
55765 765295475
48196 706974033
38174 820371409
81899 755070331
25132 364275489
86336 773703551
38317 693958370
41928 317989526
49386 870636186
86699 222047307
29831 769824247
98947 758816246
65778 249627691
21498 626514635
9720 886287783
47926 133585932
11596 659353857
45839 588909310
62773 44590422
26859 966724651
82677 21132792
49508 295196268
33028 123199359
75725 907374218
54711 229270319
39511 629564070
76915 496939412
63084 741757078
51651 797580260
61581 531140644
15870 353281544
57942 353834384
21655 583057811
29942 568761259
70899 931813516
5087 138939258
46273 972230201
26695 437008048
61932 326258477
30800 918411562
53791 428559072
17392 581288198
92266 112510912
76287 361901655
87414 608804806
17268 586065433
15873 457728121
70517 148658624
25367 405615855
27762 74765216
78619 255023268
43461 237252266
20923 889078853
37169 294281618
81230 868204578
97113 105807254
55630 735690585
66533 159047637
50035 575014448
82498 929220077
59381 211783707
35098 805398745
73847 44738790
24356 312715203
35004 208828940
44414 242610542
45038 655793291
90114 108325148
55587 5540117
71818 721680546
42223 876540284
18332 849260408
74101 425409557
53265 12446495
74686 402644958
31243 85163743
79602 251394760
31723 337902453
67992 626970967
86070 501886589
40252 179569858
67652 778464130
93650 637941109
52782 13076354
5304 323672927
34180 970519060
3321 447816282
20375 76400575
84341 156891017
55269 941403106
37919 299485726
71693 631051773
17455 690372999
57877 466770299
97374 527343817
36996 512105632
78829 99668187
15105 359472733
21037 10966716
14834 376990705
6021 914182506
32407 327656459
155 284641710
21205 482826348
59792 521896094
41728 482594673
22244 151976484
95465 521429375
57121 264946575
63633 846840394
32625 564410508
49509 992326833
55798 511859501
68432 853862308
48715 172562665
55656 296005990
59867 860888948
89461 141365123
31541 972813294
16991 723464234
40375 777384091
97626 571329301
50876 115445014
42998 696426730
66336 732504633
37832 313442555
43641 512202811
17913 85350356
61468 671369840
46805 441345515
92577 603096189
70178 442324611
79205 220463232
20686 56441161
14986 473655449
73144 25221067
18608 436391539
39903 716688231
92657 665736487
22465 546351852
34418 625526087
61631 274412339
86297 197112811
48311 710418663
53389 426633549
59521 939778678
43294 556035888
40719 781082400
3579 946297963
98490 561734601
66805 524679240
13159 473229555
97711 852101663
33220 940038329
40929 361841219
75596 627518348
17508 924685613
61217 832712971
8131 141671550
67078 63458217
70544 160418197
55137 777974223
33177 601517779
34378 345928179
93453 80304693
378 58467969
84603 522800374
60454 385036705
48101 816729631
78092 755442732
21676 526882517
13313 759960887
60527 736202900
40068 981734847
57417 818285321
96250 343350532
50511 752409252
53859 24278939
78215 465427908
59530 568723085
64165 989215052
23607 561107558
104 743626572
14501 234092529
91393 156571936
38091 714241730
43047 111194787
15315 905489183
62329 316311480
63153 116890609
48037 977271102
83152 433838937
82936 430533097
92629 905876509
40599 777413572
2226 965085767
93916 722244967
15788 71861046
75963 437162868
813 216010495
611 170421313
93123 43147310
58291 753900792
84781 122262963
42599 334195345
53905 23549664
75813 265790034
63297 352558890
61755 443437402
87687 736298658
66421 387465567
95715 752421935
99520 379635931
96645 980233401
23537 798787878
47108 995472869
97045 595737840
62274 94975053
48744 443161933
8702 820470563
91032 355312860
14908 373132471
89206 741307838
7562 239535646
7209 825267908
53319 270319953
33119 765456972
29422 701348062
99715 358691260
15055 577544111
14939 424940933
50041 212675001
30078 571307527
16744 189285835
45170 452353340
60988 534983029
32069 568933237
2202 29547173
36821 782468129
36409 145939287
76143 532688323
4589 256523689
5762 857743696
68647 502112754
5632 353799772
41210 283649885
56105 420990436
5214 543609405
29581 326136547
80191 127364380
95756 291429313
13330 886532992
29291 309562775
90316 156419969
75441 79760800
59816 540869145
83700 555802541
54421 971638811
44673 676188788
86960 797761939
73628 621887007
6834 672551351
25932 309342583
76055 18211036
91733 155950978
3359 613996888
40806 537810905
91901 731653568
77444 223046453
9237 871563787
90008 480288920
18435 632706062
66213 866407238
14153 43764847
65917 33718187
4477 260133885
29152 905310780
80297 272589265
24021 754175427
51656 331232322
80582 982862403
73121 513824794
57615 429933066
45489 828000320
32236 566083383
83008 855043920
63564 207009397
15104 7152022
90251 316058571
8551 385157612
77872 619759178
64158 11874707
47098 204160647
10040 665335603
41766 433276274
43047 519899424
16369 646426104
67592 311381904
3500 48207665
23426 332124844
84430 658295362
23016 515642858
26047 172068202
76691 543131397
15001 993993033
90054 973844792
11986 609510975
21829 393468296
82115 696500518
84835 499838158
55874 742479300
8127 931175250
65007 891006608
19946 225207664
55573 633633414
34247 881723183
72395 861715029
87873 829277141
7729 251455139
99841 658939127
5694 363827176
36942 852156077
40587 374020292
43051 976265831
67119 430276837
35647 571440406
85188 770163190
26240 426407043
41188 614655912
50839 521251914
62339 280437635
14951 26569570
58298 848424524
44928 643100429
52917 139809198
79469 390547464
62720 753028349
79355 811642573
6592 762449496
69079 426147423
87594 601508783
79193 647202533
3052 585237080
49376 229572660
32890 655464844
52938 392912100
3150 86748349
18214 99211770
12963 477769481
74031 752341402
23059 317646212
83383 379934209
63665 683614523
56856 641446368
61820 88893357
9471 907752258
71883 827030462
52668 516402523
89322 613291612
16852 441347102
92946 197305510
63000 418462829
81531 209187095
75871 414488499
89775 326691679
72036 504293066
81588 546387416
85800 902959437
71970 616903761
16243 554759080
99366 825850544
96044 812440496
85825 539338994
50270 15010296
17633 63861116
12188 410918756
39822 942859344
37298 682445904
93562 139753177
37745 792059893
24873 727000865
25254 418698812
21739 239806641
65307 523502934
46285 583283442
44154 144865288
43632 806625631
49236 401651749
6486 879069265
88574 777883870
34825 733163098
7343 552398292
80943 917945563
74055 62988018
19124 112142477
54947 887745783
22546 845416890
96575 697702473
22624 342608089
81343 468396736
54320 921845745
61509 972076470
87430 927705687
23677 763993568
85484 858600664
60051 938486266
36991 645851557
8908 184381087
80830 743672343
15829 627098740
65948 819791125
82390 586766610
28839 175906767
58898 578512179
18178 674659611
38446 260892831
58962 207897836
34966 279430037
41834 284845982
78224 506167776
96701 438411719
2666 101623595
85698 932072264
18275 180903329
87963 486779789
55684 985088968
66916 331075089
15574 6063438
34442 333826461
6256 449773289
68200 976544625
17022 455568287
28511 403117024
48563 785880817
78581 342676754
60786 368905135
28667 293784091
30667 510129362
87064 585798986
93073 492816881
57510 538241824
23288 161445275
37740 374617018
21261 686282978
49392 596352867
38893 202687009
47688 811573244
38829 603862507
89278 246630076
78834 209532901
42970 569773472
20997 914347666
93649 816412330
49452 759288189
14954 130271565
78174 233697863
10543 227405764
62044 413445658
52647 773159306
37618 420835385
36347 329150461
76413 248602707
66034 697340813
66142 78386231
81888 561320246
72729 662176829
5526 693138832
11608 52278836
39100 778578133
94106 119167539
23929 460345793
4280 35427353
46606 421575328
18155 394621558
60098 37425923
8943 75131454
34790 946026407
66871 720121324
35815 797547537
42350 196672791
48863 662952430
54091 613230632
45697 610567743
72964 216504867
80085 247397664
49096 703132650
52426 738343941
88812 855430441
12511 448698547
71068 118389221
61556 638095940
54450 683492325
31674 188960848
90934 855978150
55038 236242098
98757 214876911
4694 279086340
83548 344119593
63217 82563806
56749 801572213
9115 779803431
62265 497596606
3297 62739980
70955 208834277
16325 671963985
35122 34523511
71263 372936765
42848 368295170
39794 832319902
35151 932530565
25158 754586615
57078 467909049
62326 934988137
38324 900092000
52537 516378256
63406 576387447
92964 177867670
25447 94692392
35982 599163675
36069 846394522
68885 421316292
81858 811033795
7392 5741972
30128 87450718
42850 230256363
50849 157520104
49097 370138883
29695 283770332
56695 561538779
98047 259814425
20459 249840127
45912 722318121
25852 776881494
97896 863063134
46888 828484561
23803 194827312
95831 220063333
17284 152640104
1163 332161396
13664 617386341
551 166885513
77758 540307865
785 652398285
66493 543458608
59566 502205829
35087 289343003
82423 701102105
44751 214992248
32158 101189039
91832 958064849
6609 967201719
82163 379347226
90433 38242332
26352 205173477
56614 956054474
99252 10220407
75307 980939344
56322 796420006
45518 682046064
51019 85643529
25530 927524300
93687 763533355
9890 379563788
99436 6185066
75314 627396923
13106 229899866
59190 956800573
34779 340342345
32988 14603314
51411 104079229
93981 232424033
71129 564954791
48380 838419483
31247 168432249
92249 919193959
84541 72228708
95852 558597160
40776 742941535
98300 752708371
33968 164467615
44969 757931073
58078 183884787
48194 106764923
69631 358962282
80535 165487767
54155 29385878
22867 983234594
99900 462909510
42171 192848208
53724 456220396
31970 123156433
7060 635203898
83678 786944914
72348 989440363
91349 265288636
13853 558750132
35752 797971454
95497 39901641
84412 16045481
52806 64239584
28355 895577364
40852 6390041
39502 352622040
36322 346233170
85332 157102914
8092 180396083
13861 489047986
56344 982520885
27493 921598830
31804 934157452
66063 166090645
34460 514200718
79914 983515636
14439 575557430
62808 404844727
78711 642367387
70776 393403732
15844 598200367
68557 668827860
70689 345834639
22719 762915066
12693 926286504
70801 162212509
52470 192178849
61314 275851662
86005 670287052
25422 384018805
54453 497879640
28503 611951394
85647 256249777
23165 315527519
67995 98285211
75239 217167698
69193 836185072
52832 878869431
11995 658901565
92097 174583467
49817 324123071
266 737427292
70934 105222472
13448 996739422
79219 428528042
82927 702126497
11269 321503465
86221 85392130
24626 798714524
63689 699792486
43954 175353241
81207 248310283
73769 40391044
98218 548846264
2181 451719806
93481 516187951
78868 138802461
54201 222996709
49238 789480275
47101 731909859
9276 358899933
8855 849765679
83627 733536445
7120 870495269
93689 150286276
3022 34636834
44444 666728410
76123 305566980
84317 630578239
19407 892070697
57382 234257746
53386 427038654
79284 617752797
2170 146613926
90139 350232988
11828 968000295
21139 265343179
18362 929576239
22405 477997276
25314 935481943
90781 873732790
98100 191632072
31679 352450945
71718 152879965
15978 397138399
11925 17477531
87629 891772931
89278 534001440
72429 267003211
31331 402416875
81496 959253494
46146 671768312
32191 304457027
4217 663639548
72347 848606778
92380 396429494
15683 594279400
25688 468191124
66122 832899718
70221 768023888
61211 683936472
88190 301251469
21296 396917446
43823 711074076
3856 959477708
29084 109599719
56250 546100750
59283 220790322
86673 798704761
12440 647396437
76227 441478811
83266 995530704
69200 368798507
95187 384787796
47015 564291150
82342 589556164
56706 713117303
28876 655569864
12289 943607979
6493 971119740
2539 510418296
2516 777312236
54095 203230718
26167 839860558
74645 240454119
12474 72564162
45505 244242208
64649 432610922
68095 722558826
12049 239376277
17984 848506462
40083 91164074
93172 711987957
33024 468337882
52453 747331423
90044 828650830
92513 374688260
36382 439219883
9279 614748965
31506 120869863
74719 683814279
11666 969846437
12888 604996030
56023 312947214
90652 316997018
47112 854624742
43461 930599448
71562 540352408
94353 617440401
95336 994977279
67566 731869017
65404 664661296
98039 278238828
84077 342158180
12692 17882543
10617 543230318
96841 292508816
79797 455124021
36501 686648018
18223 183373636
1074 551554136
17176 46302946
35232 625729798
54008 200753284
21421 15032370
12740 885918737
98826 6687646
44134 161685310
90292 451106054
35718 131561139
31717 3234563
4021 76251694
96634 987842897
81032 298707812
19151 167202641
60599 544167484
62615 510832973
75766 896063692
99641 574219588
50104 126287105
13799 281637053
20022 392262156
34868 771339824
71986 556407637
17321 405644006
53901 248731602
67277 160193760
10379 966270544
20075 462556805
47738 487870540
44187 246737880
52769 742604158
69014 561614852
43526 26702723
27291 396129661
58356 527581806
85016 713005864
89877 584797200
17158 443008690
5199 166018169
56763 191926012
69852 724123738
82749 56386151
42120 992810115
23567 472501875
67233 706495141
41089 931473923
51875 577395867
97650 786033236
30389 761598548
91953 22797912
92670 263986364
69268 790545273
93075 381259263
16044 167540477
14617 884239095
27234 266412055
60587 812953821
72320 562783278
98023 244321832
35456 935395807
18909 291203932
77358 512042093
66791 386065247
98130 889576590
76656 164762638
13211 873489237
83523 99679161
8980 741402724
41977 256531926
58885 662801276
42601 159912676
72168 887931276
93060 690728871
95138 824176402
22895 112679289
52677 399843855
22026 223389818
1599 861891387
36386 448161590
19304 554981277
44402 413151070
61313 149500240
9242 610386069
81784 234120129
14509 210428064
39437 302627408
42357 962509947
47804 901564125
83870 500622232
87014 928541543
15673 905835377
92130 535131701
48173 800160861
21523 938165457
98237 902555181
20081 993605538
93144 596933459
49327 950141172
89527 766638162
7720 266113254
93906 878028734
44772 619765280
54601 153477630
30883 88780410
50602 822580871
88286 765567177
95158 676215282
58552 50764971
54124 830218754
34429 599074755
58987 185652283
41647 219790258
99274 178813070
37870 853516232
31004 262196380
21295 906506363
64998 189138048
46735 450469177
79511 7562410
532 808521712
26092 959820363
35510 145375548
89245 231071459
2387 235455153
95737 918845270
74777 367618874
34212 406698042
3676 489306214
58744 47735103
33847 418460357
66638 246921430
89610 753449836
4686 761453233
71877 431581427
10096 366581926
42852 710903262
25582 889113894
59557 650136922
73852 783655060
38844 377455623
65240 758465808
27439 985941501
90785 642713285
71199 551679134
62390 160668728
94953 543876065
13266 529472708
8958 12608934
32848 685081924
23758 360420173
78006 602312253
73773 582104165
96367 551830155
25875 414649255
59353 192680695
24740 699066162
42171 70144357
15364 892819456
56402 639424151
1281 770687430
15283 995055174
43501 928151698
7479 795557372
8874 937864437
17736 712036086
58558 648201803
11393 554987913
76686 792944055
93533 59701281
27444 162307141
52236 978328589
54446 989714226
33963 404163826
50724 731241474
89081 78065055
36646 961434105
96506 464593335
22285 131007900
7391 879143845
68766 189283978
2271 993264
89915 289388398
75421 283284525
37561 374705565
35577 564437168
47056 943070251
43949 175941588
32633 189467571
75174 287902961
86258 512954126
91294 923091965
96603 56478886
87679 75768337
96485 99657709
15940 295062443
30543 574269250
52985 322859775
23858 778109235
86039 206376265
82468 430546478
24272 383738334
43410 920057104
71951 47956375
2046 205901857
84096 890923311
99674 7859916
50368 884141698
43020 392292483
49401 277943144
19435 915094056
16551 605783898
33289 913800416
14757 892667186
25370 437114882
96297 763759008
1323 126633296
63308 865503481
94998 980376515
58173 70847121
52539 506755758
99574 173586425
30110 728840382
38983 171746807
943 776343075
23565 391914446
80684 212828834
49893 910426384
31694 199015788
75084 389781114
51966 592607717
4221 765788582
67553 786932421
63283 544675609
54051 232539542
29887 934328258
11210 610869647
44679 350393952
2060 307418696
97382 48142661
15693 27172922
59489 110953615
24791 818959737
96479 981788783
16718 272932681
50228 248395560
45188 712422278
15257 784330678
46625 526412416
21215 573370541
42494 826658104
67789 435774131
69255 252960928
48995 91059010
62101 276854346
11637 659223398
52190 703586365
21171 318795508
77209 298504845
24946 960865301
25539 518274486
37111 427773536
79632 988101350
46263 714154828
90456 151036574
86956 93118722
67016 294380938
66541 83958556
98285 436251240
96487 928247471
93775 598383364
14571 91056529
88095 427120470
53457 205276339
31948 616706266
58388 764076348
14547 588706646
29033 470851237
50058 710257717
6350 784252397
51742 279785122
47935 120438923
44976 624330493
72663 352574313
27308 201896903
40461 231337903
6307 135802686
89749 484243189
92009 482502230
7303 427205223
23608 219956754
31405 599875502
45166 589425031
47433 438673298
32634 853493415
41106 219450760
48071 165967453
91806 203838517
42355 20267041
94861 193297296
9975 386299569
16468 544274261
82273 134360096
65304 773133519
41078 626226991
71833 176278238
35949 909419992
73088 968156818
96852 653691113
33909 244725301
96856 44920360
40687 739190413
7216 394317202
27426 689165273
6662 999161951
12200 157247798
24059 925532278
36138 948912943
71538 606412924
74601 19174560
81149 910200254
21029 344559600
61922 989384441
68363 994115582
7603 841977122
44832 743166178
91937 199901825
76091 686334555
62848 879892882
94678 761099891
31320 371184460
97883 777287884
6537 142241552
44001 459771568
70559 594859284
21191 44042370
33589 46301013
35467 896652304
66801 357985708
54703 457338361
92912 714514203
84224 337371549
9414 683514346
77883 523949238
43207 710782637
33279 169427389
99786 398157368
52834 837002470
67770 657748776
11682 418698395
9969 570134876
96547 391853230
84964 904131068
39112 161902404
4812 689924177
37691 771987053
67750 928951161
84808 863839482
48230 33455856
72629 734013759
2122 625157427
65579 37400820
65987 364732674
21582 311050863
66042 913941796
40287 61856769
99393 60652608
49763 73383394
68688 308385830
83931 709991957
231 463025945
12389 554272808
2302 378647457
19621 812264353
14022 581027831
80884 976120819
60044 163936690
84376 73315197
59216 662174351
90009 499758462
44165 553301802
42901 354494724
87534 234714084
99223 605233916
93999 416301075
82653 815407029
42436 152036931
79012 88561376
33939 589366689
26659 423016028
34880 137833264
29719 338478866
94493 521876189
39536 16745061
46499 28898509
97443 856661005
63300 828511515
27109 790259982
78273 18873011
28654 369058624
12062 251349606
10259 421167842
86854 883600249
30933 498781085
44130 783258124
56719 666960606
81344 238484647
92772 842006544
37037 120719879
16440 869820248
24370 475955824
66781 302968564
56066 486334616
84376 27213280
27163 303679353
861 835397994
40205 260162976
60990 980444395
80393 939214405
47889 212177643
51384 647497340
61551 477794334
33295 382273132
68785 410586598
13108 971456829
42386 639139330
38960 121915084
23761 477422814
96894 426037735
66119 411684145
22912 134314026
38309 920192643
41219 925894106
70682 531899329
90393 992958799
44818 93918318
19818 686709653
2967 953281006
91164 928460985
99713 230733549
17238 293452889
11043 823220750
2017 119989008
69626 881787123
29924 658422218
69514 160849729
29302 295783866
92994 817496727
79294 796269397
12208 584047523
67827 297250708
86125 617736457
12086 290741567
54343 585673154
62382 977360186
53825 136487734
4838 886157626
63373 766168882
97308 552882271
75704 659457721
36323 362005426
24222 72581540
61404 58541881
58802 676214589
92598 789690127
13642 180967377
11267 436265559
5106 652493975
17663 90730137
22680 564566404
75527 454330248
71238 214539939
41404 813781116
99643 46717609
12425 133145154
98407 949758330
81811 184465006
58600 36484616
22196 385133275
6633 817078606
90235 399378130
76729 921512882
78251 163680525
44692 625941215
24504 988490939
67244 589771224
35041 60337838
29157 596579370
91120 151298466
34942 588721000
64647 483128615
59305 425146390
34502 380353694
66241 888396318
50598 189670403
10946 188880517
52392 736771937
78127 329090772
20922 890212709
11434 481121888
61621 453756700
7831 967235725
46916 926752875
16133 633276448
10701 122621317
55062 535263887
79621 165481783
26558 988502890
70215 741390207
25931 341849318
89450 532447689
75799 150070332
6673 164830853
3566 177822553
17987 300025460
21099 177231985
59376 588652093
63536 356326232
33617 485552929
86108 168490247
38266 980684240
42221 944424127
50824 801727773
73716 783388000
89181 995570076
3323 676920337
94917 476999341
52323 928195745
29378 826297907
9683 368782948
60985 361715217
36076 891478218
8304 321569496
83141 35062461
50314 662426343
74837 11509410
97179 64605820
96148 143735748
99196 697320900
53813 574706050
65291 95829393
82545 607829361
91446 325168029
71089 377392071
91600 504746648
23496 479129095
64114 755398228
61435 188983768
26121 131320975
44054 297645757
68790 607537409
82805 24645197
87087 983878955
6426 226652799
88180 338910972
49263 277663407
65748 320556165
68007 848114553
85906 324224246
72586 949563083
69273 867862996
16707 398432849
98502 298283415
39455 955071725
99272 999315183
93026 51904538
84933 164403885
74964 171380012
60182 77871194
1478 475522452
42493 371143446
87672 942281954
50774 654203875
22688 436887917
29472 256432813
67357 307707224
10043 56917046
68295 436778864
68581 768806832
64454 767054147
2463 175476586
18065 339910841
15173 454071495
84732 188496014
88979 213393949
61200 228625922
5940 52266410
46599 626766122
13939 476622170
17990 506292698
65083 423643185
62957 487254604
3681 223556263
56333 773831625
8513 656815705
79275 182908229
60320 332240670
8313 375927298
57491 593270097
88669 831940032
25791 249320439
93426 248743391
31148 640803275
60059 660405685
70695 343870712
72229 537093032
69049 971508423
26218 210829468
93910 241560364
23793 968296120
31684 948467300
71704 531498791
85701 500816669
97095 669106303
73653 741490864
57078 858401932
71788 920790658
20767 394099571
50719 642623617
28847 39745166
32319 629674627
84891 609710194
57584 884306397
88888 281930662
43363 391960256
5353 313683114
51852 437847975
81625 943553314
40354 989251166
93275 611164643
48669 54148303
73376 800348668
77861 879055300
2834 34551797
46577 848296532
29303 974662488
62411 853998052
70154 8897846
94933 943258772
35970 407867932
49151 539021428
32380 17718805
97055 460996433
38810 902902198
20691 579610785
43317 512158085
89836 238004834
18501 669390486
70663 662728668
54685 902491512
14167 233415204
9535 697226472
35553 491551752
92405 56762749
64820 175055722
56525 627195591
1209 845641861
41023 440319380
97150 34644896
54330 569323237
93806 769593369
70198 73990504
48975 971339353
15887 252435119
46094 52740638
10548 907480722
5157 862085618
19497 151980012
56052 413362342
71953 73351224
71305 147882221
8899 426580057
42929 647576509
74867 392796003
44586 303910510
94218 288606630
89068 122233978
79145 918540176
1568 504097364
94514 787574919
50417 873259097
11126 662353956
41553 485409099
16014 495085855
2785 982164846
37824 701031718
93940 948468405
42399 616766518
23700 7628503
56560 566458782
63488 536197394
97159 665903880
48071 813462149
72666 386771980
93022 240169545
73542 512608999
47095 280762762
57646 262601363
74328 184648512
55276 63140191
96374 750518216
95363 589783709
79969 183666628
67517 457873856
94847 792385466
32168 649995905
79443 865483930
96398 405745171
58719 761251452
19022 76384984
11613 577580262
66499 541547023
50911 138962642
77606 701195307
97133 836600717
86030 230230257
17140 690884650
90950 265760306
83317 903694603
79129 557187496
52982 469900401
2249 330789206
13528 446994448
18135 634357802
26833 529780970
12488 89999818
78359 131333466
70986 871947291
9184 630907356
48479 134075357
52624 752756897
92360 532353281
77822 58433
90019 789464121
13602 376118182
34811 209818747
46274 811939777
52477 989391669
94011 797941184
18882 828636605
59603 508473833
5351 515483274
30770 884789231
46409 950349457
85362 431604433
13177 824989160
55105 253459578
37906 552792085
92346 871128273
57655 777228733
23242 589565690
81074 526292713
62143 443088523
56146 443270530
37247 448380026
30169 345566503
36990 246917098
22158 735343630
78074 76872569
51875 706277897
22973 574248958
87788 765127815
47221 211821996
30168 682161829
7106 185147521
26846 298973169
55542 56383311
97900 753114752
77439 65920320
71033 871312301
19867 3935486
92326 746454528
69029 197543299
51901 842101886
7439 558324306
36689 660469669
9869 353268544
75326 883807943
19929 576299763
45812 257875502
13350 545241053
68300 939482611
26516 617064965
32944 744632850
81788 523124936
76496 289265991
41956 876763656
17679 192882119
16193 912494612
85509 552293749
2780 554225946
70558 975673575
8248 875254781
35760 948136628
29809 956579919
25953 362617122
31173 573906256
64487 734124820
84513 755152271
9511 891020481
27381 372394416
16813 946952295
68473 892480830
4385 281277806
50820 943061969
48110 781731216
80050 300640071
93484 334755336
54826 187511916
43564 477401303
78848 58649060
57114 911576078
48077 49899359
28083 983759651
49191 309511731
3377 660001919
79100 112340305
68354 209048601
21974 849081688
55839 614625300
51715 754254545
47590 696537757
76631 797839800
68372 711685367
36051 380656312
28287 85844665
25569 916200429
80520 886393244
45082 160528161
14069 480445775
55724 762148126
44820 747564725
88474 434760510
73456 370863719
77107 524012365
96688 254781414
42390 952493696
40209 703104227
33559 327901463
21964 102552027
72921 536850931
58200 984392164
30143 392472188
76469 560482320
90980 579284543
70631 478441904
8810 888944227
53468 828065898
7314 685143159
19458 771590533
78012 267459201
35972 680649566
86964 784381506
95722 961198349
56298 494585570
69205 370801717
57962 341751804
75391 730847437
37046 311201174
23783 188077725
23677 253023663
93121 926906983
58811 735131497
27008 558637219
52136 496061017
14316 144143288
20385 598711742
6173 344157807
85033 858299222
29428 168314520
61509 882133955
14374 398940260
59485 540210260
72788 338977011
26662 392530523
49088 13828082
13226 237791635
93581 872473678
80673 727930907
42124 478159056
81032 262824537
7611 520744443
8823 349760240
57442 229404133
8910 327670982
91039 964150980
24256 225476502
53340 908431252
92672 471339238
54254 434043046
62266 754560493
87551 645960140
99691 45568125
40365 544892747
66418 290213352
51011 644112159
53011 266058737
54569 994843560
36043 225379043
36661 88244201
4694 213326875
62307 653839560
67919 829581805
76050 580937335
37201 307112896
99892 434645698
74893 444880865
97199 605218664
5898 798030811
25406 918517451
8237 338734484
22589 333440012
60386 183236221
93902 130930803
18985 179505820
56838 945624084
44504 882212589
94411 84378180
16507 476612080
12111 980242189
50643 265704435
92632 232008850
59193 329764317
81884 158884791
43579 375229540
2340 448475922
14810 807373735
71443 299218290
37264 292805733
74926 234447883
93875 99083734
47415 527221279
9557 34152154
714 758409556
40216 894636132
88092 160387040
95513 974257652
39179 571082306
49221 168942572
84140 549643089
65094 126920119
46871 923719618
70749 396969693
28044 995395337
85788 553511609
76317 207211709
54324 786216942
9842 221003828
53234 347564466
79422 971327216
71260 870890286
88688 571900549
86307 729794689
55057 149278324
48375 105279378
47780 587778218
56127 259708850
33352 538078851
58259 20926552
79246 387883584
65101 60909264
12210 374549824
80464 457783271
7420 673367953
93863 884383606
10552 784889846
89090 254714918
48380 208481545
21309 793214683
6425 346660760
13819 557464165
9869 929444759
53237 559979125
12356 276649823
3065 906296102
12137 171525375
2084 670052367
61412 987508762
46503 739208493
22685 105263391
69083 793765172
91523 422596946
8244 135847751
49289 780420011
35791 513329649
31983 56345442
78192 839153269
68647 347696338
36883 867247273
84942 120548476
43782 384108790
5971 848491527
23558 577162171
88982 997913198
35265 666675207
36071 308771534
49502 749517514
7101 902862172
22417 35484023
9087 416088013
91390 296774419
23967 950706716
13308 772680452
95581 292261667
34989 937788057
48186 888089787
9710 519721269
55938 105991956
91888 841874924
59578 858770656
8881 483596479
85255 211804208
33653 210391913
31021 639811059
36925 166011376
94270 326290900
6928 838593232
92926 959313109
6849 932418200
44072 210338831
36121 928194884
41284 231142845
34510 923087719
47261 143605659
31886 596134252
65022 609562755
3587 923966327
45572 421573114
21742 639119511
57011 153822485
37715 897455782
3597 121623131
4880 509598788
86352 549780541
63784 923341692
39480 157909285
68329 475480277
52226 908996254
83929 760860019
41180 622839858
50365 725369943
33757 809713649
92315 620598303
94996 628194722
72212 866659781
14968 10570518
32215 618684048
32276 165102709
6729 723078978
65148 153409245
91570 8978763
50633 167954073
27352 870209579
11331 242525581
42163 380154728
30913 731483422
98116 612509234
5883 821065405
11299 534108072
38823 535986832
89323 790880383
14209 609252748
51404 924131379
96501 413458100
71642 761389367
21726 948929871
27655 449149616
27557 238682414
78605 369912952
82541 623262492
94755 977074594
39758 465921082
17271 87636893
2508 726691158
42237 218121815
27960 936339367
62513 241295971
3301 74932485
76167 857559883
45523 269545726
6117 488565702
38970 365939789
47800 396500391
70618 847741344
34287 242056626
39227 547089866
4580 795276268
94236 650184117
67874 49357830
45081 313230174
60391 597660042
4241 955419363
47278 929538982
12175 359501283
13483 541604337
18703 498853877
58350 8770214
29015 69925284
92665 595212661
14437 780390134
55677 244531751
11679 766660377
73041 10661266
73052 113289328
86204 382739339
1226 426601602
15662 806962645
33306 453477328
8174 906918121
33346 38056090
18959 248275041
4016 946911599
71373 796209154
23849 566862050
57006 794868622
44468 774508570
48353 457602627
80997 77709001
90723 944011443
45920 942470888
27674 352172111
45578 842206177
55609 254932891
23946 881564924
12645 553421020
73070 17656043
96219 910423619
48544 921199634
71578 963797114
59146 878240173
70355 782804604
94864 249577805
84388 403555583
95847 207343058
83621 51586126
49269 135301888
15861 833482163
15997 429962106
29274 488435683
77276 563104622
85071 853867171
98494 574443516
66542 565682409
62224 540555205
35980 741961299
13692 586449849
85080 542934892
22775 853638135
35502 493483339
18842 473708124
66282 532502547
21137 265216749
45041 930412117
47623 134220678
42773 563519978
24483 516375959
14985 246557995
51606 12633056
1422 494937371
96863 82879047
94261 86293730
17938 483178700
68073 942354533
75707 446041209
75330 714281133
3307 487758584
90057 118920402
49103 582768656
83396 45107276
95063 97382646
81709 615102547
53887 598404533
51802 993242104
89354 685904728
76585 775116627
53120 633631466
85554 414435770
64010 816587762
65721 289684527
47980 840252163
44748 985293350
11113 181505253
95246 484264922
89812 572125882
857 838512083
97188 817001284
95408 686546791
90979 227266749
33119 705838017
37660 820130618
30466 92768821
50863 523003709
31976 717278230
89462 938099865
41468 45483129
86654 218005264
89174 325095285
39362 769759890
14694 280832970
29821 758975653
15772 160669466
96437 578107765
20798 200059291
75385 194047540
57534 606649664
66179 355553847
27115 445721087
71713 960974434
5732 263092277
91400 351155618
47780 643320976
35773 933532108
77864 828274843
59237 924094276
4044 384876323
17549 822402746
40981 196274345
24735 434621663
41354 106121881
25109 536828986
46330 365807071
9749 272489083
54717 657064106
78483 945401153
61176 771215117
99934 79744635
52425 464232111
31181 705272983
17838 704788844
70002 953432344
46166 580377609
66911 733401602
1195 413509297
47565 149019172
56538 257165353
44278 993562452
50306 184427992
23890 506407003
68974 627493473
40008 192276137
95739 23104009
10890 237736691
68162 454719149
53069 831552399
68216 820130342
4318 815460441
93727 760158544
20604 666367763
796 612293456
29035 830958712
49036 356589354
95228 98031589
6248 665892056
7654 609002408
21378 182418879
89588 871168963
9472 976109105
91447 40353345
72989 218953987
86397 736986665
15524 299007563
54422 625698277
45513 717897977
1168 337310072
87672 853720514
57387 526042351
51251 643294481
42686 431542341
80290 182109264
27664 740704609
60290 883414333
71601 131681728
38854 232563646
25655 367412774
70230 1170699
40148 934936483
19415 913006330
7124 540365116
49173 56718771
85528 956897132
22860 762097098
31904 976698823
25640 303528041
36563 942819889
48012 518852023
25313 486827172
63583 496607082
22229 179724536
80520 779109084
60251 328330353
41553 951633267
19398 470256318
63535 800441515
26192 211846730
32766 957215489
63039 377600003
62098 884491069
34022 330253748
39294 475663687
82954 751947221
27782 493249755
53654 272493511
52042 627473317
91447 255779146
15018 685696510
47877 598087095
59782 618149437
9973 857997281
24536 486671694
49898 350606386
16811 421825310
35547 698358516
17184 465206248
44501 745083583
7002 97796973
69418 45450385
76406 987942590
51968 349908028
88791 702768217
12590 68044968
10574 261678977
95243 618745569
64362 502281032
74176 347125757
65488 985285883
30830 178461204
5488 588289923
43734 160496547
30896 271306769
43454 781191097
63482 559029094
52238 239984579
34509 986544738
23790 116204465
5568 927177744
81282 726427096
69935 269555945
37531 420063479
47515 402867789
28039 593776918
38996 609402306
81752 104379760
38205 758136333
98392 571688851
15090 685358390
25917 871593492
57083 939051078
82520 647461627
88233 503145081
85309 171474862
70943 457349823
78671 241714357
59730 389225831
45242 876452101
6897 457186711
76474 9781910
51053 360237906
89702 308347771
54517 46084012
45441 200539870
89080 671475867
43881 401552371
45509 294523753
31478 700432282
87792 257702466
81596 939627514
39053 714655800
88782 780327486
54081 168874254
78271 540375445
43616 499371278
34084 195877940
12795 952783090
29271 286308170
7269 744517304
76744 512743522
32572 18870425
24604 296221352
47464 62885485
36669 477807384
16874 478208156
37719 715628198
44262 226851658
46834 137516727
42206 239862312
22869 629914355
67077 35248629
17636 776189660
60602 119067707
28955 265639752
85876 788320514
82628 500990412
75366 483508843
85558 120887517
48952 55478075
27134 553073364
18013 75145943
94744 384229846
76415 724813549
96996 81301804
64219 592640265
64294 9961956
73967 944592320
56226 953778519
48310 340925212
65527 414988111
18079 591188580
13475 388851838
19738 444936114
81457 673286088
63174 594595269
57091 528420671
76244 967905172
98123 858623186
20401 367780163
53826 806108592
17423 742692484
62116 563622173
46423 778797871
76071 987837698
75708 321368024
56138 544034917
90531 849178475
51150 145403046
87278 888880279
43798 476912772
11656 277501699
67407 486355331
69451 723394037
16346 320086241
24380 717367118
65722 260912276
59115 364793741
50809 777251337
21913 455739728
14478 906665516
26422 600418985
10691 800824977
73500 50110744
76529 85755239
58916 657734565
74121 558235792
30674 582036956
62350 767703951
69913 687061684
5851 653527092
86060 88220850
81017 848519672
87458 289304027
7875 543195298
47088 341074139
7286 943416842
19273 185594914
96932 832466902
46139 602204363
90528 780805592
86996 917011612
49850 452547681
89369 650527827
62144 637186857
74662 107954133
9025 275118922
70054 989747341
54027 809279903
80901 679655189
47747 929068793
11601 21144419
83896 719120178
30599 480433985
32354 491979062
19486 803730864
38529 828487613
66373 369720618
84123 554257936
45299 994000384
174 609247822
95643 337782305
52690 809133451
54151 67377886
69350 93295474
56463 326065287
70779 471522717
61982 885579394
39663 670130367
86742 363905677
99398 306737296
69028 323368472
5171 848670864
9071 840470677
47325 615620532
89284 453037480
28557 912853350
68946 638998215
98868 49893896
98407 32397969
89653 584968330
90991 911075426
73323 240766944
59242 862772625
89402 69583052
21803 701516096
74155 153036619
75237 603994308
58807 568362293
8900 102630920
97745 70274643
33866 945602280
93002 27135056
41522 385979953
16367 283486190
57943 999634315
48067 285230831
50967 628629918
21313 189006842
13431 536474997
42580 591455316
18563 472678634
45638 251690484
86943 504109072
55302 782538755
28209 340475691
55813 53606565
57001 112132463
80589 302215128
92904 699127410
74727 143692798
18151 46295264
69549 526087838
98094 344902723
72333 139885815
80231 1351635
93308 846501836
88602 628222003
52561 351930528
79000 158181208
65989 887705767
15053 951710016
10770 438389767
51275 58246516
88257 14918986
58656 56067368
25824 280775669
15992 661740667
79788 418045872
39133 372301801
52054 175356230
92793 308147060
89904 884994782
71449 275631803
37831 470312805
26025 393650138
88374 388806686
31641 538961446
7558 568514321
32097 308016017
94699 573353595
86805 645427911
79190 470689526
30390 137312858
85974 904784091
58890 380119273
93250 532490505
49982 641600125
50777 665554083
11329 718209799
55113 558688753
66518 874373554
87686 452627065
94735 711831155
22099 150708616
13081 345974851
90384 260726110
61053 685488338
64903 721210996
66774 210878495
18867 639475810
49255 449859870
25573 25143942
66888 809568912
73081 396019818
4388 284287881
26853 357954978
73887 977980328
44196 945197628
84251 575079490
36759 685276553
84712 113970503
96922 273334230
22008 861138760
4595 464032002
38672 795005233
25336 895292866
83518 424073396
29912 396336754
48431 762722256
63483 965608085
49816 985959304
4090 715324257
63974 661587961
58008 369896137
2145 451674092
26915 752708581
82688 238108478
6717 199610291
53853 146752026
67860 62886238
74754 692946386
54339 492479077
3950 923537542
6059 750702023
84262 726755828
24060 712331974
74728 967126675
40609 368448941
688 419552055
93857 638731697
4927 472087702
77738 42901973
59767 917446570
8738 8951525
70242 984979499
89829 825687292
37917 439617125
30105 875776956
36845 421698856
92129 85006057
62224 696687902
7841 853152681
69684 302858329
96866 638841693
65181 454260339
33091 384455301
42129 252400162
57744 162438691
44197 976986152
64293 182215446
67244 367808705
374 157952903
71266 264650796
60558 974038494
21684 879562951
46792 880602374
32181 46615061
94252 271189248
26788 601964416
90475 549733643
40184 469436711
69105 821380226
84529 795805931
1245 830715544
45839 70728218
17292 371563071
37866 252957012
79079 818948103
12435 584508392
23301 748891925
10321 844808161
76295 108587493
35702 790997615
73442 42621852
71254 956126936
66310 876153814
22680 691621766
40888 664331193
49716 801770211
13286 978724897
15894 101285656
40050 879199276
34158 790019554
54175 698063096
11346 838627002
64810 287492773
5183 122617021
5158 538478928
26552 401831725
14629 730824385
48451 586573907
93701 943281671
90706 346556611
90307 946685664
87464 431311923
35557 592059103
9420 462903358
9780 246357998
34380 360308932
27174 862988559
97639 721405377
92475 102879966
78053 447406268
71225 216560639
90196 198260941
6723 144198153
72335 895175775
97270 914979740
33160 230516615
91461 852309613
54115 254342771
5596 473580180
81349 507157928
30464 394115485
25769 826552925
92096 364185269
22090 573831937
53872 974779349
16235 216284869
21921 168791885
29668 947369166
63297 779399125
22881 376988182
35645 316631632
85298 851269181
2790 346627033
90912 666201389
20294 989538426
93499 409514199
63106 977233176
48232 715350785
58276 557360865
92496 656774118
31801 378783238
52898 190805445
73887 330956469
23410 750681182
49925 752060261
8509 137530061
87270 337433784
25849 767768964
29769 396669738
66348 344141764
42537 700818196
80579 971192931
964 864857241
66556 124707529
80499 134871366
56915 728749657
914 165651995
63666 233577797
62017 735459335
42120 958944007
8101 4324629
44632 543524243
72514 86781459
63357 553602729
36330 368819765
96638 315927410
11327 541575276
10689 397249620
13036 865249715
90533 565536279
36769 885709333
39107 109981868
78281 938491642
86767 310281635
66877 855186226
74893 421051830
93859 387534956
94056 695488713
27771 507183062
49978 512997984
95834 870984594
40329 755528760
13947 86329660
57630 753383028
41026 202348724
21330 827093630
4428 791452074
31584 146368957
9391 435491484
47676 690869169
96475 536142570
38562 450110621
64178 306180345
80065 315761165
36089 710278918
67389 328718543
69590 652325935
22955 917434223
25230 185281756
23707 398059668
75902 856964459
73658 213376588
51963 390918846
28779 965927924
97276 392297277
9433 950023192
36944 95392604
73648 356585926
3874 889658079
49675 997927338
85152 974216427
65944 918885236
98453 810631678
94981 845541591
20309 311961181
33543 657362038
65849 740392650
10766 918861798
46673 650766644
57915 108776461
54930 424939135
58118 169896576
73259 187934553
2654 423774558
48882 137481671
76753 211305386
80476 755860741
59822 553442687
84325 652617878
23430 573020419
58053 871695598
26046 585364844
14804 143001216
80 273377650
27208 943700276
97882 737613118
47559 2365936
59417 892539922
88762 383338319
30072 557623833
60501 227993899
89543 226082880
72500 750993505
93606 686618836
3431 319684731
42481 962175382
8441 64982925
71722 150839435
60913 318425676
1725 512085593
10001 856527697
91570 289809290
44668 976238882
40772 405190424
40673 364551030
11451 322624724
19373 731488038
76489 77535903
93848 537573396
907 351142657
93189 135592816
45707 386620341
55354 943885866
84158 404485267
92887 994511070
66081 128068016
18525 125829015
18450 633336968
52967 61991757
25988 935074500
79198 513888651
10353 394064301
39751 396644201
24340 953263498
92651 573070134
80850 98785704
63759 734926207
24683 992162806
33239 33800201
58586 731626977
93351 471750740
54811 403996223
94038 204427529
40430 931893263
1300 276410790
2525 622277914
90314 997405711
24061 569134885
13610 744790119
8040 851763675
94553 775624820
2154 118293474
87792 44461948
21953 694632146
14855 705042767
74566 558007227
96159 321672809
92521 140304534
86690 96405633
25694 660830180
86096 479806770
9136 744311408
81126 466461387
36814 393844750
22774 78946384
18364 930284225
90672 346494149
81872 133370639
26886 272375776
48732 178775486
4032 816445470
63789 13783754
44707 323780829
18318 332995590
33477 37891252
43249 408557259
11066 481483913
37730 537864135
48401 231167026
48231 193945027
69036 215131358
6050 875347599
51766 181952260
54994 681079704
66927 649690373
80398 415385989
22042 274542789
20195 21236856
67549 637903492
685 388668519
21772 144667212
76438 637160407
8662 897536514
82078 87068935
24899 677184425
3660 35200576
45749 652446518
67085 679549492
34745 403319561
78323 175708415
62781 833207776
63213 217023948
67908 970219762
77535 670876715
25485 2009660
86745 508037474
83731 406728304
12694 796724900
43429 656511083
96349 777013694
38155 933443527
54021 251183780
71363 11548059
15609 279805751
486 193004233
55793 767262863
38825 698577844
45311 798587443
37878 429363861
40518 516214359
5085 504900329
39839 438972453
93634 2840892
58029 839218718
65469 328926375
25577 804206033
50979 573923057
73917 818594425
33265 962443330
98877 118244227
26067 77996741
67635 809159771
67916 209037447
53737 401839260
13975 994464615
79094 949864270
73093 646865162
29186 475029654
54665 822593597
43905 400380095
92471 254419919
99951 61192959
16542 581228411
43137 100770181
85543 111633951
33443 743478869
65433 67825575
87332 990372689
19854 699441339
37325 518927064
26894 18712094
57678 762821512
18194 918967401
49249 73727357
5770 665557794
94167 106432773
96262 68897515
71450 383791505
91497 610649589
92025 745590839
73622 260198004
5407 106007721
60647 85203915
92650 140901269
10412 138069580
15531 957199318
17214 694977676
80234 648876678
88774 880910663
39962 575128535
55172 550253640
19199 46902019
30924 231443421
96925 310858155
76785 58617542
19349 532978900
91611 764790383
77652 561144393
75113 913117771
60669 107642232
28169 821117297
50041 149358869
12568 694361044
20831 145609600
31173 575979515
38319 1946250
92655 399969940
45714 534930997
60084 783146777
64803 766186945
55374 328529658
47197 432883219
89637 269181580
25919 576346680
38812 656245707
23467 296766077
56757 511545126
86929 561241166
37540 175255546
58117 735123544
27033 180161179
43634 574377102
26852 4562635
80752 432086321
80409 223674773
26892 242945277
51676 836700095
70617 937717855
88061 36408271
76212 10382545
1299 4145726
97500 354893505
98008 602664236
1060 993669371
37086 96140061
8386 955637884
37745 630901597
17829 619044232
99486 234829449
16206 810745567
58431 20999921
85459 279363784
58152 583809146
77969 971796431
97228 738301662
94867 280970667
89411 183712817
7608 540264157
47884 940399302
16005 732856205
54425 670299096
89271 486094938
29371 217614725
57674 128113100
18116 332261142
37379 183615359
50359 428486941
40992 202651943
56389 109492328
72357 941586622
20563 561205575
83016 123428154
18925 726101201
39962 263872238
97611 453063595
6114 264755508
55962 704890828
5167 23283604
21882 373591746
62701 312101165
52406 453337672
25839 562155862
4384 22449016
17809 555534993
53546 934016255
31358 627738422
64139 802360349
79832 702606409
61334 950810285
44082 495574797
72345 237913483
60785 501833227
51114 763640798
24307 438460825
12085 672034407
50262 680036263
25129 575733752
16069 465943442
42017 983227233
44479 409699656
48430 291467150
53349 765073986
47425 118363134
7408 672761135
55612 999790782
73715 12665391
60362 287563618
85207 469266432
53934 978224637
7443 310598912
78784 964409452
4144 564145143
76510 503685126
33461 460229859
71210 170923214
59471 790381231
75369 497018321
61424 959176942
10549 416507403
12411 355311598
10758 100303834
86591 881041052
46969 888417986
4250 731886568
77068 949432369
16957 764023558
74936 299151292
92985 498356030
56864 626570439
85599 535689444
88738 193431926
60952 812218921
86627 147826826
52298 494122632
74093 858128830
178 432740053
25214 121708293
87271 488473464
98678 866848498
94160 67474093
30932 967850373
72591 366083029
73062 546362868
63115 406794854
19580 71011344
99343 738266775
15656 42333256
10150 649085923
31584 927572013
46587 422776948
31929 270581656
17474 91021315
50299 803338179
46558 650407952
43333 245481515
36805 490217700
11188 718777564
98498 576910118
56363 327661005
69132 35169247
99968 469232150
18532 652373835
91632 992235947
40699 127870536
38491 42671685
24115 887330072
90993 116350432
91106 737956109
77052 580771223
28205 322381125
78456 183045060
24462 359446496
1986 605208765
6179 708450258
91876 56149011
65543 537008061
15085 17369199
37073 944824785
71682 493209257
35092 297408576
37051 393452969
68927 364090053
10414 523862424
49161 301794058
3669 253228599
73416 13064357
42941 496550863
74621 261864307
90557 447304206
96272 805827172
94197 386861666
91266 288544874
57919 2335924
78173 965235814
54373 661052736
67016 482525284
33779 104744674
76121 247154313
24990 216859502
21040 602680720
24155 714163437
57090 330541970
89523 833569047
16583 161551300
89517 606389925
86945 799614130
75442 346498401
24407 791445349
91580 772549106
89533 395642442
51473 921881854
17042 672824294
51086 606843031
51618 337161358
77779 26612690
64642 264979383
65269 133019821
97391 174079111
56797 490114949
81357 883019589
53996 723441420
46465 734133163
3542 160071563
52430 418780737
62497 287108120
58445 942846230
78663 617394474
44655 664940575
9889 878539081
1641 483909640
15404 602750781
647 225079277
90721 848672949
89062 692857125
49742 490847841
4503 903252888
51594 475548253
60506 858508950
11928 585406195
31951 78321908
35889 518803935
37037 66013288
27598 300258697
94114 931423359
36391 90836565
3905 530450035
68980 200407858
78256 911094331
92033 162386913
35513 485861296
86833 978348739
70377 786533962
53764 588825187
26933 379512916
92734 342723950
51411 113821000
96974 863661717
13237 411093508
82207 961096406
29998 384818601
78855 247138067
36301 89312962
36249 587341080
62999 174514620
78724 265788280
66352 950938658
43173 427721114
21245 770592912
64626 396306096
49917 493392175
19863 72084942
30792 788355566
99234 368722060
73830 101145101
67388 220744330
70702 466031154
94850 161550015
32953 440385998
90419 373281126
87079 677643164
18241 29166745
50267 151109279
3313 591936853
77847 568177189
73718 467798308
63437 115504961
26271 774471643
8789 583474865
67965 173130291
54052 887527953
52124 983794314
35943 979265464
96214 912952151
13896 456245008
63118 227518094
546 691699613
67927 954829509
42282 920783073
8568 633579079
33116 381900778
62567 669865587
77158 162675018
25272 748601171
39177 420524120
32145 243005446
86548 496466402
80481 305315529
29921 631722736
68503 512165929
76113 974358827
67566 652326148
50861 173453212
33901 738864124
79561 930667091
82947 907729656
97252 60079641
9425 623462972
88300 379382627
82820 564759290
70836 763044935
49230 552128202
98702 253674705
14912 687806704
29547 440882789
86183 334660868
14413 607737391
31284 334622299
18815 316505816
40979 310674946
7304 36443656
10313 995698165
10401 391068402
37631 420364635
43005 666703127
54510 397168966
72468 746979901
42331 525750984
84439 786475542
88757 328486998
99197 242619791
92031 590680174
91273 933654499
7223 74801026
57446 114213341
30475 24412383
64455 212034381
64580 728199573
51408 73198061
57945 90958986
76740 441395211
78157 184419224
676 530961204
88996 943866434
41918 837491402
74634 992192782
39270 597087423
64887 477178646
82599 415735819
73276 698973737
99272 158756545
49853 45904516
18709 34143108
59963 717165188
43729 901746729
72626 426936599
32618 614650050
77376 774397374
54398 93941483
42695 957684732
39081 688193121
59623 336935004
49688 203075346
76915 663759575
56281 729532982
53452 508404159
29157 595235569
93700 265693842
71724 302639871
24910 266039988
27339 871921489
69057 491743967
61467 657931839
5771 990402127
17349 660987827
73190 158714717
63695 279528450
30469 605341744
72497 635944921
8542 151475024
70511 242917021
41977 103799334
73318 596424040
65846 99690372
29753 53203359
45194 800247700
52980 291995233
52593 383311043
44243 267874723
52217 414184008
54598 657583195
30749 430913303
72830 820799944
56222 19634170
33656 873069309
23638 206663670
76204 868133670
17727 79284588
53728 376588423
7448 770508532
16723 351058762
9679 921501952
48256 176255609
28498 732414331
24632 384976662
36745 552602324
69141 221614276
55771 363958806
82492 726440475
70281 780567159
68509 992903685
9010 982831703
86381 757600949
94744 302302540
1722 200945520
2307 182139789
34321 526377640
29737 858472584
23466 761729615
98367 410815734
23180 1042895
63213 716743353
26780 702569201
42478 228930718
806 846885707
82675 752159425
97207 931512610
79813 430280653
86382 564132056
14560 958107553
11242 630838244
29108 823874308
53613 384564203
22151 276301005
80927 845168597
67571 239340532
62897 182918842
38426 252450022
556 471475547
37001 388817012
79770 374805319
91107 307433456
92250 174712416
84997 323272685
69421 456564306
61266 866375431
14090 107860088
50834 620039452
27961 704215580
15555 125004258
48402 966595035
86777 264237165
32728 974177973
19601 854208196
83430 266308142
13736 613306717
6387 157898662
83095 489209511
70397 374156936
39609 102261805
18833 343083818
50039 547657315
75904 896568644
27579 332647224
57707 450619346
79511 251924831
47058 661844303
88018 838969060
38557 410301143
2287 362751570
89430 760376275
16712 130196325
21461 200299825
61940 179326269
88347 848281398
62750 215167450
51323 6515682
25642 984817145
79595 201639292
92371 58311959
58084 962019454
42360 459648282
58078 626519379
31949 770647390
69466 735020456
42693 594780209
68319 318083790
85523 402754880
7177 164159375
65739 14475128
78647 856995385
68453 165992059
14968 808727703
64543 697424054
33819 221596127
49930 594383292
31264 362061890
84838 592313698
29189 445619085
31246 987066276
49775 538405784
45615 693637600
13496 677163155
96628 622652152
71992 998059560
45854 158222239
96668 127024764
73203 333125607
75380 479825744
21980 603144305
88378 26050496
57793 73658336
63996 226670751
5075 387384812
74540 945506855
87871 619566562
14090 380678270
64509 453187160
89930 970144710
91411 822806806
19267 871545311
4840 792614733
45857 472419026
51215 707020995
21473 924001223
8691 51159597
59095 36472481
15525 787583946
81520 399018008
95169 632825578
82301 825472732
58186 641227766
41528 117309719
39113 486196858
13849 651749214
20649 266501439
3141 5107912
20074 946797546
17299 544228381
8631 221863046
55297 364243575
95827 323454023
85214 320714054
15815 482684723
67251 584176443
85144 518777352
65410 435068221
74142 780551386
1592 754579527
38951 861045378
63900 104660861
10685 121736566
67189 365460082
5625 241543637
88691 346171955
27687 486466234
61179 914049487
4692 285676792
1730 12856877
20780 333886081
99498 171865012
17996 375525396
45759 183157566
73124 135617772
30655 410501306
45073 198266940
63686 256754819
90332 118971976
36045 207032251
85044 308047348
88488 408272472
27311 14003906
74167 641308121
98192 158381048
341 831427082
91451 374040323
26079 545418354
29674 33635112
8540 765161154
51741 876256372
822 785193888
38364 746095938
50612 296314651
72277 515218081
21760 87906012
15491 605303747
93515 627555814
64257 177129411
75125 695131917
42530 977488836
64494 439882837
63409 616085764
91917 422753070
43500 685601356
29878 526815866
69560 317103918
48027 387818790
37905 604244643
41287 686743366
65395 478635780
93339 263273553
91640 994081715
10239 428294046
3159 275108707
84203 33491449
93781 834323710
73866 61263641
71609 736870379
47862 849230858
43598 666086198
26554 234569751
25661 91565655
26598 731280649
62715 516319352
50051 617643116
69699 602220105
53125 756336407
61137 854144026
59944 164174687
33199 994686558
27832 512015265
99833 369617137
47249 483045494
58067 829606184
73205 718091656
14732 112926839
9006 607084628
28517 383530804
72104 764076192
35475 666552385
66860 187131492
92057 639076687
42193 295085123
57970 168260249
40404 466046347
81860 521562145
62350 140562276
57838 818720418
14636 750880949
42848 922724439
7591 211698461
23549 688044096
46371 13373000
65067 30040585
20628 845455853
55804 559236638
21246 662703478
18843 182448289
61913 485392806
53105 456064847
56059 172311003
50212 108416072
73106 107660236
90082 171472258
69036 474905010
35307 915396443
81613 391634970
25236 52380536
11721 798177478
12377 782670070
50457 958569159
70792 346742362
47549 22135401
76961 887796630
60720 36861624
46522 125103703
15800 584292439
37489 532346188
34274 193063411
37702 727966733
46532 491771180
31910 275408723
84862 597985909
28314 273424198
66022 992147352
56287 300677981
49521 665149340
68686 95748764
87644 553441562
79657 494264251
6382 415715293
15382 383593125
76667 316607542
18134 739905325
49421 12044818
46137 454961193
81968 753447908
89814 388824034
61493 389931535
54257 934523824
52598 510840912
29213 907722682
85603 106316755
49414 929464602
52605 305444977
2195 200113793
97475 343491959
29142 637936777
60479 820515472
73067 900905663
29847 111548201
92415 516752675
61262 267672638
91139 552196968
38461 2561261
18503 184620469
16486 172990660
86741 549993758
9311 603470211
68797 188707619
53783 167592823
43225 203055356
93525 945732131
91702 886446598
56523 650582428
195 450998376
83264 832641003
91974 895445900
68138 503249328
18929 356991171
15357 876748082
56763 434704650
81416 916744495
3247 611009888
38129 492602363
34993 541584532
40147 540147204
98906 511691495
77831 394674966
9507 384170140
9332 571651053
23043 440691010
68676 133013580
23736 710480933
98964 249517476
29311 402604035
4661 581049449
78466 353061089
27329 804905508
45246 743559771
78358 871206302
39437 497057634
19713 741394685
73167 100587117
62371 163006810
64108 827022096
44646 643942866
73544 815802742
90529 570700724
13733 225983023
23452 555028266
93277 971545919
68753 483502722
74313 579645256
55695 165686009
12215 56367779
25775 169157375
22142 873576883
55284 158180202
39562 125222161
41359 962901991
20143 549511668
30754 421067817
74954 354734545
17609 430593438
37640 329947425
13742 421086432
95286 952889832
78539 293058436
3505 913005325
41659 542899426
18871 451582635
94673 300490053
51010 871815029
53370 775632145
31775 46962070
68546 478559005
42361 403304944
15571 438326132
80788 878859330
31275 739234934
58671 764973777
27699 353328369
43051 43174464
4983 326057092
18537 395734855
60869 988498073
88707 493154956
65882 788798360
14434 192172898
86587 237316570
70674 183898637
43966 97469069
15744 181043698
75432 348477829
85272 650130
61114 590009922
12008 749175250
87418 64239912
95438 174785991
35104 738845884
85913 859367882
91313 63233487
40801 4248819
44824 514461175
91266 793030010
42358 942298717
62366 85729194
60082 383351874
47906 456528681
78864 317349442
17356 828354636
24554 609903361
90304 316335645
74928 622075212
24765 859516578
31976 652242367
51378 760502774
83876 92119518
97713 151311438
71263 134936804
37381 247469752
3965 881315466
52317 505458782
12580 325577775
6705 331226654
67342 105481863
72780 899690915
77877 498098307
92153 499841045
70272 766928254
46530 935491815
82234 600378039
21421 804468400
15658 514100875
26603 428806317
2701 139468235
59762 202643253
53256 739067117
82312 940508131
116 571716369
86018 393084305
85361 330642411
19424 984990029
90868 999179158
37734 675569229
8279 662356839
20972 608378787
10777 49905316
53494 437874018
90216 340060487
77922 210369247
75992 141821672
61299 53829408
60328 2344242
35886 750868279
73021 137184281
77015 831744817
87502 419384547
63958 395687276
97842 144439816
58560 975292285
31643 263494060
35605 316368048
5808 407775727
86170 971385462
20178 94408304
97121 908030675
12098 786176535
53445 326224058
72011 28529297
25020 484422646
66107 781027428
55306 552492234
67280 6129507
81435 299176820
13212 433159562
6106 378889603
2722 640235872
42871 336266418
7792 945251061
81160 358278188
84410 371676327
99906 712940206
22985 972642521
68942 232402965
56548 72034359
45030 844781912
36163 317147422
16073 559261374
64715 665827223
4236 544301894
48589 418758775
51964 474213060
5805 74560007
87996 983619225
12769 212558441
73961 623364284
59724 774731968
46504 156251467
33318 80220397
49177 266759597
67872 698679041
21385 943217864
62857 316150557
90343 68588192
68727 196765849
22530 61343855
50667 422037566
77513 230773527
20951 680953717
51154 825935733
31810 904394334
98559 755960036
95867 197759594
16619 46546096
80554 727471680
58086 316041792
12614 981504704
83434 141673549
9974 749546769
54591 101327674
61218 803418988
38068 931823620
31963 35079096
17052 235456491
77543 931449964
1126 511468895
60389 453602062
28021 212308506
57043 380002169
53920 621557827
36730 324683592
61526 63183899
55293 781369025
85084 852248148
60328 928997251
54597 306597379
69034 553931918
81102 929286749
49816 389632964
22241 314440792
85372 222209937
58603 845202485
20037 421184254
47540 120637132
8870 33535157
55975 691920024
17006 908774266
5627 290011630
16670 836294237
71563 344046886
683 731657279
32033 133763990
92431 907757545
91483 916653515
29980 605121491
27400 348754361
23938 799282868
63801 534036781
33864 935726831
32979 756538711
90704 842972369
14294 802885467
85631 111564207
3080 514931024
28509 761444567
95363 872506081
32821 747848635
95819 437796885
66640 696530561
1261 254234168
16500 309908035
90031 664068589
3261 808904583
58136 628288054
76904 641164022
40765 507252998
2495 459107927
47725 512701726
56637 645335631
75730 861661406
37357 126591485
3857 641401919
10640 648400594
41719 264823915
9491 25318340
46809 792440951
28126 2289964
35575 80700131
52714 660330199
66242 309432816
49552 231340086
41475 753354111
51355 576345716
42910 600133998
80408 917124058
89026 531995061
41857 369433625
360 565567062
45399 556042569
44533 283268885
88035 54616905
6581 266260796
94339 405993523
2396 137465630
5764 328421063
41616 575899503
80298 978798458
73856 655533147
41395 806188500
58637 889142541
81240 964321357
10192 103814643
16048 944204531
71062 733116597
44113 940236626
96877 450855147
25164 1476893
14366 450704744
70960 605035528
77475 754295678
10659 83795468
78745 532014023
46894 396666065
98185 398481778
2240 692466274
55723 924074173
55093 128005051
5305 416671417
28119 756985985
95994 17826873
4813 55674626
91485 568060178
52660 601757279
32681 724551875
47128 59007643
70319 127955891
85391 919039643
11471 787609052
4356 127501949
29639 202318084
84953 83568324
13005 390679890
69000 623699303
83830 763157722
72386 822154825
2950 618463453
76521 452506579
41280 434796407
46488 786442001
7021 626315276
65833 486558710
8137 454546001
95764 223400406
60461 679002751
47292 206817230
64202 541050384
38339 707446935
21888 357857973
11904 168294602
81934 283173698
45127 562482261
46993 4133059
77565 253751566
52010 789841742
12754 389509899
92648 456082687
19184 500456077
56260 5909255
22407 204601028
6965 637484657
60396 669218492
51795 514296734
55291 29819879
39609 459095515
2363 320010953
55072 500362531
7731 429316493
59379 759130821
69546 364734920
45765 786259939
36873 237325135
20016 621048427
71441 888813888
36360 637171277
90647 247051762
44824 259609131
80946 789232446
98523 39918271
68714 401895753
17043 307565053
78650 874545234
63035 74616418
17987 98167245
21638 2816935
3273 511842581
14120 911340271
39652 277719578
63088 987125524
74032 211464732
47739 939344784
89585 189856783
55439 358462983
78193 821004537
87510 958341085
70287 103041363
36698 57223332
8260 390081861
62357 257159991
55195 443493986
8014 842449640
69904 744992369
20399 394734682
83930 358825852
59805 213021071
57422 310570623
33713 242456960
12869 380762750
42684 619696763
52746 811915679
74693 14985977
5617 670171355
15385 702070488
63231 312411240
53960 61368862
82647 393897597
59694 872554357
76467 945840739
37375 225217775
78941 16873800
45462 876212090
66748 80782944
57690 40593109
26665 373872181
36845 62326314
81806 895857419
17854 28024244
6665 947352695
24061 306186569
38047 284171123
55021 360960616
34680 860591102
97739 766867937
1893 638124094
26886 514425765
71575 449149417
71233 261687416
90845 804667926
38677 55598639
81199 594965930
90822 956115363
60846 73488002
37813 360971402
91427 761720284
42114 793999462
52637 674058460
19477 682218045
26329 351917153
10400 540097231
62388 328815639
12908 381607745
21424 890800587
27295 782326390
25242 248322826
68196 521036985
33631 591094624
13110 683293284
60919 286740862
7652 671470385
58261 177245321
57736 780955161
34338 100822554
94477 173329177
41269 779862501
48760 391051140
30621 197104243
35825 245463181
75577 710424763
79647 691103214
45338 167179938
9276 715711938
78686 756750469
30119 181012254
83030 523029884
64619 275739415
68647 856137945
41979 822605672
18544 15307017
6278 538069258
213 324792317
55108 866218154
42744 16540926
64001 216974172
54561 188542602
33256 325198376
9878 292658525
67315 664263363
59968 677365713
20064 543603967
76879 342567991
2235 958419204
70174 981894368
38168 103766059
4909 930388980
97526 688652077
62774 94211556
37848 771688380
60536 475903782
12967 703773686
92163 770487966
1854 840478511
70916 779865816
23387 104427467
61427 935950531
20085 485998317
4844 376687794
17178 839179506
51098 372687053
34370 854528448
26213 437462513
57587 229132642
54909 558156520
98128 610659150
83766 551143556
45632 746967958
61637 726798126
25499 354447504
95166 87870715
29317 998442052
64909 684650343
2454 268745822
70276 874977569
71406 954456506
53768 478511578
7383 674224950
7690 190188292
59060 409873537
47563 761918878
51163 116052653
41575 211372184
77927 924238578
48928 90366230
5721 695589666
70289 937099438
30906 615375350
80831 707363174
49710 666438412
67811 413950754
36465 58934614
34851 108204170
26571 547716831
90474 716744426
40547 293789832
720 252117607
11867 424651135
62991 282329579
186 98026219
95790 85736520
90529 175559072
10033 417859694
67151 403826612
29502 179590473
2590 41445325
82371 195945947
73680 557366201
81530 844509136
62558 146709153
18495 345316527
