2728
59447248 503602089
59447248 147590053
59447248 237453010
59447248 164010274
59447248 808805102
59447248 556858360
59447248 853829486
59447248 772935768
59447248 523508369
59447248 344344298
59447248 664366623
59447248 813797163
59447248 578722520
59447248 455570622
59447248 824520630
59447248 729323630
59447248 973489912
59447248 618456334
59447248 105798241
59447248 39010592
59447248 944757249
59447248 738966240
59447248 600498704
59447248 810156629
59447248 916516354
59447248 234756676
59447248 695517277
59447248 481079820
59447248 644575505
59447248 422270681
59447248 41217889
59447248 884315708
59447248 327166278
59447248 573866668
59447248 246334956
59447248 689098481
59447248 82003112
59447248 166185066
59447248 41382649
59447248 809883643
59447248 613058691
59447248 5501958
59447248 862516391
59447248 435929748
59447248 226959892
59447248 89405146
59447248 619331443
59447248 776108510
59447248 243845376
59447248 296649813
59447248 903587877
59447248 669574762
59447248 830552183
59447248 409988757
59447248 751607805
59447248 604831156
59447248 46687450
59447248 670851593
59447248 776123219
59447248 399846761
59447248 862438642
59447248 881876620
59447248 553633458
59447248 129536059
59447248 228170150
59447248 540627622
59447248 854230877
59447248 162294468
59447248 143503848
59447248 396315037
59447248 799948594
59447248 748427456
59447248 830628836
59447248 408662561
59447248 897008341
59447248 234843067
59447248 532329673
59447248 47907663
59447248 162052178
59447248 821012260
59447248 200489017
59447248 184341043
59447248 687763818
59447248 655857178
59447248 985294783
59447248 792297137
59447248 910375776
59447248 839537818
59447248 614880971
59447248 656518924
59447248 642997525
59447248 43793453
59447248 361401172
59447248 84811028
59447248 210815003
59447248 827486317
59447248 550446730
59447248 557655813
59447248 757559930
59447248 39076676
59447248 716555482
59447248 848682216
59447248 285997096
59447248 848987224
59447248 900347045
59447248 654627420
59447248 734324705
59447248 190434858
59447248 508098960
59447248 561892794
59447248 880446231
59447248 507780615
59447248 207592610
59447248 528715385
59447248 963716528
59447248 512914138
59447248 525962388
59447248 83784342
59447248 195228389
59447248 148704941
59447248 875436976
59447248 228813030
59447248 454545265
59447248 861528574
59447248 486421625
59447248 196703718
59447248 616475252
59447248 502707277
59447248 89038441
59447248 497041175
59447248 227778785
59447248 888087118
59447248 873549022
59447248 657910353
59447248 868471472
59447248 550929876
59447248 352996242
59447248 618893261
59447248 924312260
59447248 719583833
59447248 290065680
59447248 248132951
59447248 782687120
59447248 690354278
59447248 70761772
59447248 307252065
59447248 710524026
59447248 84692836
59447248 678214222
59447248 706925063
59447248 113944463
59447248 840317627
59447248 294968699
59447248 380455079
59447248 259894541
59447248 80487738
59447248 558190680
59447248 473357944
59447248 675438156
59447248 767042933
59447248 800487705
59447248 844431954
59447248 142290979
59447248 948222027
59447248 481651734
59447248 29715099
59447248 372647901
59447248 393198076
59447248 21631532
59447248 105884050
59447248 302241949
59447248 241698721
59447248 87158106
59447248 603894523
59447248 333278568
59447248 522257336
59447248 884160200
59447248 699541314
59447248 797728931
59447248 775710310
59447248 807221949
59447248 682771459
59447248 419294635
59447248 644898977
59447248 908164976
59447248 24316006
59447248 738116008
59447248 680733826
59447248 493788464
59447248 781893181
59447248 596998527
59447248 375503904
59447248 428015061
59447248 973066831
59447248 673341794
59447248 281725625
59447248 723940231
59447248 574745659
59447248 793131051
59447248 898388023
59447248 478532666
59447248 528752413
59447248 673025253
59447248 188104044
59447248 848920889
59447248 44010396
59447248 876917499
59447248 944392441
59447248 541236723
59447248 942557073
59447248 489653215
59447248 202140264
59447248 188854389
59447248 646066864
59447248 791994517
59447248 947528903
59447248 583223201
59447248 281280638
59447248 447835126
59447248 824232153
59447248 610771980
59447248 971364701
59447248 757144965
59447248 223996574
59447248 993005911
59447248 744173892
59447248 174878419
59447248 852757148
59447248 748107860
59447248 829147747
59447248 67706592
59447248 467592178
59447248 988840618
59447248 374590761
59447248 443782659
59447248 711977879
59447248 794994044
59447248 53497285
59447248 804329324
59447248 210040120
59447248 482113466
59447248 802551967
59447248 982509608
59447248 795797584
59447248 246091959
59447248 358188090
59447248 158502435
59447248 334002402
59447248 785835976
59447248 22140320
59447248 335730586
59447248 603091906
59447248 887870467
59447248 88278668
59447248 991412232
59447248 300235574
59447248 551758596
59447248 906509067
59447248 648432452
59447248 754676664
59447248 161067571
59447248 598182777
59447248 182444745
59447248 541109790
59447248 889486423
59447248 40232491
59447248 335679630
59447248 641364797
59447248 266165133
59447248 709893124
59447248 803114720
59447248 565098774
59447248 94087974
59447248 307475710
59447248 507647001
59447248 43202366
59447248 940790044
59447248 965970260
59447248 149863802
59447248 174103796
59447248 201152331
59447248 332746314
59447248 815015813
59447248 967015241
59447248 597604778
59447248 927799392
59447248 212988828
59447248 393101203
59447248 268730100
59447248 845208062
59447248 759325461
59447248 37792746
59447248 51530640
59447248 140144577
59447248 634815567
59447248 647185692
59447248 296106340
59447248 554026082
59447248 200522705
59447248 114066940
59447248 626498424
59447248 740319016
59447248 678577394
59447248 533173859
59447248 963465041
59447248 803007981
59447248 240539669
59447248 755316590
59447248 245886262
59447248 193085976
59447248 740489305
59447248 880022148
59447248 12576622
59447248 967457273
59447248 829034298
59447248 987830934
59447248 250305914
59447248 409653299
59447248 684897946
59447248 796239016
59447248 252777236
59447248 511512639
59447248 210646242
59447248 864948208
59447248 717050112
59447248 873786433
59447248 103432100
59447248 563847294
59447248 792296714
59447248 827966006
59447248 62848225
59447248 241465041
59447248 831285985
59447248 716746324
59447248 400180310
59447248 892907988
59447248 200850509
59447248 541502133
59447248 154462871
59447248 519350843
59447248 877203431
59447248 645974035
59447248 480084012
59447248 377721498
59447248 251174501
59447248 500259793
59447248 950981
59447248 960447807
59447248 711436886
59447248 746213927
59447248 132768162
59447248 93666360
59447248 939828929
59447248 957764568
59447248 879233827
59447248 416709319
59447248 126355
59447248 460632410
59447248 64072515
59447248 585364331
59447248 837247878
59447248 536552063
59447248 505596600
59447248 922855347
59447248 575233258
59447248 165866898
59447248 659044441
59447248 475164436
59447248 622483855
59447248 879383118
59447248 605281251
59447248 303213531
59447248 534040858
59447248 811871987
59447248 444923335
59447248 601954576
59447248 864094718
59447248 242590908
59447248 186601143
59447248 943067034
59447248 577982267
59447248 390273647
59447248 628607624
59447248 347905877
59447248 144346977
59447248 48642079
59447248 470723022
59447248 996126631
59447248 603857968
59447248 403654961
59447248 333630407
59447248 128092258
59447248 214165988
59447248 491184438
59447248 537945794
59447248 860897307
59447248 50074856
59447248 974177440
59447248 302466998
59447248 795050745
59447248 762513765
59447248 89898710
59447248 753697675
59447248 649612506
59447248 654198141
59447248 185164632
59447248 831626822
59447248 278485235
59447248 487313125
59447248 973543869
59447248 724990693
59447248 799242410
59447248 319796319
59447248 451840334
59447248 884877905
59447248 160556522
59447248 237871474
59447248 168780925
59447248 271982009
59447248 536476468
59447248 663752757
59447248 499829679
59447248 581717008
59447248 522898473
59447248 482674061
59447248 330029981
59447248 253882157
59447248 441110511
59447248 538218971
59447248 180558113
59447248 483909791
59447248 898542700
59447248 204134591
59447248 988092244
59447248 46961246
59447248 143130232
59447248 717982691
59447248 795852127
59447248 522726245
59447248 155552234
59447248 159658191
59447248 863616589
59447248 551268007
59447248 574569423
59447248 112108111
59447248 608866611
59447248 346177039
59447248 154665007
59447248 838842563
59447248 288803742
59447248 954172095
59447248 22534278
59447248 611624864
59447248 451427370
59447248 240788975
59447248 887698939
59447248 799371963
59447248 914511475
59447248 712249830
59447248 672417315
59447248 635358305
59447248 179294607
59447248 955251942
59447248 150886371
59447248 76333241
59447248 192157119
59447248 697100948
59447248 942506396
59447248 970150125
59447248 101842739
59447248 47792818
59447248 551773696
59447248 198502516
59447248 628758584
59447248 693846943
59447248 657085393
59447248 680952433
59447248 203729531
59447248 973898418
59447248 477744043
59447248 775652841
59447248 351810407
59447248 677829444
59447248 399205529
59447248 874636048
59447248 146872068
59447248 607760918
59447248 763168752
59447248 767291758
59447248 399191871
59447248 898076460
59447248 425997213
59447248 636097134
59447248 483215203
59447248 135754959
59447248 657399774
59447248 728903276
59447248 694569593
59447248 617819104
59447248 602277625
59447248 964780846
59447248 78718656
59447248 385622123
59447248 420817522
59447248 275111305
59447248 893228461
59447248 118673913
59447248 992021376
59447248 475690482
59447248 65615325
59447248 390808542
59447248 111193570
59447248 274068890
59447248 32955378
59447248 842427786
59447248 450898427
59447248 401077597
59447248 953037956
59447248 297650506
59447248 312450420
59447248 454051743
59447248 167266380
59447248 204088384
59447248 411003690
59447248 906465200
59447248 827828219
59447248 779475120
59447248 308247830
59447248 917539936
59447248 751700272
59447248 934995138
59447248 971675318
59447248 950597534
59447248 222984650
59447248 581373300
59447248 245509776
59447248 24494916
59447248 444695928
59447248 135382162
59447248 576661712
59447248 451027665
59447248 513167384
59447248 71955261
59447248 927640071
59447248 320022083
59447248 167586682
59447248 4071696
59447248 887745643
59447248 158679738
59447248 571873471
59447248 978474132
59447248 169905947
59447248 373237003
59447248 626058416
59447248 597349210
59447248 133695792
59447248 432933174
59447248 643936434
59447248 876050775
59447248 164465237
59447248 588062441
59447248 15163131
59447248 207285075
59447248 769380251
59447248 931924091
59447248 576144071
59447248 498102818
59447248 212182466
59447248 305015764
59447248 15488817
59447248 175762715
59447248 878387762
59447248 113592781
59447248 530131320
59447248 468833922
59447248 655593128
59447248 347072525
59447248 599158092
59447248 593583673
59447248 451666040
59447248 931567031
59447248 900609457
59447248 547108083
59447248 385544187
59447248 773769374
59447248 979605984
59447248 195799182
59447248 221566193
59447248 240043816
59447248 246996114
59447248 384360532
59447248 872486090
59447248 918279572
59447248 197913065
59447248 720851862
59447248 50862999
59447248 738908877
59447248 566451731
59447248 86098200
59447248 879967046
59447248 557700811
59447248 991272608
59447248 821450993
59447248 946788083
59447248 587387459
59447248 876177492
59447248 558121996
59447248 581105791
59447248 323423946
59447248 295179137
59447248 124359620
59447248 754258570
59447248 368824154
59447248 148066600
59447248 686962501
59447248 920314370
59447248 988707642
59447248 338337680
59447248 140316542
59447248 14776215
59447248 98448540
59447248 261381988
59447248 661443602
59447248 862503250
59447248 753978886
59447248 596431729
59447248 256536877
59447248 514328035
59447248 614617634
59447248 863570214
59447248 784199370
59447248 875785405
59447248 173287644
59447248 570471063
59447248 140477645
59447248 306610027
59447248 646883683
59447248 19613859
59447248 31679137
59447248 124240743
59447248 939306331
59447248 367859482
59447248 309662038
59447248 552633895
59447248 484276449
59447248 615037820
59447248 663177355
59447248 357256322
59447248 499106423
59447248 832088269
59447248 533284373
59447248 948598544
59447248 953502112
59447248 447915503
59447248 28265691
59447248 860602861
59447248 642027899
59447248 182232792
59447248 27634671
59447248 817741755
59447248 823243174
59447248 812965302
59447248 744397323
59447248 431286637
59447248 275987149
59447248 842227314
59447248 847675801
59447248 23661397
59447248 305727110
59447248 166100221
59447248 413038144
59447248 416235352
59447248 540814293
59447248 104296633
59447248 782419343
59447248 433485601
59447248 989571158
59447248 643159825
59447248 168679729
59447248 168046384
59447248 618793474
59447248 881096621
59447248 413458455
59447248 266713222
59447248 64031579
59447248 763499694
59447248 180230169
59447248 655931342
59447248 639345973
59447248 572546390
59447248 410951045
59447248 163498497
59447248 397703432
59447248 136022770
59447248 724958642
59447248 204629696
59447248 85666504
59447248 819700633
59447248 121146466
59447248 999644255
59447248 705084917
59447248 326400187
59447248 397535006
59447248 300611841
59447248 660325776
59447248 11822509
59447248 808183234
59447248 68447688
59447248 331311933
59447248 113566633
59447248 194652766
59447248 443271015
59447248 306589014
59447248 9476753
59447248 293461361
59447248 472738067
59447248 340950549
59447248 113009270
59447248 449612022
59447248 659782337
59447248 299867857
59447248 746361014
59447248 272673108
59447248 587454144
59447248 619524005
59447248 546660676
59447248 357470483
59447248 555316599
59447248 311247952
59447248 614179220
59447248 364713048
59447248 328709584
59447248 396483196
59447248 810214646
59447248 632146873
59447248 747280512
59447248 731538864
59447248 929172309
59447248 329734181
59447248 370933036
59447248 734390094
59447248 468915593
59447248 236978600
59447248 368279296
59447248 846956863
59447248 321950530
59447248 872659753
59447248 101179870
59447248 830232789
59447248 372107902
59447248 563625075
59447248 462169767
59447248 666900571
59447248 920347611
59447248 340387677
59447248 730102954
59447248 971305489
59447248 891380718
59447248 36027440
59447248 172905190
59447248 837799416
59447248 985265383
59447248 332517412
59447248 463021048
59447248 872420892
59447248 941784707
59447248 13895211
59447248 599107788
59447248 773758935
59447248 294659299
59447248 714961982
59447248 825457319
59447248 521890862
59447248 90073028
59447248 693474772
59447248 128145678
59447248 393321925
59447248 402377970
59447248 909038231
59447248 585917776
59447248 588954944
59447248 529234
59447248 752798662
59447248 973029602
59447248 608811725
59447248 609986208
59447248 756487701
59447248 601548612
59447248 756501004
59447248 358744801
59447248 952807876
59447248 687074783
59447248 361589189
59447248 590492768
59447248 342779374
59447248 95938565
59447248 897413571
59447248 58080005
59447248 794437535
59447248 882422898
59447248 178637487
59447248 639156935
59447248 97584890
59447248 778636693
59447248 318239521
59447248 267334110
59447248 780576492
59447248 353302534
59447248 13695238
59447248 644203784
59447248 604132929
59447248 94043899
59447248 211063201
59447248 903425019
59447248 953165740
59447248 387080679
59447248 802413178
59447248 250077788
59447248 998955714
59447248 60505127
59447248 655155435
59447248 410904651
59447248 687786374
59447248 367358047
59447248 251534857
59447248 48593027
59447248 65534788
59447248 753127775
59447248 141763868
59447248 455500592
59447248 23571628
59447248 153187361
59447248 882530725
59447248 31888230
59447248 610145322
59447248 912195161
59447248 815279227
59447248 642147770
59447248 187660953
59447248 600648372
59447248 353566293
59447248 360726947
59447248 120133072
59447248 672335592
59447248 875978955
59447248 826802407
59447248 790372021
59447248 276604049
59447248 32763288
59447248 631964965
59447248 666826221
59447248 107867719
59447248 886751053
59447248 962821170
59447248 465921515
59447248 282185896
59447248 630090423
59447248 548044489
59447248 204010780
59447248 460163155
59447248 914678223
59447248 344385817
59447248 451516204
59447248 521988202
59447248 57608500
59447248 277356260
59447248 372055376
59447248 697507664
59447248 540299822
59447248 526491325
59447248 241439795
59447248 641218388
59447248 797872999
59447248 338124742
59447248 757636937
59447248 952670603
59447248 509338247
59447248 774718492
59447248 921128727
59447248 995188775
59447248 188682602
59447248 582630316
59447248 837531534
59447248 981173005
59447248 329916170
59447248 254407081
59447248 170949201
59447248 86519248
59447248 962273644
59447248 244197451
59447248 42691877
59447248 610708293
59447248 543920909
59447248 293225654
59447248 533713045
59447248 610617242
59447248 844762832
59447248 800650446
59447248 953040166
59447248 981811905
59447248 461309289
59447248 889924707
59447248 564736166
59447248 342671350
59447248 615285484
59447248 702217849
59447248 241285099
59447248 496995667
59447248 413270084
59447248 907227522
59447248 998573010
59447248 79496377
59447248 460750919
59447248 10393605
59447248 133822016
59447248 246598537
59447248 532732535
59447248 164475453
59447248 341501490
59447248 427530551
59447248 29390049
59447248 187643587
59447248 436502428
59447248 274140894
59447248 81091820
59447248 687449829
59447248 236836575
59447248 463412986
59447248 367355794
59447248 305821303
59447248 488482168
59447248 859484329
59447248 182725550
59447248 608554396
59447248 210902990
59447248 702193447
59447248 104541149
59447248 817855142
59447248 391014517
59447248 518286418
59447248 903079069
59447248 440713936
59447248 744762958
59447248 994909600
59447248 531015607
59447248 259459817
59447248 308469109
59447248 360869166
59447248 638707816
59447248 517198960
59447248 848563087
59447248 810925188
59447248 613951606
59447248 956144292
59447248 110145190
59447248 961141223
59447248 913554607
59447248 739894913
59447248 10253904
59447248 49331752
59447248 762228820
59447248 208162052
59447248 279630584
59447248 702433401
59447248 538922843
59447248 514815803
59447248 644059176
59447248 191813029
59447248 932361486
59447248 515718630
59447248 338089561
59447248 830943909
59447248 885575202
59447248 501144698
59447248 753898224
59447248 880034514
59447248 23713726
59447248 223320760
59447248 84701021
59447248 827536212
59447248 913477229
59447248 405933886
59447248 812571668
59447248 407279697
59447248 935568175
59447248 362910607
59447248 421466299
59447248 248348233
59447248 927104356
59447248 128429185
59447248 162860650
59447248 476180763
59447248 242300791
59447248 191461662
59447248 413240410
59447248 177831069
59447248 212460511
59447248 374830332
59447248 24728340
59447248 402842233
59447248 806086145
59447248 790414713
59447248 589246726
59447248 347509884
59447248 978156607
59447248 199486936
59447248 49804245
59447248 904069740
59447248 518726616
59447248 964873462
59447248 181028704
59447248 730664484
59447248 484810462
59447248 756814195
59447248 120874085
59447248 179840837
59447248 930772077
59447248 767379012
59447248 592500131
59447248 456568465
59447248 332564633
59447248 98992999
59447248 109424633
59447248 226521852
59447248 833792528
59447248 384730406
59447248 922721890
59447248 572002110
59447248 825284873
59447248 33057127
59447248 188941341
59447248 960152568
59447248 415672957
59447248 185523040
59447248 676847133
59447248 551506120
59447248 507154198
59447248 531213092
59447248 776907822
59447248 874630448
59447248 764118343
59447248 48496913
59447248 22412436
59447248 862197394
59447248 761547579
59447248 658934142
59447248 932963474
59447248 507676560
59447248 587588080
59447248 225061416
59447248 685847749
59447248 511130713
59447248 183205510
59447248 63774716
59447248 289651994
59447248 292859700
59447248 703664296
59447248 432029077
59447248 293242311
59447248 625566349
59447248 958984451
59447248 520559251
59447248 326617987
59447248 21115579
59447248 613285140
59447248 766224567
59447248 300649282
59447248 421100154
59447248 409091639
59447248 786262501
59447248 325625845
59447248 84971721
59447248 211243197
59447248 256663974
59447248 831158675
59447248 16429899
59447248 271349017
59447248 74517904
59447248 339061127
59447248 62474686
59447248 466950042
59447248 448509605
59447248 233679208
59447248 877429507
59447248 584255359
59447248 181866465
59447248 978615809
59447248 319946993
59447248 212104080
59447248 348439647
59447248 699250900
59447248 304675686
59447248 656664765
59447248 930001310
59447248 977952666
59447248 972465280
59447248 846360042
59447248 154962025
59447248 854580055
59447248 775525614
59447248 195051726
59447248 472199251
59447248 834038170
59447248 709428656
59447248 351375803
59447248 544238019
59447248 393249728
59447248 607307481
59447248 449587573
59447248 21781506
59447248 98346349
59447248 65965263
59447248 515860006
59447248 22595303
59447248 218435424
59447248 229399027
59447248 631566250
59447248 486850230
59447248 851462976
59447248 906766840
59447248 687238076
59447248 718212944
59447248 136967713
59447248 104077847
59447248 802747349
59447248 149473964
59447248 91279449
59447248 374696053
59447248 824971597
59447248 349936232
59447248 502998544
59447248 817413555
59447248 832317441
59447248 953976469
59447248 402425624
59447248 423531089
59447248 271921878
59447248 867877964
59447248 507128615
59447248 492809678
59447248 734063887
59447248 550954657
59447248 914937120
59447248 422964163
59447248 798840046
59447248 579829168
59447248 633630638
59447248 721173708
59447248 837213953
59447248 74177675
59447248 574279637
59447248 270606712
59447248 825662213
59447248 530004277
59447248 135453497
59447248 357227955
59447248 443425057
59447248 196511623
59447248 959926343
59447248 620432370
59447248 609099544
59447248 834062934
59447248 672314129
59447248 418268452
59447248 828391272
59447248 483732579
59447248 480706475
59447248 518796238
59447248 38147402
59447248 609634451
59447248 709786125
59447248 918684421
59447248 717287485
59447248 12323454
59447248 598042464
59447248 179630619
59447248 916376937
59447248 174228211
59447248 420177873
59447248 409667962
59447248 487035741
59447248 371613288
59447248 162142082
59447248 746317750
59447248 832146060
59447248 372189171
59447248 946274546
59447248 88560204
59447248 343528717
59447248 943590681
59447248 543178889
59447248 745119814
59447248 618378386
59447248 849547135
59447248 846135865
59447248 3702305
59447248 66894662
59447248 692445369
59447248 354557756
59447248 149106772
59447248 733041056
59447248 943907962
59447248 82159316
59447248 714082035
59447248 744719061
59447248 502474629
59447248 640983925
59447248 220260107
59447248 102336803
59447248 306714884
59447248 319919140
59447248 646600296
59447248 851445720
59447248 457757593
59447248 320523720
59447248 10276968
59447248 928106869
59447248 191440361
59447248 807153782
59447248 102569631
59447248 956099936
59447248 271732184
59447248 41680453
59447248 771302425
59447248 957510335
59447248 841901963
59447248 295179193
59447248 548158493
59447248 319846780
59447248 873973077
59447248 41890422
59447248 795932528
59447248 73700776
59447248 391080888
59447248 142238127
59447248 145834309
59447248 636227665
59447248 823041066
59447248 367149780
59447248 813959696
59447248 566403448
59447248 41129117
59447248 110841024
59447248 538301962
59447248 903730931
59447248 202599121
59447248 118617310
59447248 98996102
59447248 469523617
59447248 184160349
59447248 30844061
59447248 442661850
59447248 706418742
59447248 761418696
59447248 173531287
59447248 304437742
59447248 136961913
59447248 764341042
59447248 497217124
59447248 972564137
59447248 516836485
59447248 498285472
59447248 140028416
59447248 592474991
59447248 874827220
59447248 489219613
59447248 692169194
59447248 318576738
59447248 986575425
59447248 449752672
59447248 318360377
59447248 793157577
59447248 868929311
59447248 725701966
59447248 457567208
59447248 553917735
59447248 329012046
59447248 417303130
59447248 130574089
59447248 529712604
59447248 797544672
59447248 56305105
59447248 907208141
59447248 105031110
59447248 678648480
59447248 546755083
59447248 935253074
59447248 428788745
59447248 22117821
59447248 502189436
59447248 337580895
59447248 517469920
59447248 721869966
59447248 689704025
59447248 146560517
59447248 870558058
59447248 549661813
59447248 446688281
59447248 854974462
59447248 245671056
59447248 629491274
59447248 370257693
59447248 44323694
59447248 470139614
59447248 210207431
59447248 357829632
59447248 903103567
59447248 708966923
59447248 6827092
59447248 919989741
59447248 523634200
59447248 388945415
59447248 281365191
59447248 480175035
59447248 434662281
59447248 303370312
59447248 360714719
59447248 996287337
59447248 744014929
59447248 223674670
59447248 174556804
59447248 227806577
59447248 581319260
59447248 389061950
59447248 810525072
59447248 371768636
59447248 239253649
59447248 138142568
59447248 134811235
59447248 935754744
59447248 175123906
59447248 408217407
59447248 666362158
59447248 899371174
59447248 826389844
59447248 272036371
59447248 665577039
59447248 493269522
59447248 733603571
59447248 805776744
59447248 335567589
59447248 753433387
59447248 523418412
59447248 587765430
59447248 139444036
59447248 923640540
59447248 148878359
59447248 453327226
59447248 323855746
59447248 941597832
59447248 142216868
59447248 451737663
59447248 644881466
59447248 595691052
59447248 408685300
59447248 482603223
59447248 310961491
59447248 477676501
59447248 237222077
59447248 928128862
59447248 565369051
59447248 695870470
59447248 578370124
59447248 603951642
59447248 854980459
59447248 220412021
59447248 236700842
59447248 117706021
59447248 432644844
59447248 851446629
59447248 961163429
59447248 497175752
59447248 75574390
59447248 894478843
59447248 890867084
59447248 91174292
59447248 576337237
59447248 494491521
59447248 799091423
59447248 761635300
59447248 624682258
59447248 201046483
59447248 255046518
59447248 219825464
59447248 272825299
59447248 694546735
59447248 418141289
59447248 786141569
59447248 886309708
59447248 585502044
59447248 632454272
59447248 89678587
59447248 169217184
59447248 520956474
59447248 38679775
59447248 574738658
59447248 230637179
59447248 145865388
59447248 185547928
59447248 303395033
59447248 181925044
59447248 870897635
59447248 347945018
59447248 1792143
59447248 984579115
59447248 728957494
59447248 549038091
59447248 816568576
59447248 57291704
59447248 651855049
59447248 116470910
59447248 594015560
59447248 497365924
59447248 402988778
59447248 951459338
59447248 449261541
59447248 916092388
59447248 746835984
59447248 318831258
59447248 873896184
59447248 11584859
59447248 738501077
59447248 468263064
59447248 198471376
59447248 337178693
59447248 724759544
59447248 93980087
59447248 861090296
59447248 89209896
59447248 565382892
59447248 848096931
59447248 294783911
59447248 896463961
59447248 91501344
59447248 508118611
59447248 168691639
59447248 903746940
59447248 855632107
59447248 697889926
59447248 79813092
59447248 68114017
59447248 329120712
59447248 516909532
59447248 736613514
59447248 414698144
59447248 740375784
59447248 672280187
59447248 402156411
59447248 616488235
59447248 723260966
59447248 929842166
59447248 290023341
59447248 563923655
59447248 38326506
59447248 273029865
59447248 473468138
59447248 922567852
59447248 9747382
59447248 348106545
59447248 528098155
59447248 470226092
59447248 272981649
59447248 228276782
59447248 807153566
59447248 381387579
59447248 714596422
59447248 495353766
59447248 163438503
59447248 170317153
59447248 87596725
59447248 621152613
59447248 513528035
59447248 27271142
59447248 393610325
59447248 274584098
59447248 221711364
59447248 826779527
59447248 547300833
59447248 396974512
59447248 440303690
59447248 846293986
59447248 839312575
59447248 346362282
59447248 345511993
59447248 780832590
59447248 865005541
59447248 208277564
59447248 423356387
59447248 666000756
59447248 781651918
59447248 672706954
59447248 947693389
59447248 462823589
59447248 683060755
59447248 387805524
59447248 407243597
59447248 370262
59447248 325516364
59447248 887818398
59447248 995868840
59447248 240991823
59447248 447978229
59447248 604558602
59447248 25782687
59447248 544593746
59447248 659349956
59447248 477201343
59447248 769777584
59447248 44960688
59447248 645436438
59447248 867062952
59447248 860613336
59447248 625307531
59447248 516459473
59447248 241761313
59447248 479322009
59447248 849341137
59447248 944527044
59447248 906258140
59447248 841940313
59447248 14735617
59447248 209146683
59447248 811497101
59447248 761108973
59447248 234900607
59447248 465446486
59447248 708832669
59447248 61062111
59447248 874510190
59447248 498163668
59447248 784350751
59447248 306440509
59447248 776833223
59447248 174114136
59447248 808993051
59447248 108723722
59447248 901838112
59447248 763654464
59447248 923957026
59447248 488230455
59447248 465091350
59447248 133713893
59447248 264420174
59447248 946500746
59447248 976106195
59447248 883601179
59447248 223941458
59447248 641875770
59447248 385839895
59447248 497640855
59447248 862647513
59447248 697328255
59447248 987713143
59447248 223738570
59447248 380192070
59447248 293999034
59447248 667091072
59447248 433840475
59447248 328049919
59447248 42991161
59447248 855410776
59447248 453839433
59447248 358039891
59447248 863558058
59447248 789922215
59447248 537842264
59447248 15248978
59447248 977795595
59447248 671506023
59447248 300779626
59447248 496184087
59447248 196115032
59447248 841913443
59447248 3921833
59447248 184053964
59447248 437143680
59447248 802783826
59447248 921257400
59447248 655045457
59447248 472812476
59447248 314448388
59447248 937686850
59447248 715544847
59447248 589923881
59447248 306849689
59447248 671814530
59447248 466511453
59447248 662625777
59447248 824739238
59447248 21158141
59447248 649058596
59447248 671442828
59447248 456589520
59447248 562917943
59447248 274049712
59447248 756436
59447248 905629038
59447248 190072098
59447248 127387602
59447248 249267075
59447248 968520617
59447248 762616458
59447248 803747971
59447248 530979146
59447248 930194355
59447248 15228670
59447248 107992004
59447248 931930541
59447248 945305041
59447248 740855668
59447248 247282458
59447248 710779487
59447248 821957259
59447248 732281104
59447248 99690481
59447248 667359567
59447248 589921585
59447248 943858402
59447248 29730074
59447248 192757722
59447248 227032255
59447248 400129101
59447248 855906711
59447248 111982625
59447248 447570413
59447248 325205530
59447248 117456285
59447248 584651674
59447248 483784850
59447248 977976198
59447248 169798453
59447248 934444825
59447248 967284863
59447248 314115692
59447248 246891547
59447248 383450235
59447248 644315161
59447248 150404205
59447248 88305078
59447248 944811067
59447248 55031362
59447248 858422575
59447248 185701530
59447248 659756056
59447248 643550068
59447248 566668802
59447248 83860318
59447248 748182537
59447248 726747052
59447248 645604819
59447248 330522547
59447248 583538136
59447248 692780050
59447248 662048059
59447248 453937544
59447248 667790547
59447248 528642760
59447248 69943623
59447248 52079172
59447248 988063350
59447248 212915704
59447248 367602212
59447248 36726474
59447248 539842877
59447248 665937836
59447248 723680720
59447248 446075685
59447248 328309479
59447248 837968849
59447248 623067297
59447248 574135283
59447248 935389122
59447248 633516261
59447248 870380271
59447248 516121060
59447248 124947159
59447248 964642561
59447248 502813900
59447248 387481535
59447248 605161666
59447248 641866158
59447248 493302324
59447248 87520966
59447248 452967974
59447248 656970468
59447248 760071751
59447248 947698187
59447248 168040421
59447248 592455750
59447248 860173384
59447248 281421407
59447248 834838151
59447248 390904093
59447248 383876793
59447248 922873469
59447248 962026688
59447248 424675583
59447248 740846202
59447248 54368895
59447248 950142592
59447248 904833779
59447248 551289101
59447248 849698621
59447248 268616954
59447248 479581191
59447248 602907888
59447248 421194667
59447248 109653231
59447248 502836865
59447248 636393687
59447248 497528857
59447248 134471950
59447248 835842976
59447248 462131624
59447248 188405222
59447248 186307325
59447248 329236096
59447248 451485349
59447248 137516767
59447248 830129374
59447248 113943738
59447248 865894610
59447248 698162500
59447248 136498948
59447248 819145275
59447248 173056852
59447248 633582095
59447248 437227300
59447248 430206517
59447248 358881048
59447248 827690440
59447248 991506837
59447248 525282151
59447248 469144342
59447248 70985184
59447248 530721673
59447248 733304376
59447248 562967278
59447248 512140355
59447248 903964438
59447248 394743584
59447248 141691581
59447248 997055509
59447248 719495050
59447248 982226282
59447248 174604421
59447248 226346802
59447248 907314611
59447248 924227215
59447248 902058225
59447248 116604427
59447248 945211990
59447248 231296410
59447248 87354104
59447248 285802403
59447248 755005118
59447248 804269761
59447248 637905365
59447248 169945970
59447248 363897286
59447248 171026604
59447248 673983419
59447248 117826484
59447248 78870015
59447248 428870975
59447248 233393027
59447248 950991106
59447248 915202787
59447248 626935115
59447248 810784169
59447248 333994407
59447248 399894828
59447248 257282943
59447248 87308438
59447248 676455029
59447248 953083944
59447248 348294448
59447248 436513853
59447248 395642532
59447248 387469671
59447248 296493718
59447248 119427819
59447248 907947461
59447248 588340516
59447248 571261256
59447248 902166505
59447248 426991344
59447248 834108302
59447248 942570743
59447248 460786423
59447248 872054473
59447248 159508314
59447248 59267918
59447248 949077526
59447248 259392434
59447248 312611896
59447248 489175318
59447248 38311621
59447248 426066669
59447248 483404008
59447248 941567586
59447248 902827421
59447248 104151865
59447248 855997906
59447248 437394345
59447248 9288200
59447248 349069257
59447248 578497156
59447248 618857794
59447248 713761583
59447248 595800286
59447248 861789485
59447248 598991874
59447248 216169991
59447248 923264751
59447248 196076344
59447248 112485160
59447248 854190182
59447248 119919515
59447248 580180115
59447248 883268275
59447248 108394485
59447248 648751881
59447248 213518625
59447248 76144870
59447248 697586533
59447248 50614312
59447248 50998079
59447248 68697479
59447248 388715989
59447248 382457129
59447248 537175136
59447248 465162016
59447248 517240165
59447248 886628275
59447248 52943136
59447248 685953790
59447248 560674129
59447248 629976149
59447248 281269401
59447248 753335783
59447248 288512417
59447248 644276050
59447248 667746754
59447248 228142749
59447248 593198175
59447248 627824133
59447248 192747982
59447248 395896089
59447248 888365834
59447248 187743228
59447248 351269504
59447248 855353637
59447248 56940248
59447248 985369826
59447248 316459274
59447248 69224557
59447248 554375089
59447248 595984047
59447248 388940933
59447248 96905700
59447248 510775665
59447248 38552268
59447248 171663035
59447248 969936451
59447248 264002508
59447248 424829261
59447248 702888521
59447248 931590519
59447248 327392504
59447248 167895779
59447248 558973029
59447248 303455328
59447248 17625014
59447248 995015870
59447248 924450922
59447248 429380689
59447248 453860012
59447248 444336185
59447248 954417451
59447248 392148546
59447248 552716703
59447248 481954569
59447248 242434809
59447248 133430882
59447248 282301987
59447248 558311003
59447248 458152327
59447248 854993356
59447248 906078049
59447248 778278941
59447248 266155612
59447248 541443381
59447248 232690708
59447248 464843772
59447248 336810054
59447248 885316281
59447248 563372898
59447248 351197895
59447248 828460751
59447248 104072165
59447248 348250541
59447248 819918540
59447248 363224862
59447248 929206071
59447248 252866278
59447248 482436121
59447248 410635601
59447248 983370716
59447248 306239473
59447248 628993635
59447248 90977242
59447248 685457872
59447248 269745039
59447248 596261621
59447248 171343420
59447248 121917795
59447248 551611561
59447248 138090205
59447248 849059946
59447248 723868175
59447248 293686168
59447248 67642377
59447248 289943032
59447248 374765953
59447248 2215634
59447248 366097502
59447248 138100395
59447248 356420157
59447248 801856211
59447248 479074466
59447248 418934862
59447248 332218768
59447248 168586406
59447248 520974901
59447248 310991578
59447248 207680070
59447248 507279318
59447248 856563035
59447248 480207652
59447248 49295070
59447248 214535783
59447248 280524663
59447248 796821068
59447248 175357952
59447248 429001416
59447248 216857168
59447248 590967725
59447248 999832435
59447248 598322335
59447248 179315477
59447248 481264626
59447248 957663000
59447248 309979734
59447248 809132763
59447248 196584709
59447248 9949652
59447248 456773980
59447248 10117752
59447248 698755874
59447248 358400187
59447248 194917433
59447248 344273054
59447248 777857063
59447248 254513337
59447248 122822456
59447248 542251173
59447248 601440012
59447248 959784324
59447248 872918254
59447248 166521207
59447248 980794071
59447248 889454624
59447248 942510135
59447248 657849843
59447248 454670777
59447248 459411120
59447248 838636293
59447248 288560214
59447248 395160737
59447248 459675653
59447248 317246481
59447248 431868073
59447248 77220781
59447248 425320496
59447248 565315284
59447248 94232974
59447248 536039575
59447248 564669609
59447248 27288441
59447248 537328388
59447248 741722844
59447248 328509867
59447248 500389038
59447248 796081112
59447248 838717517
59447248 902729488
59447248 216321743
59447248 419763217
59447248 529310021
59447248 399730031
59447248 843328410
59447248 857785617
59447248 835073000
59447248 210913765
59447248 909286997
59447248 468386042
59447248 473139795
59447248 403239337
59447248 175915217
59447248 86726088
59447248 624975277
59447248 772907284
59447248 951831812
59447248 551183859
59447248 303323536
59447248 229508278
59447248 921720200
59447248 976498086
59447248 953857004
59447248 71625047
59447248 87629567
59447248 379037964
59447248 462124316
59447248 443154979
59447248 774516777
59447248 64180685
59447248 330200299
59447248 447765442
59447248 529525563
59447248 626542767
59447248 967703750
59447248 633309802
59447248 414570975
59447248 632935677
59447248 230673260
59447248 105968171
59447248 128737797
59447248 186665654
59447248 865132353
59447248 589332967
59447248 750662301
59447248 154149303
59447248 962747796
59447248 106449279
59447248 930874076
59447248 541125933
59447248 958700168
59447248 595544332
59447248 663683335
59447248 24540322
59447248 651616373
59447248 549518360
59447248 903694217
59447248 426499191
59447248 24449540
59447248 399620625
59447248 477870510
59447248 606114918
59447248 990127207
59447248 900585963
59447248 749267445
59447248 357415174
59447248 429513632
59447248 547946967
59447248 827131768
59447248 585030160
59447248 643310438
59447248 791045572
59447248 187070341
59447248 48072708
59447248 46143991
59447248 497969498
59447248 119186912
59447248 871840457
59447248 25174840
59447248 48071088
59447248 45399205
59447248 245647784
59447248 177998702
59447248 231659316
59447248 95045939
59447248 650890181
59447248 950491157
59447248 735369034
59447248 904566135
59447248 700941197
59447248 591051189
59447248 527578199
59447248 76971139
59447248 162588523
59447248 852160466
59447248 652048097
59447248 431967721
59447248 806191284
59447248 956036559
59447248 183869157
59447248 559866449
59447248 776272020
59447248 182612945
59447248 804245131
59447248 376671255
59447248 400541084
59447248 206664132
59447248 654100255
59447248 822595178
59447248 641934892
59447248 876471909
59447248 164076988
59447248 342131244
59447248 82642235
59447248 523057930
59447248 668226181
59447248 157611479
59447248 961738259
59447248 854111156
59447248 951025638
59447248 99760410
59447248 781535716
59447248 162217536
59447248 766979074
59447248 745535232
59447248 901545731
59447248 57687558
59447248 652343152
59447248 480388539
59447248 973471879
59447248 684173236
59447248 430911485
59447248 780155949
59447248 929064204
59447248 329850549
59447248 770091105
59447248 114212164
59447248 754896828
59447248 530125991
59447248 356119712
59447248 999053173
59447248 560924752
59447248 936940613
59447248 797422070
59447248 364092431
59447248 934254163
59447248 250582043
59447248 188578245
59447248 322843013
59447248 25285196
59447248 583075365
59447248 484039801
59447248 627861580
59447248 353272678
59447248 814084901
59447248 528807231
59447248 158141597
59447248 156876926
59447248 422207072
59447248 777207281
59447248 959183278
59447248 237122393
59447248 789978435
59447248 195291846
59447248 917883366
59447248 465811441
59447248 497627001
59447248 517007475
59447248 702901777
59447248 684548435
59447248 368151905
59447248 582593276
59447248 324349139
59447248 414312140
59447248 390329714
59447248 767871812
59447248 865337843
59447248 2373224
59447248 592869886
59447248 754369410
59447248 164255669
59447248 386234142
59447248 394825641
59447248 351980263
59447248 306773202
59447248 529763357
59447248 651817810
59447248 773916598
59447248 688848502
59447248 980000586
59447248 693093387
59447248 271302437
59447248 651505390
59447248 676333625
59447248 431829840
59447248 902610210
59447248 471221898
59447248 955179202
59447248 935261433
59447248 609235213
59447248 821818333
59447248 898401112
59447248 855201363
59447248 567069156
59447248 785522423
59447248 487216211
59447248 42032727
59447248 957388696
59447248 926567655
59447248 502929645
59447248 185995000
59447248 360240819
59447248 537723819
59447248 14018747
59447248 356315339
59447248 967436376
59447248 118232290
59447248 429670021
59447248 113897716
59447248 988373029
59447248 151106458
59447248 586009410
59447248 136370443
59447248 93232597
59447248 181303150
59447248 825167117
59447248 416944756
59447248 116936564
59447248 726994299
59447248 878221275
59447248 423357602
59447248 5541118
59447248 465538389
59447248 380252759
59447248 114584565
59447248 665286625
59447248 722149305
59447248 409147297
59447248 921330303
59447248 943351150
59447248 524408458
59447248 318219093
59447248 70127934
59447248 675868419
59447248 712389672
59447248 319550019
59447248 141130434
59447248 228784309
59447248 996195386
59447248 106285904
59447248 440780355
59447248 772434493
59447248 674935264
59447248 212285951
59447248 456914913
59447248 478292943
59447248 789052815
59447248 828034783
59447248 869133295
59447248 934582096
59447248 246286763
59447248 461618196
59447248 272941946
59447248 491008659
59447248 249159736
59447248 18184194
59447248 194385248
59447248 103984570
59447248 835336161
59447248 301032761
59447248 948606593
59447248 689264574
59447248 403786451
59447248 148155052
59447248 802624487
59447248 757544831
59447248 144329897
59447248 559486593
59447248 298962868
59447248 782583707
59447248 994188284
59447248 549075024
59447248 762076295
59447248 12563288
59447248 982935976
59447248 505815952
59447248 147067666
59447248 214019562
59447248 862914132
59447248 797074616
59447248 683873765
59447248 792528593
59447248 987111194
59447248 612945392
59447248 675089407
59447248 644347544
59447248 740913628
59447248 308673594
59447248 26904221
59447248 715179463
59447248 80294108
59447248 169930089
59447248 734781669
59447248 467788122
59447248 770178514
59447248 116118214
59447248 320878297
59447248 451122249
59447248 18612444
59447248 243103952
59447248 549005946
59447248 157709158
59447248 144433555
59447248 71610541
59447248 800867110
59447248 697539625
59447248 385855420
59447248 911127971
59447248 542050918
59447248 320531171
59447248 62119854
59447248 962660504
59447248 585628108
59447248 941742834
59447248 911649762
59447248 690026890
59447248 1600114
59447248 293021745
59447248 298345821
59447248 811731622
59447248 697679925
59447248 169102855
59447248 982018266
59447248 745693189
59447248 792022495
59447248 770687800
59447248 488292304
59447248 758631
59447248 708670770
59447248 974322588
59447248 623916297
59447248 787168237
59447248 463921293
59447248 755416384
59447248 30076554
59447248 539893988
59447248 8383269
59447248 507020893
59447248 9028217
59447248 16550459
59447248 363266090
59447248 127151769
59447248 626903408
59447248 883403782
59447248 125828346
59447248 993458315
59447248 694591058
59447248 973755599
59447248 553527985
59447248 569014973
59447248 144514946
59447248 154131318
59447248 396349235
59447248 785200553
59447248 167257918
59447248 45614787
59447248 271590460
59447248 970289366
59447248 238938031
59447248 289108823
59447248 93513322
59447248 869452068
59447248 490698793
59447248 830082995
59447248 322189195
59447248 204600955
59447248 468356914
59447248 834628558
59447248 81539674
59447248 820326315
59447248 683552528
59447248 728618359
59447248 926835525
59447248 260901327
59447248 600884904
59447248 121089542
59447248 895368586
59447248 744677460
59447248 159377507
59447248 477433785
59447248 149751619
59447248 647082746
59447248 337491928
59447248 562700949
59447248 401067642
59447248 21575551
59447248 772692625
59447248 576556305
59447248 25144535
59447248 237707962
59447248 98481801
59447248 525958931
59447248 339144280
59447248 524346438
59447248 337918419
59447248 422586849
59447248 766375199
59447248 293215648
59447248 605999749
59447248 942378172
59447248 742583090
59447248 859137276
59447248 290729906
59447248 767320393
59447248 321378339
59447248 421309124
59447248 369533122
59447248 910326005
59447248 228345352
59447248 824180948
59447248 876837551
59447248 560133438
59447248 939087799
59447248 505472691
59447248 827509433
59447248 767162669
59447248 729931598
59447248 839345538
59447248 61672544
59447248 252968067
59447248 130464663
59447248 296743997
59447248 956829272
59447248 866524989
59447248 946391677
59447248 596278093
59447248 676814059
59447248 516255726
59447248 174528569
59447248 90607415
59447248 101775737
59447248 244699833
59447248 325737942
59447248 697823950
59447248 375791053
59447248 640071569
59447248 795291613
59447248 90093092
59447248 727890517
59447248 111393242
59447248 72717706
59447248 738778107
59447248 391065833
59447248 534193878
59447248 580946516
59447248 300702852
59447248 804008580
59447248 989591118
59447248 273581723
59447248 961937440
59447248 428725921
59447248 860370994
59447248 425894657
59447248 234026708
59447248 994950758
59447248 787614794
59447248 865267761
59447248 386719605
59447248 88109430
59447248 567024666
59447248 757469048
59447248 237926578
59447248 537515954
59447248 750443912
59447248 751918145
59447248 774896871
59447248 262376249
59447248 558616393
59447248 358373093
59447248 319241304
59447248 162104359
59447248 249099524
59447248 181068675
59447248 776084816
59447248 278674229
59447248 663236821
59447248 168820460
59447248 67619447
59447248 632078355
59447248 598823247
59447248 64073273
59447248 651106308
59447248 992623658
59447248 521655321
59447248 777062930
59447248 160977660
59447248 246084788
59447248 31933074
59447248 177959243
59447248 658063836
59447248 882995109
59447248 949428316
59447248 990014738
59447248 794318811
59447248 647792409
59447248 459963470
59447248 744079247
59447248 457572085
59447248 242353586
59447248 638973070
59447248 856118213
59447248 490777203
59447248 361434529
59447248 579141332
59447248 723544566
59447248 912099432
59447248 26184431
59447248 401050836
59447248 555721100
59447248 779692966
59447248 577753736
59447248 320846409
59447248 200185377
59447248 300491437
59447248 937160918
59447248 237449874
59447248 293639105
59447248 825166382
59447248 50408895
59447248 207056466
59447248 408513966
59447248 852336970
59447248 16819647
59447248 699028443
59447248 425047018
59447248 580218176
59447248 385481959
59447248 965984203
59447248 809288377
59447248 788457123
59447248 727468464
59447248 9000151
59447248 395198921
59447248 884255227
59447248 174011393
59447248 126480945
59447248 350918331
59447248 47793413
59447248 234970522
59447248 512176172
59447248 28867604
59447248 544909880
59447248 582544095
59447248 295655859
59447248 694117259
59447248 324856705
59447248 744125750
59447248 715503760
59447248 17850228
59447248 110045535
59447248 630977956
59447248 493562350
59447248 491883824
59447248 791627447
59447248 117270126
59447248 364221471
59447248 505801477
59447248 739021451
59447248 301806661
59447248 104459270
59447248 608796163
59447248 281263545
59447248 863869489
59447248 721691137
59447248 520175403
59447248 167713615
59447248 591713556
59447248 770313445
59447248 340260831
59447248 633826537
59447248 100922974
59447248 178940405
59447248 698669772
59447248 865726633
59447248 373280410
59447248 792317888
59447248 108661377
59447248 270324571
59447248 177838938
59447248 7368773
59447248 895312310
59447248 198769106
59447248 56887491
59447248 760581468
59447248 238748340
59447248 192925194
59447248 427651042
59447248 890419793
59447248 44694355
59447248 200228560
59447248 524729438
59447248 47247431
59447248 798093445
59447248 203023473
59447248 278081128
59447248 700374407
59447248 500930751
59447248 914284243
59447248 775570214
59447248 93234182
59447248 337589174
59447248 668302758
59447248 90017593
59447248 665879921
59447248 972835025
59447248 446471258
59447248 480269366
59447248 987685763
59447248 35363668
59447248 652689589
59447248 790463560
59447248 344835499
59447248 863803948
59447248 44080041
59447248 388907442
59447248 191265155
59447248 804813940
59447248 100689931
59447248 323473392
59447248 255074630
59447248 344110561
59447248 817446606
59447248 538822403
59447248 221592739
59447248 813822767
59447248 63277934
59447248 631580898
59447248 162633465
59447248 780560745
59447248 655296845
59447248 34386336
59447248 259662843
59447248 74697077
59447248 17853256
59447248 492233774
59447248 108616842
59447248 479208714
59447248 882286128
59447248 753106103
59447248 821546594
59447248 101512574
59447248 603934108
59447248 397823406
59447248 289130791
59447248 75216766
59447248 996521260
59447248 36419702
59447248 251163150
59447248 420777061
59447248 817902999
59447248 798951339
59447248 929961603
59447248 607250955
59447248 892283909
59447248 714114484
59447248 127492235
59447248 613340858
59447248 69929599
59447248 155220987
59447248 235332983
59447248 420964818
59447248 81764083
59447248 368140116
59447248 960237801
59447248 591881916
59447248 923662101
59447248 626736946
59447248 975282349
59447248 638608122
59447248 321079199
59447248 101535405
59447248 17268196
59447248 782197416
59447248 923484154
59447248 571549319
59447248 818933823
59447248 221369340
59447248 152288900
59447248 740143169
59447248 196212985
59447248 687824889
59447248 22129036
59447248 127720938
59447248 845517081
59447248 489668583
59447248 538952832
59447248 982475878
59447248 974452779
59447248 33806073
59447248 899973635
59447248 312771783
59447248 197100622
59447248 41725174
59447248 767543098
59447248 750318440
59447248 992434732
59447248 11600589
59447248 371137809
59447248 238747600
59447248 988368008
59447248 783225673
59447248 969759648
59447248 777651331
59447248 545158213
59447248 621393048
59447248 358135378
59447248 93629640
59447248 916486664
59447248 903982863
59447248 30348977
59447248 697438427
59447248 968685150
59447248 291574561
59447248 877423009
59447248 334974688
59447248 835532805
59447248 876299503
59447248 628073730
59447248 606366643
59447248 375856845
59447248 645542390
