4312
181 236462596
181 303511423
181 695274685
181 12683616
181 928043228
181 954878341
181 372295171
181 611826261
181 60518900
181 493890806
181 875648257
181 517319182
181 703593292
181 146704517
181 819440514
181 708391947
181 838471976
181 447638048
181 7852742
181 533574596
181 108310814
181 553906649
181 158299077
181 823369548
181 845577628
181 909515786
181 323106016
181 236602342
181 841205335
181 466801643
181 137476050
181 524479553
181 7414798
181 24452908
181 602400574
181 191673620
181 613499404
181 238269732
181 215661972
181 172433922
181 334876917
181 48161487
181 518169761
181 482429612
181 7379345
181 764631480
181 634773403
181 567125788
181 974001459
181 480205437
181 500012106
181 736020211
181 931106422
181 724140091
181 836111622
181 281080217
181 345417669
181 807753461
181 545405369
181 651859283
181 232465025
181 310075252
181 989744062
181 229185799
181 665873673
181 260463737
181 107071453
181 202821909
181 501045548
181 27740492
181 736525119
181 137765328
181 795138996
181 159681087
181 546304553
181 98835793
181 546195105
181 747658418
181 780837133
181 463172419
181 353695112
181 235903904
181 844493468
181 145182944
181 988101670
181 344152846
181 531122470
181 626547292
181 480827052
181 552291356
181 870885035
181 123743559
181 135157771
181 606801456
181 413331111
181 483545919
181 707971186
181 532195029
181 754206635
181 287049507
181 493860631
181 137364416
181 443065795
181 665508123
181 422510016
181 494699672
181 515854958
181 669035734
181 453853583
181 346403634
181 891137393
181 375617840
181 596500023
181 891017920
181 412438028
181 779770279
181 696188829
181 541661141
181 94786263
181 211567289
181 810270959
181 934682711
181 936654826
181 117126894
181 815260522
181 332707551
181 395896636
181 363327350
181 541313070
181 690474613
181 932218385
181 608994458
181 34210216
181 674390040
181 611554692
181 3233728
181 347427872
181 576638307
181 729755422
181 62450226
181 139697803
181 882483685
181 628699343
181 645952392
181 562952828
181 660210685
181 905537910
181 722777973
181 724293762
181 721092851
181 20747595
181 276050880
181 461898128
181 545335465
181 543256900
181 210063828
181 80504709
181 519581085
181 715746807
181 156123314
181 394926819
181 837785122
181 534194044
181 159256720
181 521584000
181 291498815
181 388626733
181 448040561
181 216833015
181 316882014
181 14765770
181 887019059
181 808232467
181 173108507
181 622434179
181 186711558
181 153873992
181 935577871
181 86408293
181 114607547
181 580440730
181 366664684
181 361162163
181 710896937
181 43189516
181 564952762
181 592197881
181 394087844
181 995302190
181 528267901
181 952718916
181 919567753
181 803420626
181 192150659
181 516016801
181 533176728
181 835347197
181 160862589
181 642731192
181 71192331
181 504923755
181 500951971
181 379603545
181 813895829
181 76107225
181 321442600
181 62494028
181 422357340
181 505180043
181 89450372
181 701787755
181 681303435
181 463326647
181 10298186
181 115087452
181 682023947
181 148877819
181 885796066
181 342643853
181 877536947
181 648896351
181 182280009
181 450171018
181 305691539
181 189236870
181 688847868
181 454438407
181 312023052
181 631166993
181 209872638
181 340724235
181 266015908
181 238189102
181 720846972
181 839411380
181 707074946
181 451770539
181 965813278
181 996125421
181 724399761
181 778973867
181 468914450
181 765740490
181 959817360
181 537880086
181 979321196
181 524024622
181 461301042
181 43255931
181 650404449
181 443535794
181 184765326
181 764888079
181 957080642
181 652885234
181 449921719
181 610442832
181 4447758
181 892850941
181 874396046
181 533812211
181 183643945
181 195812306
181 111112386
181 572799110
181 182419137
181 486330534
181 952080630
181 765763637
181 974558471
181 8715327
181 473642570
181 882096422
181 269559342
181 752215035
181 805438122
181 111146993
181 864414237
181 635290247
181 616686376
181 860563178
181 736773984
181 279624764
181 964009547
181 647106476
181 624536195
181 737968113
181 565756686
181 737240629
181 566200387
181 57573473
181 51524146
181 184209416
181 796772876
181 927904855
181 428435609
181 956076506
181 539701238
181 151988813
181 826962809
181 481021952
181 413356727
181 681463002
181 853635795
181 546397476
181 947691346
181 829889317
181 832854186
181 799828015
181 380090176
181 84085055
181 127279581
181 489363121
181 898571523
181 297698876
181 517306962
181 31848341
181 15251769
181 145641337
181 976939682
181 441164153
181 896736420
181 327339734
181 195465848
181 729592656
181 174804855
181 246502571
181 414113411
181 903317437
181 152043800
181 238608389
181 325308952
181 54610811
181 385405051
181 285017644
181 290095054
181 132960784
181 976411582
181 133954348
181 857418655
181 863208244
181 537687455
181 44726612
181 460477918
181 961337980
181 683503900
181 676153948
181 308660819
181 388567854
181 779331968
181 376681923
181 44483335
181 602000752
181 215783833
181 958875507
181 57099373
181 839195584
181 412539472
181 305090204
181 610375473
181 985167242
181 652902881
181 35393752
181 500944659
181 643450363
181 501099252
181 265108969
181 860188160
181 223502610
181 45072164
181 435428913
181 718472067
181 132752340
181 70315070
181 997784241
181 291268201
181 789866524
181 413863729
181 272029548
181 287047687
181 788608940
181 808398057
181 595786122
181 891107241
181 99322749
181 918248095
181 864399412
181 118545842
181 105138049
181 729076406
181 649163122
181 847069563
181 952485314
181 373332232
181 680796445
181 576889104
181 549878982
181 720963341
181 742429269
181 700349665
181 16817750
181 777488243
181 422785682
181 210395075
181 979464979
181 273820128
181 366697272
181 80693115
181 491314895
181 615022667
181 991397728
181 966657446
181 134209519
181 543187353
181 322795942
181 513383124
181 865998873
181 876316276
181 424695470
181 408700180
181 873062228
181 401243069
181 207466397
181 910514568
181 450125500
181 55527635
181 634202812
181 444999699
181 959715917
181 267175340
181 533073816
181 191900233
181 939979005
181 287554146
181 861636540
181 822028289
181 565174882
181 832285352
181 412951693
181 115455190
181 117408856
181 10240159
181 51813304
181 92998531
181 355181703
181 645870932
181 300315567
181 812751183
181 637899887
181 577885044
181 827983673
181 564329176
181 518589091
181 473127951
181 588798790
181 542711059
181 345575246
181 806551345
181 469781381
181 776916013
181 254102529
181 235694575
181 681783120
181 396956380
181 110799353
181 214514436
181 913191431
181 344805260
181 748756218
181 10814282
181 108042487
181 179886306
181 451375655
181 106568725
181 438439539
181 526535893
181 384458004
181 400379062
181 138767607
181 263121155
181 524476969
181 518202726
181 134901147
181 533442638
181 684170684
181 72058983
181 218260210
181 72404002
181 748584810
181 5200065
181 526992621
181 838038409
181 435944504
181 672617124
181 824042300
181 99703185
181 817712863
181 512854914
181 683915124
181 387684414
181 193761015
181 896525721
181 186603227
181 767290697
181 199300094
181 770801688
181 87418678
181 682955997
181 85451077
181 115235453
181 482168622
181 974375904
181 673916597
181 548543606
181 999170030
181 168961703
181 708276214
181 428205191
181 522631061
181 687031339
181 346842682
181 294282242
181 539012957
181 889412040
181 268190190
181 57469134
181 180983799
181 875954358
181 399569253
181 771397669
181 875411442
181 499981251
181 93826049
181 894744416
181 619059622
181 877547888
181 627100731
181 829939150
181 87501681
181 572935246
181 27361444
181 650931279
181 93675354
181 257990661
181 893768617
181 617155514
181 647061101
181 274061683
181 234223638
181 291190594
181 657830619
181 678953997
181 126728528
181 666353405
181 241581952
181 191259955
181 66205820
181 143757128
181 883279986
181 170508777
181 543631177
181 721672602
181 273853173
181 230347867
181 112384143
181 989373873
181 584275731
181 563372993
181 233131738
181 518219203
181 63160803
181 670385160
181 10246998
181 596767540
181 69288248
181 718929215
181 281870413
181 932696404
181 381569324
181 523795702
181 543743912
181 86272034
181 845867693
181 536623651
181 587174485
181 180080976
181 501493527
181 235848572
181 547990980
181 415385343
181 25435127
181 743493099
181 584621908
181 504824023
181 348380047
181 668893414
181 27468184
181 934359118
181 703156479
181 408592790
181 839788591
181 439820598
181 839139255
181 458459469
181 62807701
181 189176521
181 612243486
181 78719362
181 153176068
181 773430781
181 280741178
181 312225389
181 834601950
181 521603937
181 702046056
181 839193305
181 371463866
181 599168372
181 273867518
181 537558302
181 7739387
181 516734107
181 288167700
181 644560167
181 250656243
181 128403376
181 182855601
181 620935639
181 472002077
181 18362033
181 360960319
181 948777120
181 499700807
181 563344742
181 562998546
181 586001555
181 57793470
181 362779655
181 648438056
181 437365491
181 674830371
181 559741052
181 907064433
181 96128202
181 259484525
181 959422937
181 423583825
181 923805755
181 23437604
181 957844706
181 888045118
181 350798960
181 917202033
181 808938549
181 169872838
181 61737854
181 446618229
181 601061974
181 545949026
181 712771142
181 793896896
181 129908182
181 334174448
181 396091660
181 497511603
181 662927721
181 62363660
181 75266760
181 408205520
181 712991395
181 753127372
181 893287537
181 496539006
181 936424780
181 397445629
181 29947439
181 854136169
181 970037043
181 96655854
181 806123409
181 494238848
181 468108491
181 288446896
181 405985590
181 500425267
181 372076891
181 682958361
181 780957514
181 792929553
181 355080007
181 575628040
181 596528803
181 546477229
181 264563666
181 865954126
181 789978336
181 775794282
181 603448207
181 952667092
181 200681066
181 156149428
181 88831492
181 942918644
181 550980406
181 344204166
181 846553903
181 518376888
181 976731382
181 201205175
181 502110815
181 20322083
181 954103984
181 968871367
181 716903220
181 99481409
181 43568850
181 176927442
181 466275875
181 248535000
181 387091725
181 498733606
181 659186859
181 723906092
181 158810269
181 303534872
181 345637281
181 950372181
181 892494658
181 770011835
181 978185167
181 225202246
181 999484570
181 969206178
181 262636489
181 31688751
181 243572083
181 858770749
181 336103796
181 320422807
181 585396972
181 685148383
181 137116395
181 517465997
181 389715406
181 669047650
181 303445131
181 588243382
181 375440737
181 543247258
181 977957519
181 92552472
181 266149369
181 41612523
181 171391666
181 307977069
181 971149750
181 458838860
181 141109023
181 702281739
181 750603915
181 103430087
181 562822315
181 459863708
181 454641865
181 707932599
181 666095390
181 559338067
181 207613079
181 580840187
181 285139347
181 598468301
181 850722238
181 141350212
181 996568199
181 914065537
181 497484231
181 354527974
181 136401542
181 173639383
181 875681450
181 949825637
181 223460987
181 864038231
181 908065873
181 425520066
181 892301276
181 958198658
181 831724746
181 330301197
181 38239348
181 270683481
181 133852639
181 960839818
181 180786606
181 160103278
181 593151075
181 369299896
181 907159930
181 838969252
181 313972204
181 347718260
181 980774197
181 763077682
181 656961911
181 701191791
181 315440071
181 278397739
181 318168703
181 842881354
181 522944328
181 367515083
181 550727802
181 672692939
181 811083804
181 721918710
181 815041264
181 786467325
181 981864042
181 472620104
181 676420245
181 406090402
181 565417056
181 468250394
181 85985663
181 134175922
181 576366842
181 133333109
181 190795039
181 366290350
181 756844900
181 270467609
181 195443454
181 547796583
181 1497675
181 851629863
181 521570008
181 622406353
181 140862967
181 625975481
181 196747192
181 259600910
181 702405493
181 326294031
181 45786880
181 451604406
181 679969051
181 176654023
181 850565685
181 881625104
181 472668199
181 58133847
181 820736109
181 418482219
181 810153964
181 415647949
181 572500566
181 871882596
181 480149306
181 3608498
181 959651792
181 907958459
181 970415047
181 482000070
181 585808496
181 784947384
181 814926809
181 666975133
181 620612423
181 363716053
181 55053662
181 396671875
181 319271386
181 379540001
181 204441827
181 977742564
181 574713021
181 778228305
181 319827450
181 44433879
181 424749940
181 946092950
181 316104387
181 535849988
181 64254291
181 133499208
181 619401574
181 143743500
181 472437464
181 248335763
181 290755648
181 388550484
181 639754214
181 624438248
181 29758624
181 94438951
181 36436862
181 57812923
181 3388600
181 182076477
181 21677569
181 30851833
181 321203430
181 519977002
181 100436721
181 546616816
181 683329855
181 280361852
181 353711075
181 191831278
181 81655360
181 675277487
181 144568083
181 293184689
181 76508327
181 386821365
181 625154697
181 803772569
181 897075279
181 815720494
181 558714990
181 785843288
181 552115129
181 100017670
181 514875106
181 609305646
181 89529571
181 163645141
181 950476221
181 101192816
181 810259564
181 170677399
181 125087057
181 634426684
181 647010340
181 565900025
181 642253969
181 637477819
181 761130997
181 827511969
181 383663141
181 174774773
181 855299085
181 112865209
181 373144092
181 742250039
181 588843095
181 532416310
181 711348610
181 197803451
181 55639192
181 370651727
181 7507437
181 917497237
181 954753105
181 48726531
181 918997
181 128319011
181 708261522
181 636523777
181 955702865
181 725699345
181 295277545
181 622314368
181 488136719
181 411827695
181 780301465
181 952568875
181 581211739
181 235855605
181 767847488
181 31519480
181 173807253
181 871351269
181 452695230
181 585199828
181 262817364
181 965225674
181 527926203
181 438367147
181 105195545
181 904223753
181 703462279
181 821891569
181 322570490
181 317035368
181 754053416
181 770969546
181 457078044
181 574513082
181 652638382
181 229044583
181 329184302
181 823916319
181 117880886
181 241170635
181 823824137
181 906980755
181 53026234
181 822759428
181 903090342
181 165204123
181 865966832
181 503137107
181 632407349
181 286846310
181 603679463
181 175220511
181 249293276
181 417530591
181 834624830
181 794634480
181 875654952
181 572922157
181 124718316
181 739752725
181 926783708
181 799544165
181 933459812
181 161504146
181 14573297
181 97591097
181 248366047
181 556800612
181 47432462
181 435031778
181 753920989
181 264685111
181 47541791
181 499210146
181 205563211
181 518034605
181 44771336
181 627507932
181 311327589
181 649611800
181 730018909
181 85044290
181 576287896
181 159787077
181 138909936
181 576251420
181 608487868
181 967160135
181 400040411
181 666345227
181 859442759
181 57792033
181 881664501
181 9604367
181 52419258
181 303538902
181 715290820
181 368254760
181 203179195
181 595252805
181 656900035
181 930060232
181 214332927
181 657641400
181 400267298
181 29441312
181 877972253
181 685856121
181 498725239
181 236163326
181 331302898
181 437304495
181 582166595
181 967812195
181 229587000
181 906596387
181 132529498
181 855829122
181 413161055
181 133265450
181 393599397
181 1994101
181 575497780
181 309899155
181 910826424
181 202303208
181 321841623
181 957255406
181 94827799
181 273925157
181 969012795
181 560647176
181 985991011
181 446028808
181 52268540
181 880339232
181 243227804
181 250420726
181 896937781
181 68684315
181 454100924
181 640034629
181 354317832
181 18766223
181 123004248
181 908474796
181 676361976
181 168468747
181 624140319
181 797652789
181 656403278
181 639619205
181 343934339
181 909990331
181 139867993
181 835526082
181 87346095
181 116973869
181 390350251
181 411480789
181 6228693
181 755660714
181 465848151
181 967457907
181 452070343
181 871860317
181 652530660
181 194479981
181 214432267
181 998617499
181 660236089
181 38666834
181 71889098
181 859132242
181 138644319
181 210719071
181 94543345
181 913656015
181 655820962
181 565546653
181 57064478
181 173814214
181 978727207
181 914746288
181 608245191
181 564005246
181 854311409
181 712589073
181 928273877
181 302718015
181 800051605
181 89316655
181 843762479
181 112651273
181 870251453
181 81902942
181 215938747
181 166762995
181 599815811
181 663554249
181 612258307
181 667642935
181 691724158
181 836521315
181 20560801
181 706535146
181 920036456
181 211750404
181 750065888
181 881081016
181 22305033
181 782037100
181 526599376
181 731370687
181 312630327
181 647543803
181 357695154
181 681896940
181 110147161
181 370912492
181 308920976
181 303140852
181 633770441
181 207501168
181 199175425
181 247875
181 435501453
181 791354854
181 224395160
181 266676885
181 825318458
181 480775193
181 377405493
181 392366520
181 947114172
181 967418601
181 391370366
181 807048159
181 83602791
181 227490119
181 153147915
181 723569018
181 739935866
181 818637173
181 278533067
181 369580977
181 756195465
181 226840375
181 818042477
181 6210573
181 317269317
181 306179416
181 293367164
181 811718330
181 59801519
181 701643894
181 585456927
181 329103255
181 367923544
181 831488840
181 147832394
181 225075144
181 911495163
181 364495961
181 281746155
181 840367711
181 998780733
181 330048042
181 232863794
181 44517373
181 330359535
181 379625887
181 153266739
181 24927485
181 740773464
181 288437437
181 774037259
181 281180842
181 394313162
181 312028394
181 478896169
181 371943488
181 51809507
181 572644204
181 986689439
181 381965341
181 15851582
181 182871332
181 361174992
181 478947747
181 136537160
181 792732550
181 785001225
181 19324209
181 290459060
181 603894221
181 752078389
181 251405138
181 282561537
181 11183354
181 614845348
181 537166503
181 261057240
181 701281703
181 608991953
181 843425975
181 419294718
181 189891979
181 662996833
181 807898260
181 556386041
181 639034541
181 380461103
181 875760654
181 65408382
181 174362655
181 528988345
181 986516739
181 812689421
181 838026099
181 265544846
181 459668787
181 881156287
181 86732948
181 336329032
181 366592869
181 493039269
181 778270041
181 949497
181 2429091
181 793909645
181 328137019
181 28838414
181 335865163
181 510509697
181 987147007
181 463003557
181 554997721
181 455713762
181 751098717
181 424923568
181 461174804
181 455928644
181 299285066
181 421490770
181 69633204
181 264415515
181 432011555
181 30784001
181 398587716
181 527156347
181 492226430
181 425254464
181 760834675
181 981759635
181 272092683
181 355985644
181 271127056
181 772761220
181 325386238
181 976747555
181 637693563
181 800259037
181 811816218
181 933989673
181 710213284
181 803769117
181 359343670
181 131278799
181 677143022
181 68849652
181 675677803
181 614007728
181 882113237
181 649801500
181 840179286
181 197078079
181 445092251
181 880120982
181 583148676
181 263113222
181 843682484
181 369022041
181 314266542
181 779968682
181 188159657
181 415781637
181 963591626
181 32612323
181 657096821
181 408720967
181 65788156
181 772533181
181 354841544
181 147889446
181 440602244
181 421611049
181 62445805
181 649885319
181 429506485
181 513686264
181 275296869
181 548413518
181 891526913
181 694667958
181 393178830
181 921766720
181 185872319
181 961846963
181 705276664
181 845468130
181 960527736
181 742731163
181 777941320
181 46570423
181 43178030
181 102572560
181 446295490
181 214670295
181 615506375
181 892212432
181 373265006
181 646627481
181 531128791
181 19714333
181 708291364
181 124349103
181 571330183
181 281999193
181 726676509
181 222025506
181 846694928
181 300171426
181 605985602
181 978107785
181 975921644
181 870015950
181 499594143
181 402317476
181 18904148
181 621348794
181 595974161
181 676097657
181 323345527
181 211667741
181 257907460
181 956951078
181 895061063
181 479079823
181 158655879
181 739997170
181 540186073
181 850550141
181 864860059
181 118310607
181 879086422
181 778935053
181 475607731
181 878983153
181 71691442
181 901551360
181 812683792
181 56553301
181 48932998
181 515430790
181 199391397
181 888231232
181 895249970
181 639572080
181 39457366
181 204376439
181 505724027
181 756850072
181 52021694
181 191897912
181 234977852
181 261542303
181 963928783
181 146342344
181 936760696
181 400873365
181 384588876
181 386128075
181 889492715
181 327924618
181 558648623
181 944107343
181 591187579
181 788030467
181 580300920
181 498028700
181 490164836
181 996196738
181 389923999
181 812532903
181 269118117
181 58430016
181 74663734
181 148536027
181 102438991
181 411512732
181 809356737
181 516814825
181 320861344
181 822892970
181 577839800
181 418819535
181 406315274
181 272659302
181 481697379
181 686758427
181 937095872
181 954577779
181 688244737
181 441254488
181 583935518
181 82232767
181 860315938
181 26192284
181 611039836
181 631510523
181 967050554
181 301511543
181 97148120
181 926574930
181 707583151
181 527485551
181 596286975
181 481973902
181 524588846
181 752200718
181 544625865
181 269666929
181 28453068
181 168715134
181 249971174
181 372805018
181 465428704
181 91576954
181 296206433
181 26258815
181 709545865
181 830979022
181 548007684
181 506829149
181 10229601
181 942457081
181 333363674
181 80671510
181 956841348
181 736340471
181 319824964
181 161326589
181 898944769
181 598690015
181 354850498
181 982971428
181 987556868
181 497739058
181 393172924
181 343471647
181 807979652
181 819409452
181 821269255
181 661185767
181 514407195
181 551887948
181 572490650
181 416020762
181 407218144
181 920822410
181 567993333
181 823861098
181 268631742
181 764677684
181 883928645
181 161611740
181 965152582
181 600804359
181 674602841
181 631059147
181 856132906
181 489791999
181 942743825
181 834759327
181 971536882
181 745003006
181 659396547
181 203366810
181 109509381
181 403249706
181 138377822
181 755255648
181 743532541
181 554879942
181 787393994
181 328593121
181 526180825
181 154615364
181 376826032
181 726447300
181 491544719
181 728586132
181 694970787
181 97560266
181 986487621
181 737712520
181 798940500
181 29261715
181 365480507
181 151643573
181 388137763
181 558868402
181 901546647
181 48101993
181 417701806
181 178734175
181 602067414
181 724073748
181 150597764
181 27100969
181 184419232
181 930935854
181 280923633
181 168894572
181 250046742
181 78119708
181 58023942
181 838083876
181 745199857
181 941276760
181 888610564
181 326328627
181 236565925
181 305908147
181 795036756
181 588007874
181 432555622
181 714754959
181 829900739
181 949349207
181 101763124
181 835820823
181 464942577
181 159086774
181 847192998
181 767731110
181 430836478
181 643990825
181 910973532
181 275753402
181 597213624
181 575905150
181 277357824
181 209627244
181 502998222
181 994230991
181 390330566
181 147418300
181 997519770
181 21276658
181 805989162
181 987044840
181 866156195
181 259889201
181 999512326
181 725951696
181 876180448
181 48918038
181 27618174
181 743114597
181 692534425
181 315211705
181 315628448
181 111967483
181 883050414
181 378532815
181 741697598
181 946848926
181 749281959
181 421412360
181 158411537
181 323064407
181 315017433
181 862564473
181 766662491
181 383887158
181 453421441
181 935201577
181 114754231
181 963130601
181 367315976
181 262625761
181 498735566
181 342224911
181 504329856
181 214625779
181 707813464
181 923187542
181 765490286
181 434150814
181 88428776
181 164492113
181 751795413
181 236307821
181 237436739
181 539167998
181 625596904
181 67581203
181 289610254
181 338401517
181 699534765
181 138816684
181 561100860
181 940325327
181 395258972
181 614803215
181 289999366
181 940483432
181 384999621
181 486753493
181 957512118
181 728089873
181 823158002
181 338832485
181 760182315
181 880295590
181 536144231
181 718296945
181 635205585
181 731241090
181 113370408
181 353952229
181 905256091
181 638330293
181 690070742
181 290349669
181 769871835
181 859114641
181 610917499
181 907618411
181 564726694
181 54733991
181 510996650
181 963670810
181 804835130
181 127594320
181 381388437
181 491670094
181 844988665
181 949913962
181 420340310
181 833698431
181 750175766
181 399626042
181 664002878
181 890748876
181 70346707
181 825891508
181 614557926
181 716101349
181 648602362
181 414374256
181 178354658
181 515366564
181 82263301
181 836257697
181 222942280
181 807996807
181 504613914
181 527394214
181 284074842
181 435096414
181 388687712
181 886888531
181 272024706
181 195905996
181 309327115
181 193033103
181 298348120
181 578765583
181 224055599
181 44462942
181 386770182
181 824280309
181 701933316
181 732756222
181 262387423
181 617040631
181 593472055
181 986689302
181 609623040
181 306230820
181 557271571
181 707476674
181 122842988
181 629969055
181 701260523
181 515103997
181 884689709
181 227333567
181 849178832
181 989766031
181 222977982
181 679652473
181 12415137
181 506921224
181 512221868
181 636827331
181 791437357
181 687126664
181 833322754
181 431050391
181 350516323
181 344372345
181 897144380
181 368671451
181 710543723
181 656829242
181 165282078
181 679465525
181 877607448
181 537270723
181 180174487
181 681024953
181 445255313
181 760085318
181 573304202
181 190637774
181 132161126
181 222676786
181 179613251
181 778336690
181 636700147
181 443945582
181 708614910
181 616420374
181 749824823
181 174753669
181 954501196
181 852686543
181 722633362
181 737062278
181 287788600
181 94686107
181 254529297
181 460587052
181 498058469
181 140201310
181 23504648
181 561424348
181 214116350
181 661458856
181 531888480
181 800699384
181 264806778
181 836247173
181 555961232
181 969236525
181 537439049
181 240072948
181 629690489
181 151826777
181 162545629
181 704614845
181 320768071
181 744092789
181 357807342
181 966353976
181 281812924
181 670252394
181 893514542
181 449905492
181 150166622
181 703856688
181 16499644
181 204545291
181 631472525
181 364613956
181 952592024
181 50397346
181 357005431
181 904251788
181 486472102
181 622598712
181 111554286
181 595023742
181 218230593
181 308152413
181 163659910
181 370342995
181 215819420
181 858763264
181 772226377
181 854208556
181 802903613
181 754992905
181 722304104
181 864186129
181 15475018
181 331156258
181 631496023
181 286155360
181 276522034
181 863548792
181 120870722
181 873040880
181 448570962
181 72013801
181 108571478
181 763738248
181 57138334
181 321732158
181 442737178
181 29522081
181 840109712
181 420523275
181 813419412
181 57031042
181 605598868
181 231589153
181 191603000
181 185928451
181 263586226
181 580734441
181 775812154
181 496256782
181 630304822
181 253185085
181 332770648
181 640859754
181 889903216
181 657159604
181 355449133
181 85406919
181 815499278
181 725849848
181 594405111
181 31117523
181 889277156
181 800126166
181 682067853
181 641421253
181 475902080
181 140369681
181 324297509
181 669710433
181 101170093
181 535133092
181 55448585
181 874579160
181 312273742
181 561616236
181 302870442
181 118742200
181 677498660
181 934103369
181 888640771
181 389065416
181 603747051
181 249502658
181 541375393
181 605853548
181 46620216
181 333682288
181 671262458
181 392631134
181 365427925
181 984143819
181 657891122
181 644297852
181 380280935
181 254461935
181 120674842
181 524377168
181 639437916
181 537253097
181 323759994
181 536336903
181 690271520
181 351899745
181 484939091
181 159431377
181 666101347
181 2146280
181 746353982
181 814580269
181 884658757
181 418476983
181 186323105
181 738425363
181 812030112
181 234867885
181 245836143
181 739600784
181 72421410
181 231912468
181 266071906
181 259596551
181 133435925
181 898309148
181 11395474
181 551763982
181 46762834
181 975972678
181 512792801
181 898690423
181 750462124
181 829103276
181 632201611
181 520191102
181 438279420
181 11903388
181 357762108
181 855644595
181 791194229
181 460451923
181 591693618
181 646067331
181 758856025
181 391509018
181 258084830
181 819998896
181 539054212
181 323824962
181 355841476
181 136268437
181 309597099
181 443752445
181 269033219
181 389890157
181 991150340
181 164220068
181 644746762
181 719029346
181 474609201
181 674942578
181 52351855
181 531722289
181 965383369
181 470909943
181 375741494
181 866297541
181 920738893
181 978390983
181 130070572
181 951386981
181 442492597
181 804241449
181 938935087
181 641230635
181 345584385
181 319565421
181 119857685
181 362177201
181 489472123
181 791743206
181 833968338
181 209293913
181 142022422
181 55407206
181 143729779
181 643288043
181 45951490
181 529056153
181 393494393
181 887900931
181 43057649
181 427484277
181 73426349
181 581974313
181 623072877
181 885977493
181 649744249
181 730028457
181 858706273
181 910548384
181 313017251
181 836210556
181 827533724
181 792746448
181 863359436
181 224910552
181 515776242
181 438989493
181 886230339
181 985033167
181 14728046
181 428073894
181 284732237
181 338955996
181 49168364
181 510629241
181 957726706
181 281805661
181 538182039
181 506649005
181 833934211
181 376717331
181 617165139
181 609829096
181 832079503
181 488274397
181 468025566
181 46825075
181 288327902
181 588190983
181 156537211
181 230728494
181 80605066
181 706847155
181 970232041
181 444665543
181 713190382
181 860966869
181 371381086
181 156517995
181 474349957
181 986557862
181 445296991
181 999986083
181 443335500
181 943838846
181 775996660
181 485085442
181 560950324
181 48549196
181 25333035
181 287619893
181 63924143
181 318936804
181 153573084
181 783241098
181 968797074
181 451283335
181 226372638
181 536245158
181 725036599
181 88638034
181 314130079
181 999149640
181 601276307
181 976343124
181 368989501
181 548437108
181 896469870
181 725950192
181 179378906
181 142649525
181 14753110
181 513162413
181 163308640
181 684536926
181 32208727
181 789363230
181 283879097
181 46762022
181 154065485
181 383972767
181 910311576
181 556440149
181 237548150
181 422120364
181 29711573
181 743111658
181 639668875
181 209656535
181 720001972
181 579806097
181 734989959
181 799528708
181 365160014
181 229990683
181 947271780
181 139686686
181 637828134
181 293567394
181 889650994
181 408223437
181 458797248
181 603791812
181 714008017
181 765878702
181 418784462
181 680606451
181 257491179
181 456945919
181 124273695
181 572447228
181 317317297
181 388680370
181 425214531
181 46032894
181 244763749
181 801556694
181 30727545
181 601217401
181 601244927
181 764881822
181 897964320
181 514900494
181 117738119
181 669125090
181 225599448
181 715800879
181 681047527
181 391348501
181 935000466
181 670441716
181 206411442
181 575842603
181 273275008
181 62134743
181 460120564
181 785852411
181 786489676
181 154082590
181 173749154
181 824302763
181 513547636
181 961775085
181 491156373
181 870252210
181 300780676
181 552438351
181 574800248
181 217282132
181 254816081
181 471133370
181 348375948
181 204282187
181 746306380
181 552696278
181 792365543
181 619476924
181 406987038
181 60437564
181 489925456
181 232776113
181 486665817
181 128653744
181 444518978
181 312169754
181 849909181
181 130872434
181 308910794
181 154388765
181 523329413
181 304521231
181 304968524
181 743954294
181 30167508
181 311616819
181 611237161
181 367628184
181 223264572
181 845691744
181 446295455
181 410976351
181 339200411
181 129576864
181 520231898
181 691784220
181 184024295
181 924095016
181 841348588
181 759022620
181 106453454
181 89415098
181 233614761
181 160425586
181 580048885
181 468207697
181 395243325
181 545128713
181 793736464
181 253343762
181 128993660
181 689351383
181 60716190
181 19874711
181 302625829
181 410750459
181 438490146
181 153027082
181 340070213
181 235023527
181 398227973
181 133113984
181 377124988
181 393804344
181 21384986
181 370143532
181 10126612
181 227511838
181 399243640
181 364884238
181 623992788
181 65711663
181 649040499
181 273098266
181 361390581
181 797219144
181 178363283
181 401171674
181 878944058
181 126562172
181 643243801
181 769242842
181 488048894
181 594098366
181 685797892
181 595047622
181 89540145
181 289970997
181 279094592
181 528928171
181 212027931
181 997556523
181 416207582
181 688053679
181 82006104
181 438674043
181 4837754
181 823442954
181 269254707
181 208780872
181 175672137
181 271213066
181 421764839
181 20869711
181 770641849
181 128464190
181 44401512
181 6703086
181 289621678
181 712508301
181 325556901
181 139993588
181 738387838
181 268144967
181 47279489
181 939819788
181 415499894
181 407382669
181 660843964
181 791622355
181 477658915
181 455202230
181 407239624
181 473671010
181 118695217
181 28173193
181 118350368
181 759982702
181 475567359
181 910938827
181 975450119
181 510972814
181 100320256
181 826663974
181 412392736
181 47538472
181 528906488
181 689943548
181 321096699
181 755122048
181 977961073
181 130043368
181 613939892
181 407418244
181 173035457
181 449314511
181 819249360
181 896051317
181 811818571
181 696627028
181 401338723
181 918081605
181 304532278
181 565708904
181 103694747
181 238931602
181 723481103
181 623349884
181 517569193
181 17333362
181 625318970
181 628844831
181 479349828
181 267598884
181 274469845
181 687478961
181 952421873
181 614430356
181 520161564
181 567827524
181 566232642
181 578719585
181 531458893
181 473390042
181 220547474
181 379395640
181 326104537
181 781427469
181 858948060
181 546567951
181 835839499
181 304821953
181 943751888
181 246158935
181 784953658
181 873440575
181 904876506
181 258982919
181 462946209
181 457671984
181 861140938
181 652923074
181 180298778
181 112069955
181 751516742
181 683820851
181 314310234
181 236032503
181 681878902
181 183747284
181 817310582
181 150207109
181 200482466
181 611439766
181 381499151
181 500334239
181 629108051
181 248488445
181 973142289
181 433984528
181 953027404
181 183738673
181 281873636
181 347631730
181 456207757
181 950149067
181 425525679
181 238086161
181 301656295
181 278710281
181 613577449
181 787578535
181 475659479
181 637792519
181 980822290
181 619891297
181 549518073
181 369660265
181 214899381
181 134422091
181 847350261
181 659781313
181 141421868
181 734522425
181 958001797
181 724609070
181 547078577
181 628736378
181 271107815
181 505779908
181 979158706
181 244314955
181 847643084
181 626377198
181 711571812
181 127701837
181 556735133
181 793654631
181 116095393
181 788839999
181 182846160
181 433329393
181 710363598
181 976719760
181 168615033
181 364662920
181 102371253
181 961700976
181 249910626
181 868943130
181 809640385
181 707167653
181 9480240
181 289676434
181 544433805
181 598239327
181 253954970
181 661813743
181 512922900
181 123305086
181 381299794
181 169995630
181 705027361
181 65505559
181 973200015
181 311719519
181 94773424
181 458167439
181 370963423
181 220290914
181 594491788
181 302235561
181 944618006
181 675518322
181 308154809
181 55860922
181 855248904
181 96673728
181 413768198
181 701522784
181 998810498
181 203785171
181 508237863
181 896220706
181 769953033
181 725551514
181 827276184
181 221802698
181 236703031
181 632862621
181 610625810
181 521107455
181 674775468
181 270476156
181 300663624
181 322546741
181 814285377
181 13378926
181 526543149
181 671376915
181 637529255
181 653373096
181 782093152
181 250061720
181 910501414
181 761596905
181 752146693
181 7518892
181 956427
181 551046880
181 347688466
181 793822958
181 167823789
181 830053086
181 885235019
181 926319254
181 607423555
181 370848383
181 279429298
181 673036921
181 38307279
181 400213255
181 734573529
181 610446238
181 942633475
181 406588994
181 35961757
181 803420856
181 359597189
181 824687460
181 192196377
181 987991675
181 894768149
181 46570349
181 263574155
181 121923301
181 640938492
181 298150137
181 924666911
181 823948364
181 388711728
181 385625196
181 858732414
181 130369885
181 25080995
181 449146116
181 368959119
181 103824284
181 267500251
181 14201528
181 219033255
181 868624076
181 855437571
181 970946686
181 558701544
181 272893026
181 154133815
181 39972128
181 395991963
181 124356162
181 237775195
181 743378760
181 995177291
181 992325978
181 590782570
181 612554679
181 742130297
181 232281755
181 190474079
181 320443736
181 152854840
181 397604870
181 272873501
181 4472202
181 520655800
181 965100903
181 776959977
181 987704864
181 576484942
181 683429359
181 290470756
181 86130835
181 969928118
181 152876208
181 298834547
181 461349390
181 224396420
181 717981735
181 516062632
181 118135133
181 720928400
181 486482648
181 784877791
181 105520179
181 850887761
181 693259710
181 332409249
181 972185612
181 368421975
181 991001117
181 571801437
181 246841740
181 394013941
181 280716678
181 654762036
181 303025516
181 392329107
181 814001682
181 701422724
181 367458910
181 927175955
181 165523357
181 982133009
181 777982086
181 549922388
181 740835703
181 407791227
181 828452367
181 495440224
181 556075251
181 149440311
181 943549955
181 641322376
181 100024467
181 324658188
181 337099581
181 500116179
181 387902519
181 119998158
181 725183293
181 933964573
181 942428149
181 274171533
181 922380496
181 64746998
181 324946534
181 341042203
181 294655157
181 717716871
181 910193659
181 328895750
181 622163310
181 26529064
181 117348417
181 909957932
181 686838522
181 10530596
181 702089931
181 924342045
181 830199157
181 316519943
181 216300051
181 421678929
181 972634219
181 865406754
181 945557938
181 665122451
181 291432358
181 812609367
181 346237299
181 973428675
181 248509619
181 83741707
181 680365316
181 383587035
181 953854248
181 869055101
181 8142286
181 471367933
181 853726542
181 290515840
181 51440852
181 825252257
181 414599042
181 425358327
181 656065162
181 982077363
181 739747305
181 937777983
181 716957526
181 701469184
181 709125569
181 762170467
181 293618322
181 945778771
181 97728578
181 477299265
181 254155006
181 987373720
181 97137140
181 802107429
181 402139729
181 168803371
181 582189971
181 583299065
181 847415373
181 807329384
181 911953782
181 306418649
181 579924669
181 125620905
181 99267296
181 96998679
181 690946789
181 147567472
181 143149545
181 839085822
181 897149143
181 356378499
181 572908643
181 843763373
181 353915614
181 893452839
181 303928855
181 893411230
181 971280332
181 917311851
181 765675456
181 623224562
181 356652327
181 144517754
181 857130639
181 978545502
181 796387283
181 248652706
181 231269269
181 509345
181 933128890
181 962715890
181 631497004
181 904377906
181 717969543
181 555893672
181 413976142
181 660258826
181 781567640
181 466798360
181 599792249
181 171761999
181 742989368
181 873489662
181 760676097
181 146254326
181 336187971
181 984813375
181 7364837
181 574699911
181 989907055
181 288127264
181 145194909
181 158419689
181 778032339
181 880493801
181 859394721
181 153439719
181 994372778
181 86480348
181 698125903
181 816201843
181 649825639
181 813813388
181 985472034
181 480988431
181 561398430
181 730185583
181 283545742
181 13801132
181 671978507
181 452082215
181 271377764
181 711204359
181 164900298
181 940245587
181 976008428
181 135296882
181 565382017
181 340481047
181 638038374
181 942583374
181 348221073
181 272526794
181 519121760
181 119279894
181 681425814
181 124030982
181 456271464
181 145634875
181 2303822
181 396563999
181 49522049
181 415757953
181 270954456
181 483921693
181 924690116
181 379597262
181 729521831
181 384539560
181 407744179
181 196427673
181 164567016
181 934032865
181 371586194
181 639092547
181 520474075
181 653812763
181 445842929
181 986659423
181 914447005
181 365384572
181 427645314
181 749595204
181 415537741
181 372372226
181 629733490
181 608970337
181 872844854
181 750406828
181 193678949
181 108495279
181 262958129
181 956527778
181 138032232
181 84555498
181 358228782
181 65018855
181 248482426
181 37719710
181 478495334
181 702398211
181 825025296
181 970518701
181 990526548
181 220807319
181 187340962
181 42014059
181 958585328
181 491552463
181 11267854
181 358928332
181 113049047
181 880877523
181 533570620
181 521544815
181 406852233
181 481656970
181 555017371
181 453555093
181 650076542
181 670105806
181 782557542
181 913155252
181 299729201
181 670206777
181 715868715
181 97968743
181 878170104
181 359877137
181 62209761
181 581309052
181 41619229
181 471340338
181 212983252
181 325242984
181 395489745
181 524744948
181 235474238
181 665782460
181 237823674
181 920786039
181 906334054
181 926173863
181 427073090
181 71049041
181 172401331
181 2630923
181 158629988
181 256022498
181 429959649
181 843491905
181 590350591
181 697913777
181 567605376
181 278111332
181 54351683
181 49720690
181 95905155
181 680215309
181 944805321
181 926453790
181 336985688
181 293757162
181 498801192
181 550364828
181 137964066
181 430460801
181 408021403
181 263445845
181 145975429
181 299900301
181 39148891
181 240414810
181 284010235
181 173359655
181 632476381
181 108776076
181 516160365
181 554641905
181 704073833
181 610731328
181 52863227
181 969573408
181 934970601
181 489086671
181 236359320
181 113756324
181 450815489
181 175682037
181 616878276
181 19535102
181 917527322
181 91599500
181 641462219
181 396313271
181 691805654
181 491170983
181 595975453
181 137214287
181 731380872
181 179364444
181 769749133
181 168893701
181 436916044
181 681057796
181 269644873
181 656717079
181 859346275
181 521579349
181 700424584
181 555500045
181 936845665
181 495979643
181 492591624
181 418496880
181 599361302
181 6744625
181 5287409
181 244074861
181 271121285
181 279523094
181 724648642
181 103923083
181 206354515
181 457551476
181 125185931
181 253221795
181 613343755
181 89599407
181 853443278
181 109287522
181 17474757
181 647741435
181 389032648
181 270425070
181 724538330
181 249420375
181 204343615
181 480427889
181 769429738
181 629073159
181 531417728
181 802834143
181 250438853
181 896154520
181 449187842
181 930380557
181 455687675
181 644393583
181 881515613
181 755297141
181 26711010
181 444583719
181 975457968
181 309672626
181 771517718
181 312496152
181 174806950
181 324861083
181 41221250
181 773641840
181 511663627
181 750377670
181 521487160
181 618218118
181 596729948
181 857190546
181 909354942
181 474510497
181 441484453
181 522660000
181 647175389
181 578912103
181 155977602
181 785173681
181 618150726
181 651076074
181 397910964
181 964047760
181 89335248
181 506476394
181 792399918
181 608525951
181 689040613
181 776238070
181 470619751
181 338052833
181 779688508
181 223180648
181 668320629
181 140871593
181 54532689
181 396085902
181 80579329
181 926760739
181 765102747
181 480536318
181 7740820
181 606288972
181 411521487
181 893650971
181 937059647
181 700271192
181 718437051
181 692032049
181 199500999
181 799212460
181 263998069
181 161007967
181 519172547
181 34008732
181 127947109
181 970257182
181 268355727
181 170481136
181 79953583
181 362985351
181 812491545
181 325142485
181 455059235
181 509179306
181 226639450
181 986512002
181 709370461
181 351315321
181 857503838
181 641192097
181 423755937
181 977279610
181 337069952
181 203351475
181 363064962
181 855288903
181 138068916
181 616033149
181 625763770
181 820682116
181 66651665
181 297870898
181 942946403
181 699723855
181 760026931
181 896738755
181 743293780
181 360002014
181 384064487
181 50001594
181 668177169
181 250865410
181 217650220
181 442370734
181 511813229
181 712006986
181 154493073
181 505246862
181 582555187
181 432647477
181 767655859
181 690735760
181 501695626
181 970433519
181 303738869
181 305692788
181 460448155
181 260222269
181 12785858
181 84590573
181 848394783
181 475082270
181 906487035
181 169538080
181 367769179
181 476863255
181 292620219
181 159468066
181 701519914
181 194355561
181 783712511
181 678831443
181 59520269
181 283859390
181 531673327
181 182722805
181 230920978
181 313129359
181 712269335
181 269393558
181 481465455
181 314103832
181 697385966
181 520348
181 692662959
181 975267954
181 996520810
181 915383285
181 635713972
181 431522823
181 437967304
181 631261892
181 11009786
181 831904666
181 421920619
181 344454278
181 850706340
181 997385111
181 44675655
181 116885784
181 925586909
181 641347378
181 456413083
181 676554050
181 373562840
181 693084714
181 769841515
181 753749223
181 611674051
181 657982752
181 951852542
181 28371291
181 491315020
181 478110776
181 325567841
181 760183599
181 158467798
181 907195628
181 316619185
181 849674272
181 759269619
181 201861782
181 960178902
181 786267792
181 116487332
181 288646721
181 655744679
181 130445244
181 148070920
181 702889622
181 152791078
181 566114264
181 89766893
181 360102141
181 594611996
181 135102399
181 916135203
181 723244376
181 723443175
181 979965302
181 708220645
181 723355256
181 148060517
181 618248528
181 407159420
181 995943715
181 989467157
181 526682011
181 278732309
181 370268072
181 8041436
181 184412964
181 269706740
181 900780621
181 801947504
181 266295749
181 878006289
181 704020999
181 99534761
181 849349794
181 399211339
181 364336720
181 286528356
181 298992814
181 85853741
181 510653931
181 115499668
181 57228758
181 117814255
181 450700876
181 753042117
181 344462505
181 827550898
181 312767931
181 69594594
181 937247054
181 905484857
181 173820703
181 34436136
181 997151954
181 788911578
181 273216948
181 998077835
181 149419268
181 564551460
181 621957499
181 20122850
181 105575938
181 172419741
181 222205501
181 677617244
181 601398019
181 695441637
181 646402491
181 239141442
181 246587066
181 767967336
181 996707660
181 234254625
181 45440289
181 995173306
181 746947733
181 329954331
181 447355168
181 992397822
181 710146028
181 890489268
181 260441964
181 208453345
181 486690259
181 176707081
181 282359309
181 51733290
181 131001603
181 646897800
181 445342963
181 164671278
181 192074449
181 26612359
181 82395644
181 887172683
181 59805001
181 777972585
181 79830064
181 505493204
181 686968388
181 88905272
181 9156848
181 820295492
181 273313509
181 3193458
181 486515082
181 739185006
181 179196805
181 256703105
181 373337694
181 643539525
181 162809795
181 799531948
181 738186070
181 827488115
181 672083730
181 245360972
181 621933309
181 195836062
181 787315699
181 991897144
181 431270682
181 73182957
181 144603307
181 916480523
181 440444609
181 872944879
181 564455825
181 973472815
181 747763161
181 365373850
181 914339757
181 705374020
181 478870037
181 136268094
181 87727047
181 141208693
181 44423929
181 331564753
181 764872379
181 891709031
181 188900408
181 315614944
181 904572963
181 560772749
181 722978021
181 231230790
181 857987312
181 447515029
181 748589145
181 528467978
181 203011487
181 455976499
181 807154809
181 620127671
181 945450978
181 47357620
181 52556660
181 481761608
181 529333046
181 838671944
181 829582333
181 189754708
181 488891496
181 202442730
181 70083512
181 627378007
181 736216354
181 874382808
181 920664681
181 294225537
181 737543323
181 406641691
181 402740695
181 716204955
181 751004802
181 598580293
181 297953277
181 996378021
181 560693963
181 878202975
181 119987588
181 526226052
181 754422212
181 104887608
181 815838157
181 314102490
181 253772426
181 50549161
181 244188521
181 266069640
181 638304267
181 465611052
181 540037389
181 100424732
181 213962739
181 795981131
181 754087598
181 231856631
181 447918551
181 827955346
181 257145155
181 682991858
181 233822161
181 499927691
181 737661698
181 39585576
181 895015791
181 845901146
181 32118515
181 170810083
181 956741710
181 42310493
181 353163336
181 221880332
181 114747346
181 981112114
181 917246454
181 381426439
181 802376203
181 328192292
181 1187359
181 454944606
181 654696117
181 414873830
181 475737318
181 937904051
181 900770251
181 14965794
181 327624305
181 687720193
181 32028695
181 359439864
181 367394014
181 890764714
181 861907884
181 194962667
181 315595175
181 264489184
181 344024229
181 592210975
181 988464331
181 453110589
181 375889084
181 129664780
181 35089749
181 981659872
181 784100139
181 196472254
181 109462887
181 427538129
181 196308142
181 755659952
181 616787811
181 25226091
181 772394454
181 994686722
181 48605317
181 857429154
181 526557296
181 794788271
181 301869246
181 979388861
181 23729362
181 24075169
181 725630654
181 638443435
181 874257148
181 749624239
181 125809372
181 598968603
181 561263373
181 884121356
181 602582576
181 879423579
181 104750336
181 200034649
181 231399561
181 768049398
181 735460402
181 340826924
181 437001639
181 461054499
181 527534729
181 202477740
181 904166659
181 738961612
181 992050924
181 104485452
181 957131831
181 14712567
181 536903002
181 447376139
181 524437912
181 82536834
181 403860806
181 245373397
181 408786508
181 374849221
181 757077199
181 784399512
181 529898289
181 741395359
181 499849335
181 920589885
181 432537580
181 760384922
181 486641064
181 652968304
181 317559038
181 888608886
181 281592124
181 544562490
181 215646425
181 932550115
181 492546081
181 397224208
181 119893790
181 420595865
181 682071909
181 232605202
181 742812725
181 555643765
181 712355772
181 232057881
181 173801817
181 457534697
181 327811077
181 334843597
181 793686310
181 794904135
181 919997812
181 428582410
181 5396096
181 270734725
181 403653819
181 998404905
181 310645390
181 110221018
181 334600403
181 40321110
181 88411792
181 380718035
181 843784277
181 833502131
181 593998380
181 928482357
181 992240389
181 704479850
181 159275682
181 636451300
181 212692023
181 344479803
181 21368762
181 758991760
181 615003101
181 259713653
181 563095459
181 34603953
181 481243753
181 793973553
181 656622543
181 136879538
181 448698752
181 571985925
181 66397256
181 64496536
181 686644258
181 743822562
181 16810667
181 787653642
181 966611058
181 54743032
181 309144509
181 469904519
181 732317655
181 163862006
181 218325219
181 988725138
181 685970869
181 31267870
181 271899581
181 815774446
181 291400438
181 94103305
181 588676383
181 546861140
181 471050355
181 197785122
181 542816237
181 347476136
181 980777036
181 395620755
181 77137660
181 167733983
181 553642941
181 662982620
181 210069649
181 86752718
181 849924182
181 32074072
181 277627934
181 991804869
181 91690891
181 32039752
181 784092711
181 204907352
181 319873087
181 137595428
181 915803911
181 252400174
181 672119343
181 623261450
181 487170321
181 563429375
181 793092069
181 426303189
181 890968376
181 11172125
181 876349300
181 896874052
181 542398597
181 111160528
181 633356117
181 749816162
181 838069143
181 327575317
181 39821621
181 631935223
181 757792331
181 494494383
181 486499318
181 160505239
181 285445809
181 358717904
181 891741631
181 264798205
181 631429984
181 508353976
181 652217959
181 173094702
181 960445285
181 806673398
181 34954838
181 117282261
181 314208765
181 28983589
181 453655351
181 897610629
181 165716662
181 944309886
181 431260888
181 154388792
181 836699411
181 630671091
181 866197152
181 98994154
181 867410836
181 856049687
181 166917124
181 857467322
181 919060088
181 545894525
181 193282328
181 354608232
181 684680746
181 982519494
181 766647918
181 884240342
181 570288670
181 780850503
181 993140320
181 608473445
181 453933561
181 70085158
181 31873161
181 862541816
181 313148738
181 773329916
181 476047921
181 963897119
181 366115827
181 9937885
181 887136420
181 957768795
181 803176385
181 899986320
181 142769932
181 752034553
181 127127712
181 648342045
181 837537778
181 879274913
181 200875695
181 661869828
181 728961597
181 829669347
181 349347225
181 962137219
181 19283922
181 977611185
181 69718349
181 676623767
181 165827502
181 82224983
181 752973374
181 249414029
181 696890366
181 479466465
181 494196855
181 429807584
181 809713365
181 950412343
181 437460072
181 674852731
181 208626494
181 726327765
181 99047749
181 187782701
181 995467063
181 149152920
181 528930402
181 598296608
181 970717460
181 632901775
181 162507190
181 117758449
181 291545895
181 471152859
181 868985504
181 821721886
181 602517236
181 587181035
181 785549766
181 951659084
181 105815188
181 320206597
181 962619920
181 931460534
181 916346607
181 732784982
181 5186005
181 43930079
181 366303135
181 692502907
181 173550747
181 871838532
181 332651662
181 135363667
181 224310805
181 501705294
181 771204451
181 198110233
181 651472159
181 573855591
181 195491767
181 729086590
181 385341364
181 506905275
181 364907604
181 465366008
181 46090634
181 862242153
181 123293379
181 561598371
181 645313513
181 569317405
181 496144616
181 485334095
181 998154531
181 151852672
181 935035643
181 163447192
181 393777913
181 164532904
181 494003261
181 999851882
181 338156050
181 398414194
181 7362223
181 301735575
181 340446762
181 533004939
181 531991842
181 21349509
181 301694300
181 13912551
181 209397931
181 102479055
181 438246478
181 952804641
181 158782487
181 573710395
181 490345101
181 319529070
181 13092607
181 890356557
181 774826417
181 191207970
181 751202405
181 221938302
181 804958905
181 941165430
181 834114012
181 715149664
181 711044458
181 467404576
181 371588283
181 900770922
181 183839608
181 592972632
181 914103647
181 810529246
181 756662748
181 323040398
181 259179759
181 987510193
181 142824607
181 436264943
181 616466897
181 301200082
181 773328088
181 492590651
181 25779017
181 928164266
181 57236657
181 788169008
181 517650627
181 694431052
181 38727084
181 323879729
181 546320481
181 895132262
181 459102453
181 690854986
181 584382058
181 207644838
181 741389252
181 323045194
181 524355947
181 420495348
181 267472990
181 910171019
181 496063709
181 812500798
181 457017509
181 726337852
181 422656023
181 847694142
181 37123704
181 401065189
181 646023959
181 276537501
181 413693078
181 422611979
181 952510629
181 604447999
181 578182576
181 987324627
181 361929622
181 779800519
181 328563288
181 23515928
181 495638650
181 10023668
181 785666766
181 663091863
181 968553455
181 940759206
181 42606335
181 281153404
181 867147001
181 224801543
181 644488950
181 495866250
181 712355103
181 386802211
181 300926280
181 324188785
181 453791303
181 374601431
181 910769857
181 267986444
181 991871084
181 595878048
181 820288544
181 553379878
181 583702790
181 701023341
181 475820624
181 20441588
181 564780590
181 51373894
181 68478155
181 935142804
181 593622149
181 20707039
181 399331347
181 601743609
181 208389798
181 109129609
181 483538261
181 89254737
181 895849227
181 820853414
181 315412289
181 382578163
181 782293432
181 727864989
181 132220508
181 358857733
181 707317045
181 575563578
181 564033770
181 340931279
181 453740328
181 577682376
181 567807021
181 367352276
181 887032919
181 191881401
181 897609198
181 681149818
181 966678464
181 155483267
181 361656231
181 984752206
181 971795776
181 470491872
181 356176107
181 765216678
181 549512604
181 109968235
181 688165773
181 550964581
181 937697912
181 816522197
181 475307440
181 436124261
181 276286092
181 621294841
181 999143269
181 614806751
181 55021649
181 6067877
181 410674131
181 930154741
181 218922009
181 440971950
181 791384356
181 617091816
181 277071200
181 958290358
181 144919935
181 80522320
181 721197136
181 244949148
181 205923886
181 844765674
181 115961166
181 83401481
181 64687101
181 231647936
181 964369425
181 251444426
181 24598234
181 177607410
181 89956189
181 548072264
181 372203053
181 990058629
181 764980632
181 741141165
181 914673235
181 121543351
181 628627988
181 46473925
181 630868139
181 344683259
181 828542733
181 368392184
181 93116505
181 473235670
181 339909827
181 823692751
181 82540649
181 352944651
181 426866218
181 693528642
181 93451952
181 40694488
181 560313116
181 230898273
181 247605930
181 625443470
181 377842433
181 695478395
181 576340438
181 588317611
181 125513161
181 378943969
181 276011477
181 532102308
181 885875725
181 480079281
181 655690620
181 615639024
181 988628352
181 772088126
181 335772539
181 979400046
181 978349266
181 744945362
181 655245717
181 328658908
181 336432482
181 256501924
181 491821785
181 381420965
181 617695712
181 769332064
181 159290333
181 506339333
181 935893619
181 9587052
181 906144027
181 542916660
181 898074793
181 795887761
181 963144244
181 684512136
181 208993242
181 2977598
181 513812842
181 54736868
181 459166381
181 385618326
181 804149890
181 265628311
181 976308519
181 429831364
181 399422281
181 410902603
181 410089836
181 217975284
181 815176668
181 267530436
181 963089968
181 873757239
181 556109457
181 903891496
181 636212450
181 860451913
181 472357708
181 311894547
181 491625384
181 808369779
181 179588056
181 755058324
181 575293401
181 871489
181 452961010
181 839688871
181 412883702
181 162037499
181 71360485
181 793763503
181 924141423
181 682289173
181 97044151
181 516379240
181 433081895
181 182702792
181 468659150
181 307958692
181 542802116
181 197645260
181 396454487
181 526190153
181 531426590
181 559121869
181 637283232
181 92168025
181 117734104
181 726378473
181 294949220
181 104927024
181 456480760
181 532357892
181 904048319
181 910153909
181 576382719
181 692337888
181 29319875
181 160241431
181 934784862
181 461846892
181 400835415
181 434223113
181 125364545
181 247878045
181 756265586
181 863581863
181 370416619
181 534706257
181 581106504
181 473669936
181 472012127
181 558985841
181 877159204
181 963106950
181 817937971
181 574945963
181 862078740
181 323585011
181 1750238
181 159037794
181 711613375
181 325344545
181 95332909
181 323731675
181 937424520
181 46028625
181 132071294
181 775234729
181 680180681
181 834680912
181 382190680
181 766908095
181 344496340
181 208962777
181 204485184
181 150847151
181 790596171
181 416665606
181 681943349
181 736230858
181 560635596
181 146823449
181 608741176
181 837564754
181 59320201
181 527394913
181 701546411
181 83592659
181 575701851
181 800591146
181 810709488
181 574874396
181 789400724
181 940741013
181 496784729
181 292373396
181 696323939
181 968411156
181 443391809
181 304473984
181 452661364
181 550099870
181 37404899
181 306470309
181 132251738
181 775416002
181 117097082
181 625339824
181 74310915
181 541142402
181 155173136
181 729493533
181 774550159
181 454143059
181 303053625
181 410080712
181 155322768
181 952206376
181 678798475
181 722973032
181 661960666
181 367026814
181 906684978
181 187794401
181 587156013
181 832086024
181 337392749
181 801851809
181 736315415
181 805794061
181 679709884
181 331418791
181 530101389
181 858702417
181 508211532
181 13337988
181 1550794
181 423975035
181 600181893
181 824760994
181 436665680
181 147643311
181 30672984
181 581048219
181 841106823
181 723532235
181 287925257
181 462595882
181 21667865
181 964407029
181 46155514
181 12387544
181 931922568
181 827539340
181 314824003
181 986755959
181 980657513
181 855547427
181 583812306
181 936670871
181 714762385
181 979037347
181 887012330
181 104611383
181 341397423
181 498674968
181 867131175
181 748064537
181 477995889
181 465212739
181 505402925
181 515799366
181 275493980
181 665538305
181 366410555
181 426680523
181 558185086
181 683647364
181 585047254
181 806058949
181 795018130
181 77552745
181 566857487
181 446463684
181 848414082
181 45402284
181 633700473
181 728675021
181 855070151
181 95359826
181 43055379
181 45763829
181 914809706
181 203217135
181 70272475
181 965082340
181 294733056
181 67004131
181 988740964
181 36740078
181 68219343
181 806939737
181 285927654
181 209521092
181 301805958
181 518949215
181 265405598
181 830570994
181 339894407
181 965175420
181 922623992
181 772779831
181 574009533
181 32410220
181 63644956
181 84532692
181 735862171
181 203408142
181 215217750
181 38733972
181 455728730
181 514544703
181 8981276
181 352324197
181 661598349
181 285689290
181 877444245
181 379198679
181 721592315
181 286626907
181 883650848
181 239705202
181 7238210
181 785118078
181 76924078
181 23013460
181 763295459
181 453688763
181 267664874
181 309922420
181 133925564
181 552269741
181 568492848
181 797274082
181 499754342
181 604059510
181 706238143
181 163882063
181 549147317
181 586839340
181 968382933
181 181213148
181 617809450
181 443158392
181 359996456
181 476609920
181 991198064
181 884768761
181 852761261
181 599198892
181 327001653
181 235026941
181 452545163
181 826879204
181 146931021
181 965224042
181 193619122
181 752501372
181 779833124
181 405042002
181 428750531
181 49141753
181 509218009
181 311337982
181 649283431
181 158042477
181 713743322
181 500790229
181 873828747
181 185246536
181 176397227
181 460857936
181 486611573
181 255112148
181 308219489
181 926081031
181 782469828
181 831027633
181 263993985
181 200149250
181 549158108
181 795161957
181 294119417
181 198260873
181 373150983
181 220479733
181 87078089
181 711024063
181 263246752
181 658844644
181 443042038
181 934173062
