421 392
190946 827512
205898 23470
760077 448689
780957 873471
233561 654056
504047 157236
191206 344582
474587 188479
877886 872137
833991 883170
590043 832430
547407 364607
215326 798132
670522 916030
57822 925075
705893 176828
657417 556026
743158 346685
321497 192988
572026 517378
858939 709395
396711 379665
523810 671105
255781 745413
717243 988216
647554 156066
80988 812049
270691 200633
511388 389537
759536 814348
954838 187190
542449 100253
49064 341129
65642 839386
996889 554728
151566 243726
35204 730561
661810 423031
641982 347553
800185 472026
577783 684497
672830 162020
297147 451334
414799 932588
217199 850233
800755 786249
899523 800527
895262 441834
252003 562802
478885 200681
787992 201040
570044 206129
443199 175514
260046 791883
562976 320086
518731 224614
852501 483551
992458 450099
648788 548122
393699 678951
288869 593320
791514 42409
841188 687499
702525 264507
683099 723992
729345 530090
355295 401961
581492 728939
780267 159731
355586 929425
499334 417979
507518 21606
702041 960046
70141 892557
160969 740347
135775 925538
41510 18423
664828 448220
942427 427550
492862 847153
558628 289971
472716 114112
108749 290060
930501 649619
82720 735291
293485 361368
738394 218734
723312 866932
185012 423425
385275 765556
564663 864565
507631 866405
490957 515395
520067 124320
140060 292908
593733 537565
166459 289882
308322 268907
373726 779491
960885 890495
4574 220382
339600 392352
619722 77597
522660 507128
323701 341719
920872 480811
478698 219232
715385 975703
170633 948630
710555 416570
541602 470033
291269 63120
333478 718207
512316 284474
381937 113278
913803 111839
785256 450465
973879 282691
700208 19683
606136 289775
453254 591824
149284 506220
123387 486061
955999 662033
816812 749997
877069 75430
256942 868742
602800 328332
776118 351192
599142 204987
325088 198568
906117 818624
120669 401319
194875 691609
762625 9245
955825 50719
713716 81901
192117 618351
371118 943173
35111 987716
122732 187867
988339 934740
429112 367600
840167 689751
616538 386455
509855 599971
955582 694682
499611 113741
368043 232334
352511 251179
559709 354139
499005 640780
927786 877493
503529 296648
341671 745873
756464 60249
379716 98166
196403 332370
770833 487952
940695 500945
92011 518936
757980 160120
287393 75037
99853 940962
68097 318650
20406 695331
519321 853365
881008 344468
312847 775563
370181 504370
383136 787866
196076 955993
867376 321754
807408 849319
480981 724474
354306 836074
214091 359989
867159 723219
422565 153632
92432 171140
539097 6297
135639 54426
451300 926610
745990 706014
244412 545724
575425 338359
379864 826045
251402 125471
528371 503933
930820 844849
777998 539007
715121 5362
456497 914830
205628 449785
553738 773956
538101 824333
6046 710521
250850 19957
865883 972567
532796 776785
203303 860800
297298 759858
945864 80338
282489 668437
489423 405610
62261 570235
154405 438050
724013 527596
179022 292335
978197 775697
529404 92933
661733 721358
922061 885244
126676 95218
201250 563134
289297 21393
532768 700506
711289 263560
285325 57019
603694 456856
288017 55790
438816 576457
497739 39678
480861 529814
229816 232682
587534 53728
207829 465274
176264 436321
763819 942621
930336 694317
853201 700730
59090 37155
13491 571532
339745 56928
524011 328254
245614 848162
718476 866469
48451 8492
411353 750183
320169 988845
722283 473449
667630 180111
897291 295154
373126 468821
872741 336262
166297 637646
165204 814202
515272 577075
772271 515379
972588 660555
578826 660483
887909 450088
196716 723830
67349 337277
234816 551100
185224 26671
181529 119369
657210 599124
879523 53953
723309 453172
943811 781875
579148 334093
362626 557262
560666 510600
425597 671133
609599 569301
339407 323088
143888 891462
940141 629036
922349 614626
648125 143742
213299 508198
947347 221157
693782 952899
875640 233784
421593 768924
588488 18599
564474 33154
493908 398579
465061 693510
901784 157459
662065 928665
392326 586879
257369 501657
400776 909735
265348 795024
985800 52435
850159 869003
525781 478696
373543 470218
440673 789451
8650 326533
157105 889596
537630 269061
173186 392527
882321 111454
45261 724456
663463 851267
360199 169536
587490 467338
4938 770434
666858 20630
618972 777026
926187 589645
277329 417004
605533 119422
264835 213527
243959 44630
452837 572157
604057 278837
217880 437900
556365 610030
668225 959234
473467 955382
354152 995727
747694 386681
365046 197839
346133 800808
966550 657802
510080 840853
942154 307721
888294 583533
278433 983498
245242 697664
192131 258710
637774 684797
600941 303923
315487 996020
310929 690734
68404 789213
424880 395849
452044 21289
875178 465504
47407 112951
384635 257680
473839 526871
808638 899298
355361 999195
362796 847345
35283 887783
878989 805013
73449 582189
195082 447734
776140 795386
397031 410300
30837 521665
334300 698574
532625 757547
918065 509879
262789 217458
12204 65115
987998 90938
330998 383019
964422 679959
43749 269368
424363 843526
866646 707910
231352 909271
291386 283061
706878 149629
539133 904918
135238 258947
754071 685531
457260 784838
987170 331347
326382 600737
725939 756452
882121 604575
958974 671427
32931 397417
103670 595923
484385 308971
257094 230149
674838 320472
416562 48804
196107 419329
162807 225172
253985 441253
542326 258223
33045 560871
660127 229733
145210 358861
435219 337890
736514 740992
109411 393199
527059 801187
992737 638687
139794 433113
733090 944731
269775 15930
775233 23031
678319 175191
280308 483347
730557 336332
795057 654408
793405 951528
583047 95918
202064 92939
586398 31881
171492 728037
192298 167087
635640 670206
916675 282924
530841 115235
334301 571914
704492 740773
690263 744954
33819 460366
519370 899534
349594 593623
710298 322318
571781 161716
473190 557691
255015 892772
929350 92837
270288 10107
579409 562519
945085 702293
99905 900315
194798 926950
984245 74943
