1408 936
61070 175717
988048 745096
292722 234348
945463 774539
869983 440508
16113 747443
671330 514821
377889 931068
728456 942646
77739 266102
495279 27223
407401 269973
881918 312991
544583 158265
75811 262014
940341 182286
86590 291556
570601 313536
25029 358460
426913 70915
122811 355492
90251 123526
379327 76663
901204 129494
795659 777115
439804 949497
316513 990502
951223 290710
490329 897840
613359 419238
739235 763227
876246 34912
397972 262487
175483 544950
724190 549222
987508 939286
980312 804036
754638 386699
71146 701771
576245 343935
928452 699378
769157 842655
469142 299326
218191 767288
915873 151968
804105 782336
514108 8731
601197 787803
836461 327548
988123 471035
213114 703442
404770 21719
47930 580537
705595 398307
656506 902274
707677 677601
974452 330848
313373 785855
570413 663168
607564 406500
587951 380965
512650 531177
292571 745197
451200 695251
119432 79963
736001 801475
565680 202627
637257 809669
300471 765856
161813 204646
891273 397641
961517 157669
299832 659767
454332 966442
261710 787528
316628 673013
131671 848404
462581 36068
167186 670877
425771 676075
553133 495092
496274 246083
406890 95524
379441 955934
573890 219854
898359 183946
691696 146970
888270 90473
440358 580692
77984 957061
452369 105968
237179 523323
169819 165281
489533 629013
664348 696916
685377 741971
884460 527593
499168 393246
636684 938201
39083 16200
995387 229622
151534 471363
817630 772350
467680 217088
814619 495049
217886 866848
861037 764275
640573 84527
3098 744501
963339 897338
828651 170067
834818 667357
466727 931026
929286 421317
653107 781636
631604 475348
311221 209850
546092 659641
211223 857617
353277 283710
936410 903434
136179 877332
953103 127456
695695 753343
861326 379547
880337 223939
377564 330377
945703 316963
572410 104190
175757 609017
685402 55670
836233 801970
423273 992196
606954 201055
922805 866806
418384 983784
674732 364502
764336 344358
463381 443817
396792 563858
399375 481862
11744 553688
58682 147859
792181 558095
615360 776997
919389 984902
392059 874547
888995 15173
481968 709656
562570 603883
885073 736006
446142 666497
227157 632623
617130 524474
404983 822454
677416 130193
202873 914539
110185 472933
630792 300120
685441 668103
761871 174838
234982 147205
743856 936336
968346 129428
881926 385675
745850 903554
886435 657004
338874 785633
838765 383063
88616 763784
112490 742986
296700 572258
662219 199149
440687 902208
764606 599221
493949 278579
588642 607148
699716 281740
887775 381033
382098 949553
805689 882875
863874 215419
875933 81379
492750 912648
706153 914702
787087 784811
725476 919174
969298 426471
551881 947244
788784 401313
204484 402095
707491 438806
555682 798983
204520 792298
214895 460387
844745 780022
432529 921143
401987 554804
540588 425300
522379 849402
440680 59270
24446 966767
183670 498273
785483 334607
776479 82885
379274 692022
482114 462985
46204 709552
973340 436656
810361 427974
757998 321521
781030 524303
149202 856397
205080 230781
481418 933902
282746 452440
739549 45770
276781 150196
433101 354644
199711 759205
831466 52124
370093 76273
147909 989754
508213 521044
958559 628435
39980 418369
688877 985260
218912 509355
595547 931365
277445 144569
692291 678612
885096 552823
420505 404858
530436 88552
784295 993528
799719 227310
188680 844687
622209 19951
920916 332121
47993 71179
867321 744757
69119 967196
686064 267539
23535 603827
946220 662743
490594 732032
577166 742738
11776 586096
973796 4092
651148 965147
95586 770906
843146 692529
609600 230250
871297 120726
153033 724456
417175 949450
450643 193929
218392 19503
472524 84265
599240 32185
681001 351122
601834 571392
881498 828639
548607 769197
133385 9583
763968 619388
939738 541633
798138 561005
726742 627014
470258 100615
590478 96278
963503 896763
946649 227638
180270 535837
590422 347970
64014 292593
426157 639962
373872 827857
139711 878834
11528 414871
68436 74524
975618 365608
205698 928076
679642 212983
30817 690202
109411 561143
435797 209994
613090 538027
427989 303290
109858 569257
491750 94412
618974 598178
144695 380661
983043 71568
526486 177999
906210 686694
249460 777697
844587 977475
536619 686544
452529 680642
124683 84925
861026 882543
577621 172371
694391 371926
62037 443162
724425 983248
573257 952232
168894 5566
221348 181285
37668 113544
7377 323103
92899 717917
954112 913125
112601 44104
368061 208429
586478 723411
388466 518303
401232 47819
742020 77525
809105 884621
522097 365633
658478 672847
940601 199372
574037 439474
698278 930579
680551 950116
486096 680433
110651 900131
322943 187206
38999 159453
850284 213853
5616 327996
81761 938820
718748 807183
191924 840562
919696 172692
474037 125629
57940 621862
40670 585615
220218 781740
244949 843778
651794 105251
966383 743866
63034 718119
296550 783147
583699 129556
128128 32813
31618 615572
531216 814878
590291 491243
696390 235580
117206 867198
232461 705457
96002 271043
981551 2309
672015 906041
920051 742052
471901 629524
159425 94273
303483 838946
703577 543589
56184 929249
48399 909498
998508 485295
344333 769388
727618 839647
830662 933837
910009 110187
987208 321146
560491 331432
149337 650373
686269 907626
344122 925191
11374 608626
926374 877335
405104 904568
126890 110369
239378 461258
685514 633232
798991 51814
857230 617580
883098 327171
610282 68267
925513 914916
439147 837084
59479 727591
878989 863751
938427 208608
968122 702552
156505 959130
672268 471837
568495 288008
245927 957766
333753 813737
724631 724710
841054 566328
650554 817671
14894 702960
210446 866711
159849 475195
384154 65149
359645 199148
446933 651554
134876 380856
914736 42914
827746 622522
193400 630223
178482 947869
961972 54840
31500 518348
445258 736166
83940 346336
47891 801637
988857 993848
504605 331702
928736 639222
32085 241116
209526 182395
544843 788273
437590 697544
151091 19558
573107 461112
533140 989366
333937 259310
244730 18090
339166 997614
487667 273974
328776 594586
386434 435285
129108 987345
871811 398970
388104 577370
672862 919464
494243 35443
490712 924744
641694 792919
716048 901821
378262 989797
347861 793857
342928 749498
34099 734812
643172 225197
773842 282384
653861 180831
535786 807788
97409 555093
915898 832448
603685 903192
475240 745105
897736 712499
949742 68863
285362 346343
455092 523686
298968 304136
882312 727840
729721 703587
15993 175250
879810 613180
18110 431664
611818 906499
252052 392033
760696 347150
306013 761149
298322 884964
74766 406334
124144 460022
804313 463861
477005 43265
554794 535502
407802 478342
595208 406982
895163 870734
884917 889469
903941 957184
767293 87186
678451 716766
759752 307763
721302 134622
185847 711658
332286 69166
65047 199894
47211 141183
629954 71970
420617 288578
930620 737563
39976 623942
38383 189747
134542 324748
491478 68022
304260 812195
299041 569854
907922 877795
846280 541022
630578 702802
680450 266914
820460 667252
93531 403022
924193 335911
117503 814680
752175 545916
915956 142390
41551 547964
432772 926020
27448 587895
664758 918015
386693 877292
891600 775386
107522 937855
218911 971585
69587 939347
885072 681852
217803 575493
785194 522260
455169 5223
613421 937366
774709 932414
905144 695292
641792 272540
596535 528400
330773 32916
352495 645836
118731 103102
714464 229199
303586 871721
700570 83423
426704 368649
501787 622055
695316 350889
600147 128023
550573 146758
831431 95520
759479 291824
437947 59247
502689 661391
711963 962728
276925 814917
828923 521106
756031 219648
817576 626021
435911 540553
588218 943967
798165 157168
816340 922561
633244 229645
830522 9857
698229 569268
611752 506487
588274 732774
537265 830803
208858 478677
60232 983106
199024 818008
610287 705052
400383 609129
654836 833006
573376 764622
67237 249345
142303 507659
918324 871115
364508 301607
782346 200290
256913 470399
543222 729583
724423 53259
506145 432753
989351 106136
814492 619588
770655 977220
51585 733552
811169 56358
365158 196701
225689 838745
251195 963315
747358 671076
363532 63744
117336 863789
649319 199599
705486 343213
959621 409120
525845 575305
398010 849837
294027 332373
25399 710495
837478 98157
728483 775031
981111 779480
363442 600461
447270 957769
466728 739096
689389 202672
708220 400443
730078 818082
563941 410427
949690 149801
958002 825089
777340 711554
148073 89234
2083 621349
724793 412671
398030 249143
217544 927860
152416 965788
540801 349978
413812 986853
224034 83391
393109 178024
47537 970509
299497 476597
588657 817888
276267 455262
592007 251374
815980 572647
376034 557331
984094 436288
402640 153331
31931 123369
213308 66396
680355 359686
328371 778756
583095 501400
315586 889249
531679 600707
530379 475355
552501 490577
583126 269222
45585 571016
734639 534677
11547 767016
491540 152470
14515 990654
62218 990168
831062 197631
418936 930460
99149 171104
589738 128659
25185 418211
268114 971477
386512 525474
356272 257891
65903 486091
403705 595435
448974 931028
295693 415462
357381 532989
471997 485293
810717 926903
561681 755599
894136 20661
45832 300036
627618 876597
952339 114181
442517 478582
187220 322873
474128 676117
947043 769072
374248 488838
610055 910818
411129 795669
277510 32751
75233 521392
531132 874670
174113 63846
958525 632339
647936 833688
830011 879693
271086 603019
418546 240969
749034 797930
906986 694284
637018 561122
802229 317378
257123 510254
687424 345223
40563 701755
667794 762947
73621 230348
883864 537308
539187 198192
745923 10811
767828 468783
925988 207522
722790 792677
944761 916498
476299 669996
612005 546280
607888 677117
780819 285313
583616 51409
44876 517641
993021 345552
981131 78256
17741 700587
640863 509224
122518 855774
693335 807717
46480 63281
444007 27675
882341 486881
725833 58544
673865 417178
276642 814029
894965 687291
42844 457698
559161 519121
307479 161126
150354 171857
600903 974997
760458 676488
164124 854544
1263 29297
600533 55389
489876 544711
569898 717564
971718 902145
23544 426612
449559 15059
546322 55441
221540 15935
549803 790886
373325 131818
558153 636016
357664 946822
169202 541794
198331 804772
491904 353368
284033 384894
828947 910600
561834 651059
319395 554908
340686 53950
760597 978911
335718 227528
200327 340371
40204 326193
597656 586513
872955 146410
759409 282496
480867 59607
45442 975867
179929 122479
604976 158011
449726 60509
330982 480825
913854 504104
688401 74991
309595 536679
428269 131279
638859 368504
460964 895701
156440 167663
769403 358132
840805 562825
848843 358749
751985 512865
918256 331618
82572 217280
20092 771195
50668 984302
526824 435747
874289 594301
559595 796169
259083 142164
439741 428899
216834 716591
854827 288467
725919 179243
54069 299493
528186 265347
57164 674854
881009 368238
139739 562145
105353 395941
89718 373741
375369 337690
905952 570147
670263 587799
529184 511708
827737 950174
768143 831938
794042 660038
472362 364154
159826 298419
443685 986286
168566 355596
407227 547346
399246 429530
580044 330911
557441 770846
849291 288403
112442 997817
833214 964658
721258 522501
342226 200049
607240 238968
853931 392934
354732 227978
739131 956730
231444 413102
754579 712824
380582 418010
771297 613914
470855 523562
146492 175123
425897 151434
645370 297336
361527 754011
667826 978647
356647 423671
30730 533871
223308 862536
633604 465490
86000 385536
893864 912699
663356 774734
874220 454652
989430 961974
967830 263307
390988 582305
697532 994540
530924 343726
182910 347262
123698 206650
547515 973590
906821 883097
27006 629172
151509 140345
443017 259739
93697 607073
57773 12872
238948 104499
353562 311498
600277 579731
215995 916570
385724 337969
973836 267419
525506 215057
123343 630225
428370 500084
230891 965357
675944 808679
950534 575530
40292 655948
184385 327778
622242 276648
626234 172677
578339 52584
187586 800930
14496 859899
50688 568938
252778 191336
202911 660150
723391 968780
69292 168029
662343 722007
898101 721742
211759 218814
974799 91862
1394 384040
812606 345545
594415 460583
527306 252307
374824 652832
320701 208253
884484 492886
616862 447739
186745 661001
448073 120880
938169 376968
909881 829381
335180 873578
967499 117038
928768 444984
747930 990202
111896 771594
32631 374536
52601 286458
885469 154884
799439 281362
864793 847976
356714 835726
928138 702690
198843 947779
660289 502273
749992 385993
925144 372520
898835 65197
469596 316701
692532 928742
593351 120159
701462 842895
203444 375137
750242 725837
400642 567456
664723 174130
752500 761770
43954 371425
730375 176319
619934 835844
199506 713340
992785 817972
493344 594672
678795 698887
31224 112533
476817 134660
350518 159702
273347 125424
838565 867611
577444 685685
825036 721400
785576 819615
560707 523715
400068 333608
257332 412477
853612 146378
853429 422926
80846 173384
524832 408452
949078 331040
338671 187402
339295 554216
158187 96777
980016 806405
500584 898144
350998 267991
478861 739579
538422 457768
642107 45137
58797 288773
935855 156844
48302 304931
681565 580720
480112 54732
102629 545788
252529 297817
548763 143184
714906 775537
250770 10611
556486 392117
805190 501392
121257 424538
408626 973314
721432 615699
278606 771978
181583 76797
41201 929147
98650 191761
514386 488222
590836 178678
54133 27809
308798 423954
319359 152908
424857 583474
755561 988295
283902 766018
918423 881365
800730 80772
496969 943812
772212 594130
187555 614305
755690 920572
236554 689460
482131 922708
603106 89636
378894 659178
720766 272283
572366 4644
526241 415572
863118 101981
957264 914247
413056 886355
477948 14356
71177 379801
168554 739152
499762 583713
183003 301696
581463 46401
770885 650364
104799 728038
675289 407698
398100 953388
836294 235857
322585 461475
747841 599640
220334 118452
796306 765916
104091 992617
260579 519674
185173 793440
698317 937559
892341 122986
852100 239332
837827 714908
978886 660654
570083 97122
352373 432161
754209 339473
727314 509184
919509 829604
73583 12938
805493 198993
409089 524940
928402 508837
946920 608003
413726 514507
666163 807149
473544 162636
562665 472761
583232 912569
373621 779977
821955 722962
922137 870441
206245 860995
65562 824016
715541 420240
603364 693666
82117 429883
645823 601542
779056 127679
9199 116194
525096 917051
630926 826252
694676 807745
367551 53886
146346 926248
727458 494050
752778 212937
285710 169362
250684 517558
248669 113682
398855 427766
768128 804879
159594 105401
408834 929625
838351 531527
204360 466553
220735 395331
900916 846027
952407 151410
926339 931554
446541 214919
127831 455717
273250 696788
894183 847284
834365 792275
705466 866950
869218 130163
863149 36163
707851 571068
45444 934183
98568 968360
857460 478728
867739 203342
504196 656832
136236 580253
786001 258061
940923 37167
682506 37306
795867 881742
363243 36021
635153 921223
619996 398429
404143 381345
707559 638978
170870 52050
899141 460935
58935 590984
494576 646636
854072 400152
242187 602997
853152 969164
537228 646517
623909 270322
767545 135134
623275 669484
595876 306856
363898 438095
58206 496713
52630 763598
583839 781700
658321 495425
455752 125562
929039 349466
91215 669789
894964 800392
688943 954584
954823 794777
562937 220875
556298 227884
822936 266857
973372 389388
781964 269323
312086 39242
527442 643547
416558 805789
500293 792790
557989 839363
886036 480868
973091 737094
606307 896302
457564 763738
784947 328476
264138 399003
207668 525063
589427 520761
795028 112095
258896 325822
346401 526145
18903 227235
654871 107193
124609 108781
237319 300421
767058 866981
733096 795972
28360 66215
463139 389266
500598 721349
694064 963357
776022 292244
632984 801299
781096 222203
574435 892321
669888 292953
739900 184523
868829 785583
130400 504740
147679 170856
72224 967369
424259 449082
525049 902700
766172 950648
653060 700758
63438 386782
116766 641717
317667 670989
383911 707834
821659 199619
652759 196654
926765 592933
480291 899701
708780 16497
366565 430398
226910 450524
426272 657720
372790 484956
739785 818799
39803 355681
520970 768471
319683 486352
915889 681045
59905 307549
869301 190365
824396 222865
790413 692081
192545 417495
78577 183735
730214 602720
319458 235117
209419 515023
299422 110983
886975 73851
900055 242223
980252 159903
283818 894649
190246 622469
362565 696750
526323 514725
318031 401369
36422 79997
522515 768297
584865 873527
705117 322670
948002 190667
477980 320526
487682 344810
329083 626524
201241 883354
910447 42680
741895 481286
915689 922475
889181 185304
270076 455005
408904 909045
973036 867554
829629 353291
281544 348211
465483 196324
111632 161310
378806 729714
518696 822376
386993 733093
822551 425011
323664 157987
574950 632239
700064 119004
828612 948413
476390 906646
535776 632271
949446 368530
863382 449015
740662 497560
693240 772149
927852 486841
623602 764583
14827 298891
327292 832910
269688 53402
421785 226740
192389 303390
63506 713389
466877 226304
253640 875803
598685 251639
977889 350809
295791 745320
533188 606218
342492 512990
669232 317699
466349 260556
114424 644411
873273 582951
225688 824927
777610 234328
194034 326631
165081 37516
792436 277164
333419 996351
902136 738195
758734 245362
482251 381209
596003 162474
237795 367433
342047 569169
736256 231768
761820 780677
714022 959024
81752 813598
420646 819227
239285 602552
336453 15946
792551 152657
93852 139700
69908 259675
35015 696228
794044 7759
333984 974003
397358 892934
607346 662104
473004 240023
109466 844243
751811 770838
530139 330126
545431 531875
740815 500321
966724 60612
455300 41847
636304 285767
799050 762790
506528 550779
747345 61134
410233 921585
875109 309334
867819 757328
529293 959106
558207 723091
409472 236404
215192 31331
524833 867505
565496 618357
229186 720338
482881 785367
627951 730941
429419 952750
163850 92522
305325 206366
746396 777843
582576 392481
271320 846389
400489 420525
997703 985850
419166 736098
792615 347628
452865 460719
822952 175942
388806 835300
788328 32786
534714 920589
229791 230386
99039 171186
223283 612948
245802 965852
41644 5939
906951 122841
348762 250666
101490 622403
133787 234466
984615 192061
301007 315413
267294 759866
953242 51053
580234 28634
966578 809965
754938 291230
423888 968977
463001 388826
12949 861980
333168 522901
152884 589805
345569 569848
539829 683302
125415 134991
634561 391380
758608 236958
718811 652532
823454 462271
108561 161781
83815 81380
946212 402411
154898 20767
279588 183749
732981 40745
780512 750731
764720 69573
931673 324177
36348 309394
820 726229
668863 675746
245108 119987
490190 546755
169917 758644
543925 498061
845155 600438
746920 815617
795274 398589
280134 806820
691438 742873
656707 817764
43750 522724
314763 398095
983306 35145
409877 287779
69663 731969
122723 917349
123369 640644
525916 430040
422621 414131
934669 680723
712108 939299
748115 181452
432395 96897
240816 890500
468095 562909
441537 983400
781535 761439
164171 729574
524616 363107
552409 139062
415501 732924
231424 598123
363366 845400
934098 822447
528471 121781
333610 505444
303511 110436
208422 34950
928112 952269
907611 654477
870922 788149
402301 301424
237277 502251
542833 481389
946019 540275
36477 239541
273239 849006
649348 747253
287173 612976
841339 442130
883302 736259
457726 974158
601822 941906
222978 988639
145175 671356
600720 983265
636486 203069
220967 465873
738843 51110
316550 678032
525052 969329
446473 61203
18361 483732
69662 81111
202529 370936
749381 430467
451856 139177
306710 120426
657617 946502
929095 462455
946490 471030
862045 314834
795881 168831
790889 606211
708529 242448
499129 930167
731319 378306
972773 188364
40017 683406
639315 810487
337186 68426
726784 228189
