1312 356
510299 706137
203642 951632
708688 381146
757563 430790
891969 696795
715394 632472
361991 337087
417910 980886
125188 321648
53225 499533
170372 213376
412628 381573
833795 944405
462392 314194
745530 159932
280845 277342
748622 770975
658453 610606
159331 111714
217811 592873
246615 720100
674778 779662
595286 741338
876491 875294
900176 665694
405203 427798
134687 565248
133959 703555
763900 574657
148113 294233
679758 796776
800967 264610
131386 597852
497103 678908
719348 385947
960930 381313
6733 51210
967497 474956
516261 601982
526957 620284
976260 811024
89152 671239
724168 460022
144398 596486
923382 901264
998845 921452
649297 335496
954994 478727
142493 697380
607261 118527
166174 521808
797020 646793
68523 541314
909405 641760
226552 521561
31907 922336
787169 184879
726424 818837
668345 100659
282592 959281
803539 552453
654335 759577
931812 546257
205205 632968
908366 338902
6310 820478
724849 983497
987611 159469
369695 787898
583545 269711
98768 404584
833036 18075
813760 760944
540706 333880
534013 655462
795564 159879
913710 593318
471234 605484
917027 775719
527149 998035
276211 266171
528067 241533
676029 884999
613290 214873
117265 938520
69930 988792
834884 109946
557081 117559
707594 758310
851623 144826
924580 70975
171427 65358
544264 769978
724530 330121
884345 667789
669960 538313
950965 550442
831995 231491
49075 36534
86 32134
230412 50656
607389 726380
427989 328137
687472 776798
584934 156187
916031 846543
620543 218269
770929 607797
153936 155573
648299 217229
920510 210921
425815 417707
77512 807500
739528 4399
319616 140046
771772 60603
540579 572249
983341 865656
970057 14657
560325 666281
716263 869604
22609 698138
547810 713384
355087 600583
358922 637086
162744 854289
357110 47550
402503 68686
857866 118479
636773 352780
227256 267160
554223 520685
643111 985468
242450 757592
727496 856128
219258 648033
848657 94935
26591 766541
201357 775778
978665 105993
571230 579149
383680 201080
636565 82332
144568 482717
580521 135459
218415 950620
262374 827748
802798 777141
743531 227177
949995 770658
591501 110675
610537 307056
500963 105130
358745 887629
486348 766619
579988 662826
895073 554176
256908 755772
497828 143895
953399 529846
594037 426721
475391 822866
82981 882323
357497 852515
718220 19327
211152 432958
62592 810588
10718 264516
992418 856614
445450 409518
309448 463401
434492 52963
180356 468805
855028 389294
368543 353353
122310 844332
327954 926410
595451 162663
107991 96715
690979 335660
58527 700354
44868 504565
387278 296742
989706 640960
663856 371118
152241 577687
285100 768430
557061 241350
86103 266528
899304 874005
465582 544031
565205 235641
621971 10221
396008 265497
123609 204120
118600 705340
491177 51975
724945 804440
285164 314539
495167 413987
569047 428385
825863 257529
118136 878711
613905 446447
507687 534679
265312 878339
718509 188749
489128 391061
26217 61650
755749 669787
70625 377247
881720 706971
221565 721870
18419 406403
504768 964339
875846 28386
333943 196106
361878 166274
796461 893978
475513 193214
776656 810672
230873 408976
882666 980621
803680 989434
5845 673388
236072 614506
350661 80314
635809 592965
171049 664123
65326 824790
41273 678613
332397 415331
141404 649111
398684 725916
92429 401254
709613 980145
897495 722634
74285 531319
25917 195359
46697 749365
104095 794882
57254 741843
126456 90971
318537 854562
555602 477413
125429 417248
899598 720552
207696 478938
489249 397696
979533 779958
274212 321869
590748 836723
782562 526109
643431 677752
407926 632080
67172 991288
581928 393593
398398 470215
634347 132868
183728 96549
543934 811380
916397 76236
779 87703
127030 869736
599452 323735
232354 370850
258427 177984
629188 280490
558612 470529
790136 174356
465779 750128
140159 792512
962417 181663
378661 322885
298336 148575
993529 150539
930984 560822
661076 193906
549552 928133
108880 984354
724973 46397
68167 150176
360442 792228
546609 693029
627123 264427
985703 678615
16755 794028
243714 169236
750252 353237
586521 628199
274812 484735
720716 440520
986569 786854
286488 641843
418800 4867
869086 586163
854292 614629
704686 741677
664860 892269
758965 42632
661841 75840
965235 734038
190889 518453
932082 990280
103196 929126
377938 904704
954157 681574
560073 964707
27035 709164
842095 740389
171586 178947
134061 521872
668426 663680
520039 193523
198784 546127
67383 972438
928939 759342
419216 304514
422024 341917
524430 359584
42897 776733
157482 166029
747506 885451
647672 589888
770452 971881
906473 825444
239143 277491
296850 432397
941135 312950
276337 49693
351928 789762
663433 573607
615866 556888
932129 452857
204990 90098
634470 769289
190465 528803
638147 50688
366585 835811
113615 558504
49597 163066
88226 176515
436428 522567
347818 991796
391312 905975
869671 305387
148088 743512
906127 856760
151230 361099
764179 166704
167228 972288
396426 882765
332913 524629
487511 458884
400283 643727
847241 926432
573128 724729
491162 908296
242997 722996
612006 557833
272385 693929
826658 414354
162814 792029
174021 454732
585636 622941
589843 151133
957817 445765
827087 155819
285877 700177
46928 691986
85685 486113
644022 784278
944666 243910
553707 929084
840126 528379
793952 74691
29888 554453
305169 788657
929604 832124
234340 725755
240888 15995
315826 373789
360255 864161
55961 821767
37111 86448
934630 118734
349455 929690
85768 21511
408554 736421
96273 471071
452235 60956
732708 789936
560488 7923
566768 95746
972452 849020
367370 974195
382480 25262
741076 937574
555228 521326
28734 804545
810150 93611
341408 154464
581517 454291
832 763661
605511 535145
894041 391185
678960 657486
472192 887197
518753 224269
789459 909181
175390 193220
661267 122333
907413 106081
898622 868698
632353 877524
659392 568954
875919 707969
497911 839970
792707 933289
50679 160937
444158 189240
137277 781612
270567 69381
811482 959190
169581 245878
860148 858210
991535 32238
351984 587990
224568 398576
419061 793583
581477 458350
210110 648351
826164 541520
600519 299824
833118 331204
371276 12355
892022 963755
681812 378398
970163 124273
447730 527803
467089 663421
945132 612558
228693 744430
568707 252410
777004 958018
3793 665460
948559 472257
137917 100631
930021 753432
811002 810395
589146 737394
840642 618000
920994 548361
320306 78039
168554 506436
819017 554685
167924 479463
878167 545858
289870 523914
828074 933745
868337 694606
352032 668765
844533 402769
655206 29031
72955 632373
140389 646565
868457 756020
270033 899163
605738 954297
710327 627269
937834 596094
899600 902005
180712 330320
892104 576960
494377 414116
618873 171864
124048 738003
173730 550647
20836 292064
350235 148903
721264 494659
266517 369341
601044 912903
979551 367529
434460 899613
342139 411976
961442 604697
707633 436775
237566 963680
932946 453628
997691 388861
193751 490511
723184 652561
593412 651755
735555 954823
492436 717690
97236 68144
810272 88172
686039 247304
232930 297793
5060 787476
492570 477318
342058 527636
673957 214517
452017 664598
509414 493258
800077 912148
77445 293852
89980 680237
180042 489115
436735 473965
660071 155744
227033 73927
584400 691712
16982 164118
580931 438579
437313 662174
810159 981131
23726 703602
838652 446258
353019 749560
276549 794398
804314 988818
743244 575501
526471 366704
716890 819618
323770 21427
360390 803866
668638 578774
688515 538348
496910 538140
621432 635739
136739 772818
295246 359789
44452 337475
382550 101840
75892 8704
16479 687847
505279 438422
811080 116399
338408 68036
964263 331428
46575 914159
23392 314668
946242 285247
78786 203251
846299 761338
670345 805216
546717 684867
902182 21121
806126 121124
882799 931040
457593 660413
227985 996007
807999 229619
739184 335449
528473 680456
24608 35967
282203 650172
455270 471405
792007 368855
343426 872359
200966 90592
617206 152067
485503 545553
357897 887647
2571 212513
294286 370649
267942 712964
108090 535827
656308 302519
607753 129862
895117 961457
516973 404238
673137 256434
683380 588764
715285 330771
357769 494322
819688 924167
48916 88537
273542 23542
904415 885695
599912 989912
579232 359267
95614 952955
944716 497095
414223 238762
991619 930249
864052 931539
293282 881454
800287 735899
294314 348389
83670 625917
524248 675042
955774 748212
140067 246686
435892 7506
588008 17981
851722 27444
658668 391242
360685 696096
419583 282139
10274 6148
602979 175683
875170 418464
908315 943187
940469 784539
267147 400715
838214 971916
547872 302247
233271 231521
62369 81123
364741 843730
225224 690932
153495 616600
795073 827743
322577 239002
95901 428552
781616 157378
554088 288129
773915 393972
521361 787600
415623 736412
404348 839507
906788 372096
773633 337410
203045 88625
919888 40923
765875 832960
813775 396525
525943 380981
770065 117032
21477 961750
417151 718085
696494 269254
215992 33608
87680 598324
127163 189112
28220 480825
664497 80428
224801 882707
745157 322401
884322 143288
620991 380547
155626 956668
437870 267810
338859 659274
25393 896197
845827 86293
254878 943432
124645 906742
153572 987241
938961 504112
55237 309672
892639 880986
57355 908502
936869 284567
322378 530282
209370 185372
936192 310204
193806 961558
676735 708567
330938 262333
772580 537669
194595 113193
291579 358035
490138 580452
929458 245828
967945 938789
991964 746448
630923 721565
949142 831011
910869 923774
473964 906435
43401 653520
280822 329634
123207 242779
309421 48575
113032 826585
973227 628959
27068 575007
588605 473035
353461 527119
375609 564148
502227 68930
367804 104648
339566 828174
443434 564250
388205 383890
489923 562714
798704 188773
26107 399089
123681 695423
866620 170579
713086 478475
263381 949429
745785 33415
786701 72702
395668 499162
69942 32080
553925 520011
353820 655749
82914 452138
97695 855091
226441 37187
473952 214908
701653 550594
734513 745051
529155 86985
493420 709606
895940 134363
264923 17778
116741 894384
750791 599722
104064 979770
217478 668197
727091 547850
778838 987902
612629 256998
543702 769704
47261 510865
497294 779859
125515 10615
695959 897435
768816 992581
372932 908800
780326 630468
421681 263523
23889 770716
546917 801119
717648 689141
264839 565104
552431 621901
641012 110737
222134 556644
843494 730672
377904 412921
766956 937944
70545 479502
244588 495096
721141 820757
897536 904246
692141 484505
794020 396315
558838 445017
206444 442085
755204 477640
871518 218324
549808 753933
982619 875334
946898 837377
958627 618233
794945 208742
589819 959287
326598 428782
67128 555743
252261 356204
366345 846391
177319 702188
645558 787629
30832 694967
148474 855722
305255 391325
271583 196215
410589 954321
80169 376321
981703 79159
907705 265006
737125 844568
931226 114405
768826 334135
235277 285049
362868 142636
250837 294775
640303 234392
541931 442984
271971 936565
380348 874027
296394 818318
443310 431464
737086 901430
498082 724489
142478 182763
853290 599840
960824 771502
858735 88565
748478 955889
119935 364367
89690 200571
85831 959768
844244 833102
463428 113828
193828 327257
917814 465805
899728 663090
974514 197709
960727 892598
283415 373424
357863 213633
330299 721757
736424 887725
970545 461455
134231 661812
893949 170506
941616 736569
848968 343338
958205 758297
60777 375083
592685 327923
801084 176842
320372 580006
113193 824660
434871 243400
296804 337407
113678 783080
865202 192888
408381 184875
215481 950305
425640 214688
502229 516915
79772 656878
556516 305821
58440 14177
789905 273325
765176 995207
289063 363824
408624 439822
264327 548462
917682 645814
502288 143287
615863 552342
628653 457438
5290 42250
524624 177882
498229 897208
926619 44734
786355 818960
971667 723060
363953 752106
302593 974376
516524 523201
854911 282423
470098 586834
769421 624700
854348 912759
899411 981862
297315 568001
567780 501494
805163 538776
640580 203900
230611 327720
631583 118082
708608 669812
866884 558939
542324 479204
37549 422635
920369 796038
974024 908785
925839 848756
221185 204621
585286 777218
767749 402795
172359 129735
103669 316371
983337 899767
692456 781526
353324 626734
444633 324754
500153 827085
553371 619332
194253 610849
793220 571627
72350 836457
230210 839809
350852 982857
758602 270017
431122 556287
53995 225842
92070 38317
331992 953960
193050 592286
300351 940744
96030 15194
403054 404495
984098 575903
200682 836514
394211 1438
112323 427563
117242 745010
243871 576548
781455 204874
644356 699126
555844 88464
213283 164100
781962 604697
448489 588459
818299 957761
109229 672880
851836 608689
325864 172197
990963 897523
636957 66363
356275 457955
336931 409295
288458 128615
48357 691307
822533 460240
832298 884723
904256 608150
487204 700475
286357 6781
128204 359340
949483 196328
495382 920571
231555 580721
142473 323378
832503 879736
767442 437208
244098 614517
737392 324761
341713 425181
855042 819096
24069 403046
732278 21917
330749 726830
959940 417137
66233 466190
123764 695975
366312 769269
613083 580177
412659 422224
877561 436823
793773 895981
252556 373731
810450 636855
16303 605126
366635 348718
740491 638798
888550 807137
412953 500877
59064 756310
136918 474459
753014 423889
548579 887215
761488 516313
807850 876289
767948 572787
413045 618202
233828 431618
419962 37684
287589 708049
329256 359770
653345 483540
865232 136807
753224 487845
995169 246380
334186 711279
42388 976374
430372 925257
523641 345107
294680 87955
527916 566315
272646 111984
665228 196679
268996 317888
294652 372728
460486 781373
168203 368992
38562 287253
742575 915896
451773 958410
659598 440973
367784 29778
46761 804624
729230 403613
786183 924084
422332 658476
271435 204269
443429 133981
326940 974881
19062 705096
223438 251213
875590 70557
234926 755670
101635 366560
18706 707753
248181 56023
339857 257338
645629 773260
702849 328904
382367 290471
758482 677461
902505 91966
710967 51288
554422 296551
750398 131621
244732 472915
567818 521098
733275 586012
987356 508021
989903 423212
108523 64832
424858 287822
910037 733057
300982 822124
177443 243337
49534 429526
407990 180095
505498 130909
129233 687274
157062 782264
986325 421032
901925 422088
521270 445621
641995 62148
837785 672901
871641 827011
889820 53147
581157 771195
855229 508347
270357 596622
354141 596251
578359 951459
132661 763384
582372 691676
503636 441899
141728 748769
65191 951778
345370 307637
270538 444835
175614 412006
698314 572971
291802 841283
360983 549171
951284 866162
285047 139619
545034 588146
625772 496559
639495 559113
737348 612760
790171 889800
572799 57283
819063 461816
676708 863974
975683 849542
570379 61142
631600 478837
816748 760296
588461 304309
629384 270614
979356 471302
447115 818480
889840 390057
221576 568913
338686 162390
291651 937778
310199 215862
88261 398423
467292 261692
373963 64734
168182 747409
922201 602393
102232 182513
407017 886685
32834 125160
595093 201597
908080 368529
571214 465382
613194 840885
553906 635440
107269 121133
999652 82943
433328 522694
712099 819755
838349 77153
726627 65855
264036 720276
981330 428491
963553 435481
844746 983558
692029 196517
100581 362318
809342 705961
400137 840401
617516 878649
129237 842489
108127 485763
531765 453193
468788 681030
717907 704930
335750 995975
176575 573412
335397 92699
236859 765889
892743 581804
65247 679301
937482 497166
970503 454704
193375 881899
339981 727214
478862 163597
491176 267713
324611 1581
657441 463040
232309 592816
691658 478786
985231 592531
382664 17357
988497 594005
776284 309063
769867 80914
377683 141866
940663 751449
377437 685002
874354 552355
967328 347291
914277 658641
305936 231332
775010 66909
133574 759835
298077 568636
106280 10931
520702 301249
968910 94699
382609 639653
494053 622377
262956 208765
403869 183215
869579 761281
721436 81225
881987 152206
603385 129272
573974 421781
579753 929683
187357 991525
545330 843771
342342 450339
602600 344201
901251 479703
610834 943193
416365 479350
458394 347854
161372 481678
75181 720607
749614 797429
558432 73235
298682 419862
212225 533201
973972 823538
728868 850908
959540 821631
47869 955706
334132 437760
407087 742415
516031 703401
62417 708599
64963 46158
476606 206185
459798 119983
446422 251385
857222 124278
847416 821712
648193 557190
396686 385059
550350 37528
203498 492144
353877 274700
844758 258077
914493 713841
524439 222399
42418 75295
134173 583380
68015 236000
287720 152351
18041 299233
207928 291154
824318 361602
670297 381268
201096 609206
729288 426546
282697 361238
353655 84493
127628 89776
342011 434293
697296 926068
75243 88950
894551 800905
568633 839935
894706 210527
830762 910592
10638 573025
167032 784211
107433 944745
710814 690905
483894 27107
482120 203358
710036 257303
264512 215173
970776 190605
100402 914779
328840 416524
809785 854772
75051 578153
721511 409522
442872 168168
557 924866
223788 904447
916749 213238
89650 897304
663266 786091
245986 211640
145456 950486
694902 440
159893 222290
995063 777940
604255 651385
967448 431549
904690 812870
151228 708027
27711 551534
232784 356143
767003 905585
841914 391791
447120 868687
120545 664470
520656 953629
270774 559723
573861 374530
623506 729375
60944 929754
602868 48631
705958 459647
281048 634071
943464 718567
821997 812685
249455 292807
303045 726117
679261 706309
286539 950037
438491 209133
996628 367979
727631 978815
45457 277160
153124 267287
784044 384007
568832 412724
475235 335511
594989 205239
658348 73018
902689 796624
132385 727322
362536 801281
142751 565831
694075 553153
320103 503548
864859 967878
224853 75135
584930 550235
924320 557903
217427 642406
472992 704434
878948 656880
480093 459247
861693 560988
997003 713001
137370 693856
311080 746814
667307 505210
580443 83467
944057 310796
216063 818553
814792 418293
907583 864256
368725 907240
154322 356108
489348 350099
225618 257426
63355 568009
492813 716305
940249 924528
300181 719218
86927 97293
511328 420042
473620 615961
535150 700913
40382 972792
721441 711257
676078 677077
522196 862643
135833 650404
828872 133821
609218 907232
364964 204657
44183 961747
463423 895609
711764 783392
753931 488831
719639 749011
725709 659852
369726 282330
313599 969951
322053 489197
913362 645575
817761 88369
885315 666745
415948 647668
261904 298885
959125 629998
670219 572204
86507 430393
446233 620028
49515 692739
