83 29
976054 918072
879502 876935
501765 526075
908588 696540
757130 648114
842142 545641
511567 873460
622040 891042
826234 363615
414081 990214
723295 431029
590241 157624
892194 363801
975541 245246
704033 403553
514287 47201
331861 190373
332565 592275
203672 833383
892719 736203
768185 573522
717972 439004
714246 841402
937474 921865
834232 846848
105602 936723
866439 926894
770034 908246
548911 41651
30816 81382
443941 873743
42134 562927
99178 891750
105663 840894
849577 129676
79952 290724
422184 547677
935835 659766
573432 796639
455635 770195
222080 944322
16631 19570
556198 731883
634316 445887
638238 726488
476004 749495
447644 718806
95390 995517
727046 461923
450707 264643
26585 840253
116158 448464
419165 21683
92052 460341
448182 196184
506068 694608
846379 584381
29906 166639
813945 297993
405170 4310
334042 985987
569116 813167
300124 467793
272009 326999
588407 537715
244355 570639
557133 984512
70258 720545
934423 501538
449682 756345
687934 797687
745050 24944
265381 216003
335737 326423
174315 574
722891 445958
305930 51496
193554 251675
427656 100312
967338 663692
965999 133415
874004 754124
470789 938796
