2876 2140
973648 933255
148880 312590
987249 638994
658142 471474
462194 731345
67296 804277
400410 843358
448245 149601
340779 616376
342021 832255
159148 768700
687844 344015
637038 509684
208938 651778
635270 138857
300994 760496
734337 728505
932806 994238
316041 809766
479385 505061
420816 39801
899343 149852
265107 612585
982309 198981
949108 163083
734877 297033
744020 207653
372198 635903
858386 182178
904862 967133
97446 439246
277209 723746
621170 569106
445821 446075
514898 651793
830464 508410
613058 322743
552496 181994
366162 551580
988678 381443
885687 62544
656100 665061
869615 915915
893822 486926
934602 138831
364739 48505
64211 788616
588274 589366
998204 233853
344534 755397
777047 146226
817709 267984
27696 71227
625443 882824
866840 676106
551791 925191
661445 412982
806318 492043
949566 289571
383708 555436
539937 267896
373517 655513
555100 864590
634243 576287
145256 329776
82756 297142
909060 212660
314825 800995
688578 717857
367972 858020
735301 290973
991176 851008
740443 941926
953522 728040
50192 118323
421763 301908
82461 958526
581587 715794
999709 245606
531867 857768
90389 929059
163764 108502
255777 860970
383582 788264
173766 369026
955348 378824
60409 353375
608773 852815
902236 329504
669731 475059
793470 13811
392600 653945
863566 903131
951648 481361
778700 561803
956975 929174
539758 726097
147012 19711
688656 340223
835012 21645
251763 581834
193917 271463
672914 476169
877605 212007
851388 511695
759387 912767
348229 340681
86522 918546
820085 402978
258889 984131
478035 951150
179358 17626
830489 558669
680326 921615
291547 792143
622391 692695
104335 988854
690199 720902
198269 799588
66200 507357
311490 830704
773705 460723
706571 836564
42344 609911
229191 724217
622526 770916
476320 967227
130600 365020
700618 929712
689330 66605
470326 839579
964704 230641
912952 938768
748214 632853
907679 444370
84856 145341
25708 805211
218569 738431
512248 605371
430865 969746
408694 934173
22642 780680
140239 397591
108678 267635
978681 930278
301694 139730
259912 565433
884624 603301
541725 225732
36650 590502
877273 245964
58986 820122
400854 940192
826842 449758
224488 632330
41219 268342
219140 152535
303524 454966
219998 316924
975834 36862
23994 231180
117527 267873
275756 687593
384821 918237
968427 211748
528936 245232
16309 884412
283854 968405
467298 581759
244080 483156
482577 841618
935633 413810
542231 496717
751088 609383
699943 804434
951891 926981
941768 672775
102708 999490
153141 988689
594464 911124
826341 528892
999985 385708
664266 201328
153949 798780
742922 272847
739412 268959
54894 870416
512918 45453
156946 489606
570494 756872
445066 496080
398841 758959
772972 128631
636546 381356
588086 967047
566801 809109
852326 495793
956776 288013
809365 975620
960062 387882
278595 53506
732910 815462
828094 334407
654616 353396
441051 97934
590159 541164
91202 752087
104053 622415
479632 500397
584685 455226
975108 383342
572144 449649
49536 858948
97163 637047
869598 302864
641533 745438
900997 439655
920482 690665
225497 888052
421949 209052
294210 139744
314151 516824
695074 463617
345728 188355
241090 743445
106501 131934
290787 689669
571196 223254
207080 793967
144026 476147
529257 785844
11801 23389
236370 363105
532241 21184
55698 713322
917318 264486
438400 714876
168148 22582
240665 864279
676886 572336
672908 380949
867592 497006
388293 248152
693264 444251
892823 27507
295397 246029
662472 644104
137921 934722
61879 517891
980781 39590
220021 584671
370881 858849
437877 696584
947216 377397
313709 14872
915585 462362
371437 507402
565606 909218
903011 577494
629189 694577
534839 580424
650663 298622
232660 820974
655557 867598
696646 355639
68850 16992
381062 355751
335884 348472
403186 446
316032 546115
395638 853018
507838 647057
15321 758223
358490 185584
837432 372390
166097 295392
765796 336036
394449 927639
938188 988186
421781 850405
425017 255160
782580 666871
959727 759372
336379 115376
108265 316869
198481 316989
385023 678066
386455 792143
502357 994909
286396 750183
48690 925423
424829 8966
364793 105846
496318 62631
421236 875600
687312 699750
349716 882922
163377 623465
504325 419477
558729 402799
859927 168104
95028 949133
161422 482730
974408 643049
906499 527840
364368 945461
122602 781185
692438 851646
164310 116825
822381 171726
592551 57992
130499 94014
306037 82087
350216 601440
571251 754975
547827 990028
36091 998906
944423 940214
776849 286535
373534 83852
645020 999058
209333 732632
997795 250361
505397 486830
98816 221894
235643 776552
562512 399586
899888 135726
53700 391323
485825 964591
832939 667208
644147 450971
479081 704365
212593 294362
78838 713862
15042 505651
302509 705462
706564 174987
17181 441498
181595 370403
25336 800682
738787 6452
100154 711021
168121 303838
625202 554127
120735 291034
691651 19038
7541 414718
29859 966701
846283 983521
812296 290865
437782 890590
936978 915351
533194 567810
498792 521780
490471 727311
864530 783794
500826 662794
450129 249546
851860 484420
443255 466843
633882 882673
65052 124878
488404 172249
195721 29422
986898 362679
637234 464338
682947 328724
217537 693194
439131 145663
315006 899662
134517 131521
332506 561390
820482 796618
133706 381534
185686 23905
653990 185956
910210 483406
461002 971697
24126 766165
494575 292280
685337 806804
343519 782628
749802 122446
326703 759179
965556 647932
6577 861813
528625 985885
943792 939717
492284 28072
686060 43725
340485 605404
463068 688856
478495 389583
853141 470501
995038 487438
512170 977846
835413 272346
627808 506631
423046 17001
894605 970849
428535 961520
839031 766707
94991 113403
457729 462807
479084 65583
406979 945847
344287 918461
348526 550022
653688 271798
911921 873088
366449 792852
235179 476976
837361 412626
430709 273842
74634 70552
167518 854514
434975 717493
707111 849348
975656 65234
575029 280394
2074 851269
553852 212998
192132 427554
348582 27637
52093 449056
211564 162881
72903 498119
663129 930273
845181 714045
812923 750212
877802 199265
705599 81394
270824 35436
939333 594086
387956 637182
694565 388135
80712 528348
28802 579187
934770 591007
504075 260275
1877 769676
909325 821245
201507 612513
93212 322165
411706 888316
748200 649896
192188 334354
200926 879280
38165 100927
924026 862179
465236 75445
380165 179447
79201 611992
257372 967393
13917 670380
348879 180198
781800 772944
376420 93673
209647 606301
337056 175313
275830 129951
485294 297873
193745 1939
104361 327778
566553 709043
155189 22381
694802 559536
799135 708654
319812 867083
355396 120539
356758 670701
281185 6597
680391 416594
89644 530884
168578 609434
182081 763310
432070 149268
227990 83536
258262 649435
322544 850377
505342 217914
867808 881298
257493 942995
561134 405506
149622 109159
61044 886252
915906 394061
475906 665378
281922 842928
368459 358808
73859 130965
166211 683655
625817 851805
32457 271465
274228 278252
405459 915031
398092 333795
949584 92460
751538 850377
499548 150658
641149 839462
918159 357060
115731 925471
398096 574522
607274 256998
209993 123639
160483 417174
612967 467961
114620 190394
375552 597703
451160 823568
783776 531580
214598 392124
973854 999216
13653 522719
69452 640341
427768 64257
739594 667001
945859 521083
86015 928455
902914 854676
805394 494823
99845 277391
171975 202775
757570 721466
660446 487605
127630 565789
482983 970650
400442 793641
927663 818667
715045 999861
62179 503163
95732 953289
165787 69797
107749 674706
656072 250198
481558 798375
906790 627548
114634 843197
485595 167343
834109 887495
273039 241143
852307 295934
813723 92131
889199 773780
856848 188067
73330 867579
822904 110615
930999 103963
521731 60267
6661 781120
900534 350330
139397 666373
352584 796831
711872 754766
86648 351316
734399 108670
25127 679630
376847 526068
775242 734339
855202 471559
720281 185885
261598 988125
518228 769886
176782 375320
135791 371797
940300 138293
554742 650215
484489 494245
953402 182374
828977 233603
972024 916962
859697 277917
845187 485222
855456 978680
516145 314742
330991 854021
657499 767251
908013 832868
909720 372153
654623 914713
989182 7919
807113 230413
785586 950747
61436 553539
586862 469753
609195 695230
362435 373026
803348 380254
351338 504891
4642 450406
282518 566536
172675 404177
860020 453697
299308 551732
720204 335682
526214 509423
123905 528740
249136 253435
387360 344322
572163 247484
499156 619867
329451 25463
180317 319933
169686 943086
274727 877035
187510 61929
553368 988358
592489 143256
348499 718793
330863 116155
491550 195790
295760 454846
545364 915405
959662 148768
531389 31511
517313 902824
89666 624523
551892 839025
96233 678817
504250 880598
229925 902567
999954 147347
550175 993823
29921 149440
643718 44901
211342 226482
74932 810962
408416 134893
233530 28411
340045 953500
311275 912415
794304 821955
363038 65814
239899 421025
831096 768254
791666 84161
592095 493131
520903 389027
21728 761375
589654 935724
963614 684374
823958 589221
166181 417094
715898 869762
485302 790478
465085 83753
928783 504712
876698 303339
234310 690212
762296 590947
871785 544821
776441 666240
188712 470088
406775 320255
65918 107528
471414 374580
797972 353457
27386 893914
950032 102217
231029 859764
363069 38510
442331 474758
68693 350764
26156 527131
32131 682829
827973 544635
993738 220978
927461 185102
954361 293700
395652 209211
190702 874908
731041 320479
323070 624266
878619 468736
699948 465277
737415 154071
954556 92820
547816 805367
96081 312348
458774 122917
772668 908459
287384 458326
155153 777390
904123 143316
69784 57562
385579 311128
358052 582195
834275 571854
259168 305860
617204 437081
72425 734751
926615 859584
287596 375595
330354 868381
716404 726162
691990 371378
653763 674770
313802 646119
605545 556610
898638 684131
840256 377781
911423 961306
992248 965227
922788 30971
43254 134279
37595 436973
361603 114859
380851 846914
705094 337003
408475 753945
657759 863345
679928 851812
305847 548565
45705 448538
123990 961182
655400 534172
385699 774302
904262 429055
475086 955548
262305 905597
477203 966693
336460 617945
487926 296485
255055 612855
581904 556280
620330 13654
720029 719255
960286 593663
832788 923627
626600 909057
844702 518503
261582 517282
809243 498114
306263 251556
846277 3587
853991 950529
738503 653443
746329 897831
786266 36636
474118 959282
203509 279172
249466 630502
924853 842305
981642 772873
530321 399441
709444 150417
190460 795009
596967 536107
299665 981224
324818 689796
694473 671843
929204 452734
57208 78341
876009 247081
378257 310372
483065 277863
207758 149747
688300 645669
666794 349832
518738 924990
803765 368293
497555 11998
61165 777621
612256 256214
532159 87232
217488 837832
128562 659083
131999 19110
691710 993866
801770 128475
89494 861469
489961 472396
826338 192520
20923 974613
370883 427953
293797 368521
627847 464180
75622 992084
915900 936199
591880 467936
716462 821549
661093 48229
203411 137822
720606 682661
216472 452068
965079 767486
780083 293599
429220 502802
846418 780678
410681 333842
203218 425242
438838 34353
100046 889564
606550 935940
864942 122222
647998 566923
611123 823261
344468 406185
348111 275191
794081 516424
43338 277992
214108 946598
833038 535890
698228 280036
482097 625298
105359 869773
102991 810626
997000 96578
895215 503968
355979 176975
365657 685850
410596 167442
97897 203972
530079 890454
630959 84643
143726 88165
473375 900609
594157 804395
211695 559302
990432 829969
388528 381348
476915 187459
409997 234814
606313 149232
981275 814200
546002 421549
138600 476432
651625 853168
937250 363747
305977 846029
70055 548346
186506 741845
803624 1330
395889 280658
911056 682173
291947 714200
637892 742213
851797 28063
896808 599875
926782 874241
482052 385890
980576 390942
89098 951646
371579 131900
131833 469371
959218 309861
207852 30187
821519 900256
883941 313493
181652 445188
513077 647783
643255 521998
249261 583048
321633 683410
852183 983261
153600 23314
492896 831421
827681 292144
649791 214500
690386 914143
322805 87223
279083 605486
341587 65779
845986 314357
332053 585457
97709 708576
222213 26918
14613 182255
540712 981259
768954 535757
992358 601593
49435 852414
143159 522225
752027 560535
503704 985292
342843 562898
329080 456336
460815 250028
524037 414432
333794 219545
923824 538482
276835 887073
422626 119367
198769 633931
227683 599722
339980 313370
832853 438672
806834 513678
558253 684632
827204 534349
725805 429305
147223 549072
981557 152854
129807 391210
51438 10484
562225 890135
351607 510446
900180 971588
486216 329529
867089 764885
456936 538273
335389 778203
253880 254398
268609 512267
236682 952068
460128 176748
246541 571363
138467 614424
43107 184195
105120 359969
287812 504154
194335 282835
148510 548524
671920 339935
19659 76841
809473 751132
841975 548684
633910 922994
779239 863791
555983 525204
671586 568880
343490 72371
341039 678292
415917 688270
92529 629764
234797 249506
159947 129899
139088 126413
710719 334887
795761 248220
630919 271838
942440 635774
115881 151890
32586 640400
484068 671129
788039 213082
585624 930696
44110 401971
150899 122123
970351 726187
584520 453542
563926 863098
447068 215117
697940 144458
922003 67198
528904 77781
924497 776663
930736 882384
906097 622201
845434 91356
136148 733671
244839 466815
183979 757864
483473 422698
452650 977054
769940 369234
523661 501640
750240 498850
245049 364903
814871 459053
600395 54681
603591 516636
860919 912221
443146 683235
200770 942769
382547 270820
368153 985956
682984 247108
731244 714645
994153 544170
197024 25127
546701 677989
66042 463682
370340 791377
352398 758542
773923 50216
828118 6007
581589 791973
855964 556866
865718 255202
701390 735625
469085 1397
587123 756601
795702 115344
113214 716632
194157 26132
113880 72592
267770 528544
973747 312891
474006 866072
67846 164039
576879 438035
749265 655832
662037 787016
483261 139752
125588 238571
821981 33178
944115 565464
625996 256431
405522 308796
188381 519828
46513 948719
352093 281626
986495 931861
976544 400465
677647 995741
527707 802248
247537 979499
759946 14534
802049 233410
876883 771948
61533 762588
938669 690187
986139 278557
849973 678955
152183 631843
639679 541755
783574 397873
304777 40251
148770 221901
287924 326241
686828 786418
882700 16016
494547 699319
714175 512181
386112 987124
61502 794617
895407 956016
880033 14385
400474 454730
890800 66347
247006 363506
770695 417998
291019 750635
33525 329844
271466 115037
873536 206514
976663 455274
288218 868682
303213 203600
449437 463374
520180 216939
335501 862017
719940 226674
917495 341396
37259 776790
545484 719158
788023 998885
969022 5169
225101 879670
581165 871510
4632 265208
130578 971485
592822 600480
430197 968791
294335 850848
697583 953874
119212 958191
382034 255772
51595 674036
930565 995689
439473 213784
961656 469349
545605 746100
452742 585534
721764 472004
338041 998859
449377 115877
328730 335848
31414 940031
199334 831155
26894 505728
151273 242501
213898 540351
929502 172576
226464 661815
48415 28559
831046 665441
514240 869888
168364 810502
132334 469683
784911 699095
983913 127502
727040 720407
216215 461242
193284 171780
175842 647146
402139 250737
486672 941747
801274 84969
836153 940797
480414 286536
595900 658905
105661 778338
85147 979922
36241 108734
709038 841121
450313 219444
534020 391571
96230 711836
201798 839676
551371 300615
886863 375243
515890 756572
48558 304395
314618 578923
86161 869953
428105 203054
119119 320012
350275 93344
317108 208148
978043 600247
366122 357218
459691 889600
8986 317036
770485 768343
155478 140101
238695 370888
79301 190910
692123 156653
139956 224386
464907 279689
326756 697516
867959 944485
520326 968643
962676 273837
253547 315007
633847 793687
392206 69562
956522 385104
60465 357021
407958 463271
330969 295675
359810 240580
367103 987787
69466 324423
40103 613918
928944 566967
527077 100791
255730 99389
707697 621527
543731 6734
679801 486759
914999 961902
613211 67251
203292 474064
972140 541828
234237 788678
816708 948387
23788 97524
792659 795951
119758 774379
412772 226604
361148 603793
89286 879048
334122 837815
68581 779420
420968 986067
118702 858823
547342 133650
379961 551956
210540 557999
333703 255371
106799 857897
969414 465546
948370 332429
10318 469453
302145 276009
970944 134938
48580 976234
878224 590242
423413 354595
930127 601009
775426 284219
375068 122076
300314 927410
792314 238695
689741 852420
780374 282681
594233 299907
932598 645711
149042 620056
656287 282037
333272 192728
526045 332817
100089 273396
895142 626884
787296 654041
191543 903257
296465 220558
813654 26019
332359 474386
387751 588922
867421 528977
556940 134610
879017 351950
927488 377601
41622 796867
239694 861726
245220 769524
677109 534433
180365 28464
322948 796049
193081 98986
697757 928376
442785 591999
117642 326462
389801 342581
542894 470123
896099 665259
690151 446461
560409 247783
453465 705147
36301 489847
462751 655153
775752 401487
717366 576274
674127 485248
87495 704339
956922 758980
731487 301244
488967 874941
724866 76099
351617 226039
236394 856718
483482 618589
437374 191010
781922 839529
755881 110029
793117 435579
362805 202167
734826 733002
340346 598831
170779 157
899163 804124
640164 407134
819322 732693
375478 598147
290569 871994
857810 869322
973115 496837
403900 522411
388063 243321
625748 399860
346728 972487
408835 384340
826618 842384
750280 967341
816746 652791
306163 417222
597337 531163
636864 48415
318679 152221
893730 614563
899293 475214
78632 765237
223292 156230
694506 279713
82530 218895
857233 988604
761610 680736
825787 84400
46615 76465
109755 114091
965223 320978
796782 376098
654261 52265
404201 157819
434788 178176
315696 927830
550627 312237
924158 764930
830831 199566
952023 635866
84499 749219
377727 790018
472481 144484
771671 680452
197242 475061
356417 540317
657522 717272
73393 647821
829554 745935
762525 544021
49165 16893
360173 754208
696838 946534
157677 927577
315972 358979
180279 617488
374004 475944
166199 426731
13210 828969
503835 402071
536317 98694
718464 123646
907516 609404
70182 427939
732065 820834
657995 781723
725539 81669
407127 153704
936217 397423
687820 285731
848862 7202
329896 89485
822644 16449
974886 569882
422632 286321
627698 924629
808087 56686
443175 413319
874519 723234
728147 263492
330130 909745
503091 645644
470900 574369
339148 374921
250422 207540
20589 191991
680179 66183
475081 773084
34475 983140
513799 716528
803350 820389
57773 855450
923334 563924
753120 663994
174925 885142
271588 439525
75843 444974
332165 646248
233460 7676
375405 505932
655061 478105
540364 691544
179407 781279
188653 70583
611223 294570
115734 63223
813942 504515
370745 703581
761138 103425
542199 161502
140218 805430
552487 356189
918782 404426
218851 29039
258023 532893
46448 368085
246765 937684
686094 857281
282494 821513
471614 282088
793744 950575
10898 158236
210283 521247
826885 731172
864984 896567
860701 46072
492746 113812
108262 192566
599166 620267
244937 562070
228910 722722
994153 737546
116609 694929
180945 32916
367807 9468
287944 798623
256423 11992
732731 692617
959049 176895
981587 190684
661225 11925
529206 670349
639833 666108
650935 499522
724431 181737
464506 996404
504716 494154
657650 270563
433019 603493
400540 771654
486144 741745
749715 352317
738644 589835
536491 38185
767835 29331
807215 146162
711295 979357
508906 145871
270176 340900
174590 644294
335803 453399
343602 171531
6614 404495
184779 876572
99699 921961
213721 649268
433480 213517
820673 581567
736991 928145
232146 152470
271056 448257
161865 90734
475310 565090
993772 937864
654685 879082
973779 160977
783194 611463
646522 768392
441867 719337
534845 966908
933362 386407
115155 721010
195601 248701
601071 256841
601338 159003
299771 933069
626736 54865
46705 602273
461618 853379
231536 781686
807581 387951
496508 365640
797287 746240
351624 502238
424421 922163
910044 312967
49362 72455
684799 869329
948044 556799
862119 984685
438274 119510
188561 279715
698914 381537
177380 220645
657931 498624
558352 523411
504646 727681
27847 496308
494900 469565
70760 79452
514626 20386
946583 986498
6806 233058
170832 943366
326062 872102
736554 899124
555498 865655
733770 724962
487441 70422
233769 895707
45842 950455
975355 346392
370931 797057
890373 778762
756853 670847
887683 149596
87982 423249
957024 733644
789587 704225
526507 416726
59897 725504
88198 406093
986122 301724
856508 492738
570685 755690
974560 653301
512155 671720
2516 812656
735616 737954
44969 966691
462526 885273
233812 482618
365362 129555
352666 168813
569790 743733
785980 662769
607359 835508
185366 860644
93780 171878
275329 855163
515848 901354
888212 894973
787004 528940
355649 580016
672815 620542
504927 133217
16171 865855
117219 306861
287057 934476
174576 79510
135648 406150
445981 123475
521786 666539
195332 103855
81218 562042
148774 334606
68578 312261
600091 715398
588809 765509
845778 601091
33037 627407
837991 502678
236919 802954
307757 310235
24981 736508
692186 161775
34228 261476
770512 861583
782533 319667
937952 452871
430384 295336
162206 296641
275981 341695
508529 955609
590636 293497
482828 671465
263697 197145
560855 393065
929596 964831
919089 763641
590107 334780
426909 634371
108808 164460
600341 211199
541553 49759
330274 761635
346445 405576
207427 350546
208967 562388
494746 745142
60122 873419
549451 855667
430079 778499
926574 679690
586885 64829
317351 337660
154970 243438
652966 415618
1708 489242
405807 618524
261530 526975
269007 205997
376727 495282
206359 210088
140406 769322
638548 397129
88753 422515
740081 323776
776307 533273
484569 595342
734898 179381
403194 695952
470599 887456
659407 644946
736575 949396
123778 865664
637654 807330
20122 61121
413182 500840
379815 310848
48148 67177
908845 32675
85028 590122
35491 198867
820618 198027
786016 606810
749762 188263
293119 804486
913086 586208
395963 700965
963005 835256
910776 788162
467290 258555
566104 881253
291713 42824
508014 773672
163504 474656
164621 237885
552185 542872
172936 262676
72391 934796
796501 330811
273420 389332
958061 550285
455059 939651
531314 153494
710270 923588
408340 635783
794702 670921
388174 8037
930438 596625
329388 844851
794345 270548
108702 460216
123487 591337
822387 266401
903210 924532
972261 115697
124048 107819
342154 121343
941761 349747
30455 665601
699839 479298
228200 606229
291641 546703
900584 146996
285125 901426
931371 638027
474986 126127
988083 506012
120581 670381
962507 424367
227421 734674
60051 873193
606056 968469
143672 813130
284887 297388
448409 784893
838606 724148
28914 923260
299479 593236
505277 439368
33974 214423
948609 975277
780454 63787
7584 850413
22050 597797
560306 208183
174010 632038
510759 769168
138980 613844
37411 398204
44255 651996
388687 431083
646417 274578
678124 796487
698205 430273
862579 367615
297424 592595
836905 243876
243356 742444
352776 579620
444289 533424
90907 391905
210748 538389
920395 967298
145575 354062
399176 288284
195167 880835
499257 39692
879093 859063
597765 175326
458116 793640
762513 128985
471348 761049
984433 776117
735580 520465
582896 863665
26976 945400
933254 742300
541690 448238
646827 45988
312789 377521
672221 156400
762777 317642
411585 154657
703922 801066
894696 260106
905461 851560
423010 193228
982762 165965
564111 751080
676350 592314
559785 486077
29971 14260
929557 129276
503068 400695
94378 586805
622963 323344
500265 314070
976674 911491
72229 445146
596909 101657
851248 576684
159612 168696
992203 677411
408379 605029
465087 711954
850614 149519
487950 155804
529754 555214
184878 549580
895377 932832
750698 523359
816281 373274
685832 515544
78035 393656
45354 182441
804737 280526
669793 415717
492195 681680
601912 69913
849689 480234
303835 347713
608013 626416
862227 373874
969698 39280
472371 814463
745950 956918
28942 867196
88070 376364
187612 659680
324919 885693
836577 498040
583747 88372
293018 550582
415069 574419
517976 993032
310342 915211
516752 148249
10859 26397
874631 729749
585902 105324
318951 725361
557422 366622
509575 156378
898464 393621
764859 514506
382017 527004
773738 318368
207133 411837
288080 706798
70548 55441
156387 401636
164893 847147
392841 272202
108784 229306
507686 789563
947786 606582
26616 128149
975172 307099
375806 524591
826230 963063
420298 590482
749649 233558
148094 876845
745099 390501
358266 69209
902835 802840
407080 804198
599451 748456
286264 33619
188017 2153
830190 476549
100150 63983
850187 625069
583722 402600
119212 862688
36366 885682
958913 282000
893771 373616
462514 65523
770681 448326
257051 91492
519828 153342
570765 603867
504763 264656
970715 200166
974142 405070
45576 502239
895272 210125
780849 861219
872645 55111
895943 753141
228944 72307
982430 669960
686512 630943
692825 238931
20917 187802
57651 118665
313480 235924
312404 846455
765984 695898
24461 850981
755665 534271
617770 220115
617218 125171
294589 26405
645927 490356
99334 275838
620612 459626
570945 444587
651433 441958
552752 17572
852221 225706
875377 727853
198318 947059
161901 186161
796064 429359
740369 680440
224219 457865
720093 567913
948863 545032
694382 59652
63845 280698
155567 640033
833461 635274
281267 997434
842060 20
690403 463410
356931 688934
546701 1142
421888 373521
179739 877826
879399 469217
282752 596148
464809 466522
531175 104860
394199 509206
168066 74352
687109 46523
283511 707561
810593 568713
848527 670741
47620 655802
471343 988662
464465 773455
525228 858167
490271 174750
866386 860461
334732 451948
675248 412336
904935 833460
991369 208409
270921 831163
284283 626088
793479 214643
688610 268549
109122 272918
289558 965463
77897 932361
451274 655891
829683 568767
933585 720734
914567 396794
136139 480753
318517 998879
734528 999541
680369 525942
540816 79098
732859 388245
319364 53432
578317 754435
118873 58191
89626 416200
716672 45465
515114 931070
634758 388113
589523 237845
696082 879662
105628 6048
619534 172563
309233 767129
344916 818371
808314 8709
598714 662264
987001 765626
333925 232154
968902 768482
671494 784769
133146 699043
385252 352628
72603 383441
324645 678654
79887 361428
564957 387843
793368 773271
572426 880075
821728 590840
639653 237157
998163 44258
791696 877293
85760 363616
490608 922058
52272 524335
789204 200351
740614 503046
688651 357716
505161 667734
368818 874880
324984 483068
301065 507961
705388 201180
556197 904172
238333 892048
991848 793676
607045 945909
703465 122072
440986 745380
65041 912678
476301 726404
590946 942690
239207 866880
207545 513932
854032 717692
700506 353156
498822 410337
187220 287043
288955 621770
831030 743081
617577 446169
213592 430259
771359 81558
397782 753705
571092 808454
256017 158081
645938 747617
255123 560175
337268 628107
596094 227772
950514 828356
608863 824321
257114 715227
595827 555572
298683 927052
566871 415104
46120 183829
288500 303230
273395 3365
44992 39013
430497 145556
597708 357877
162602 159083
586577 132476
943615 52429
732997 448714
24466 579490
43721 241967
86537 261950
824620 679291
600728 153373
761087 70432
204063 14425
118210 92789
564800 740086
958436 382744
892765 587646
245289 574508
451127 137967
613845 528265
292471 135019
276248 566441
875598 668168
612818 290746
447283 46660
987358 656586
702184 571290
42919 782278
68554 272759
85520 419739
483432 266319
922335 392113
756769 218652
47884 461486
264511 245842
228059 379141
473019 110747
864960 166838
193275 308069
732463 317831
35723 631378
303843 863792
272291 960736
503635 359694
871359 572811
747644 529773
69429 154089
533514 749158
507119 527459
419166 670312
902973 108476
6288 291833
505058 393152
262463 868612
816598 448084
774673 312349
537592 150069
430068 387608
565968 511872
658075 326837
268869 682309
477823 33281
935533 41180
690082 681019
406890 305138
309537 58875
563187 176723
379474 871811
556268 835696
588263 615889
770087 312498
998145 660921
523601 656060
491856 481936
928051 752852
466414 568306
364962 272396
783968 390515
626629 556305
485641 307794
130866 150742
974163 689783
991158 36818
235487 429779
777752 356986
43473 506427
425656 264160
978246 204948
140920 371933
952460 593785
7633 561738
364060 689981
227327 160286
306066 24586
864263 571771
776381 882574
317609 913619
261245 321937
842551 35828
239549 811048
130364 941242
56435 744565
941878 369405
944848 122648
92566 689926
51683 431789
410321 806446
439656 342886
117923 804726
454817 832154
716772 388984
865405 973505
935470 431464
234064 39233
609738 64156
2121 452169
205907 481789
464896 854389
945617 125707
36786 592727
344458 614737
833324 963930
128739 74681
870661 596481
358162 361098
899029 180289
580187 316416
516659 407031
606217 60549
416362 250132
760643 85683
431105 862982
351767 514731
411778 963750
192628 702322
283433 39529
742166 459880
94782 121100
410761 808267
751634 598778
712890 939537
833170 587303
816639 403577
251512 262569
19707 535769
338280 192549
445586 56330
333711 744155
36649 360226
298818 414740
214074 324398
718861 42443
297527 550084
708962 322208
763923 279475
739394 489471
12533 37997
450195 194530
330483 151119
31420 287793
603717 341938
551631 332669
766412 443990
235276 928753
266675 495865
542073 26912
510012 660087
479187 78616
169647 509936
388003 316407
249889 100516
802890 954619
636341 367518
644136 172138
768479 145433
336792 571005
789317 520741
733781 280889
525248 907959
249064 773459
123890 905540
879241 684481
819088 172636
22449 927349
545456 129925
93958 391023
826270 761839
699065 401203
627230 989225
55198 517730
704014 105740
55734 28667
587264 595402
228232 495164
454370 102121
627250 604741
762365 832446
432245 416097
485360 864675
501215 167203
737289 205546
239486 655610
497059 939042
334452 929395
34978 808424
947367 197219
840219 146887
864650 613398
815230 241115
389084 534230
344934 228403
666761 70567
998579 541438
875976 172558
672866 959101
105085 127232
772140 521180
959247 98889
570875 855465
443315 886366
6893 464876
374576 321992
721081 380387
276785 872104
161968 352544
322483 56724
362100 975201
772566 233662
870666 51234
237120 675357
287780 911181
165585 735198
149566 574592
67015 945725
860702 265955
869838 922491
748956 489188
498414 744542
132072 286790
278591 312351
904417 730765
238803 157648
142611 271736
655632 616914
930495 209510
22531 358370
972920 61810
976617 587034
132237 62496
630306 583932
965230 991405
135627 904903
637328 752059
677994 108242
913296 395395
25631 126935
166430 65192
554323 540110
928217 734844
69501 665912
590596 353025
646546 869143
54168 701099
350111 173821
488767 387398
3551 64567
608889 2608
264515 804649
320719 633087
547168 267150
553269 242778
63115 955293
358665 329471
431009 716416
419303 337653
846704 625924
610658 977955
610911 80125
85820 676810
329084 544017
65139 943745
545394 135466
621033 197768
680765 871045
246466 482136
478488 746398
619508 443267
977207 818797
893696 419096
821190 321482
132646 43294
689429 688029
310414 49597
372165 445488
827280 916896
861716 321832
219534 363289
338893 449778
74883 945147
459049 240209
643566 133330
813376 525530
493373 624648
924385 631553
490391 18721
627860 977867
916443 473656
334099 583106
356213 745299
364200 355962
788342 287296
139939 524058
68161 414091
424209 792418
728697 712102
757292 27270
830714 657546
711425 725789
909542 195550
956785 859424
411459 1834
256998 763759
984679 378801
690405 556276
89433 681326
234578 701829
421511 875614
280845 473651
174911 472916
215465 154085
65622 263179
290056 754283
272077 995939
428012 361033
349520 789870
576649 356979
226933 858454
153356 34696
606254 533345
432668 516609
631507 490875
137043 103580
502358 842829
861224 413005
279304 239316
943461 957724
223707 565955
22647 291406
361304 911969
509973 256710
769398 994517
278861 509540
343167 957737
178052 343616
516510 981784
181505 576361
856062 366390
943211 256481
529285 504129
242522 607732
693390 35698
720652 3029
30896 429349
145506 310407
104600 725248
829139 700102
509772 517307
794436 852018
603613 838026
424273 315472
459124 524386
449948 867886
49326 254475
615654 855412
230816 245114
505297 940928
44703 519356
858519 477172
243651 516382
936415 750020
378916 921759
50868 434289
498025 912962
972757 685449
971658 725011
268784 869798
865941 212859
271946 97459
803273 580243
432213 251815
890300 265185
924574 872005
374906 613836
854940 206875
434243 458074
135581 954483
425785 746007
825422 703871
929440 407517
144318 692461
683667 247809
539897 246029
884750 115035
498367 393349
726606 452574
910802 544055
204035 873116
912499 943216
318631 445473
131303 261309
72640 366065
179788 508182
906092 390709
879617 434386
6255 931952
651734 269634
517962 359392
503823 772554
252872 528981
290522 759801
926810 747121
593408 4187
816335 647185
926440 727412
231537 187335
803755 854975
599822 954632
974239 235892
420845 451453
187306 845718
383733 666508
606189 432922
502147 53676
296281 983092
231640 348731
518994 995201
196861 861410
944003 463368
817859 813692
11780 203541
888987 617313
383046 686280
637300 9713
169788 300486
694637 285050
34830 409919
282426 266875
986759 386285
652720 17902
306463 731942
340287 905239
980878 551235
317739 824216
819785 454383
230497 657092
776823 713200
840054 355708
93562 816053
820218 778959
852295 190716
125399 167815
228169 618981
672380 253879
343559 433179
77766 421671
101396 252711
108866 788462
507704 861629
237772 419937
808646 329685
643181 48128
521486 250272
742621 792832
64051 604585
478516 330093
60295 497283
310243 884123
786195 24373
44487 840666
123938 191781
410479 425761
684426 814634
565112 630190
837144 568861
117712 666888
632800 274382
22668 393772
940896 170153
196077 81749
994747 191628
286601 241754
618984 797927
886649 198658
803504 214138
335513 938065
838451 778289
932288 469997
35842 950537
579386 956888
950263 94039
445875 807365
362700 157821
111223 409175
339959 194692
136714 607224
838528 155535
660620 191141
863804 771715
491456 563608
112336 136117
521353 309348
824080 835441
918541 751057
938878 604216
249191 470076
578365 595789
834774 279209
754297 713219
886726 530716
845918 783665
936158 614608
14905 421555
941621 436936
427170 379957
579412 176995
429791 411140
990738 990869
740663 895645
93215 915673
137015 443428
87892 845098
254199 498900
155049 636600
988068 884821
617831 467708
463128 828869
786293 669390
416614 788933
455688 646859
855516 334695
664624 625973
315986 777073
266054 794505
110928 186131
291721 596718
421784 800053
615646 74560
913358 612278
438376 594703
970108 601826
764720 414549
419297 73372
265179 520816
599298 794295
80296 129459
666194 85125
441950 466121
635858 418008
752307 799789
707512 226
480460 393268
675454 128915
972556 188462
825959 91025
950119 629662
802122 842930
704857 589835
899097 588176
584773 815531
67854 121984
952224 469242
265630 580379
556792 509754
167914 770609
843478 66751
595585 802129
906750 142315
806166 414507
498309 89594
517731 756033
696189 392368
882286 473703
165390 236325
541056 460078
820735 499951
120939 792163
689029 610983
170607 914505
334232 20095
852373 694518
527587 584682
861311 110597
343290 409615
65273 507703
861537 264083
223907 836511
879821 210110
208652 758031
563402 682839
92469 860
996584 292885
398580 659060
143933 459770
344707 983712
368003 913823
259454 803855
575672 135332
236760 798806
544960 709005
555704 320087
246774 672668
141319 537283
795349 426700
390782 669125
766446 808034
714787 455352
217127 886523
332560 753193
266123 387561
240502 122898
629995 878243
125291 483352
412697 217573
170848 271877
877967 847687
781620 993204
209734 194588
450765 272021
83415 896903
205426 15148
766350 457075
331386 365730
179427 696417
315889 221584
493932 283896
540427 376040
112541 240581
650272 594778
149568 217920
183026 663493
108528 514385
463493 872693
388646 996041
18854 737672
612539 367669
472933 118308
387247 501110
486100 184317
96193 931127
366531 25458
171040 165025
817810 346654
902294 791564
495480 415850
35942 243420
807466 947439
950773 16170
667092 624883
142628 253276
738015 401001
352018 262927
677175 334924
719534 186657
498488 388846
431586 654112
769340 518429
653428 528197
155046 421921
350279 498908
745363 583179
533124 175136
451626 731407
209021 74552
735625 475254
665791 891309
761545 322946
120883 419616
602632 919260
421798 819988
633660 200433
143291 434486
692160 6025
577849 938270
595988 811023
414872 851413
95570 683850
2440 544359
652942 60964
677354 842465
588193 472558
694418 604144
859221 861811
290514 762072
123036 881360
933570 366928
23131 272684
242509 290110
522453 271488
706957 102222
459482 505539
750657 170225
569367 50119
184987 736518
640269 664009
254465 363548
859781 917073
35298 355414
512839 728985
962944 394767
834447 307352
679811 103698
266708 408576
631961 158797
779445 584603
873749 959517
791751 356593
782237 108850
836960 133719
970525 830099
413745 655356
245100 577015
703351 653009
271772 688913
756386 973278
688349 993141
600083 294085
935081 942587
455567 471164
952188 85196
934704 540506
223858 613395
794926 757560
786204 655124
422863 501434
30735 168613
397438 19360
400393 189417
834346 518591
604733 660094
142245 484955
887234 88163
209001 601631
122419 318300
112835 592106
464734 382080
677823 178814
131652 70382
338803 727475
336566 786051
254985 314987
309522 75609
72193 49410
59036 340628
997157 373163
361836 6480
627702 161255
964043 416690
736490 342650
646833 772127
972962 404415
196459 337902
194010 339672
215856 322649
927192 454494
138113 905282
702748 428526
267520 297622
748678 715704
703329 552962
89017 21331
183270 409529
142457 199592
474027 930897
767846 668637
506788 375538
555706 246408
322622 683534
182440 746539
921403 492896
3117 568840
878627 559212
71007 982664
467164 780860
465450 108135
341810 189380
823545 674982
225435 562924
130875 659202
1289 32554
216977 382443
446836 887909
410608 76603
542534 916932
933394 113934
449849 237731
624479 330710
651494 730608
414946 58462
340507 625881
64418 503864
363417 395185
128165 518274
944663 619388
820199 28662
946361 158911
289425 10181
559033 756197
49852 876674
895503 666356
252475 346022
639871 888605
914324 334430
575718 936120
636630 728165
670005 291417
123235 875675
225766 318346
118800 313689
300375 673586
971457 900572
933898 318938
133995 250885
581126 980005
626089 194581
567751 628251
60498 719067
976362 51548
523227 655454
374598 516928
797864 84675
260006 912069
109697 578876
399899 856665
21399 538759
571256 674571
408059 267114
314007 841544
137920 20469
941134 600975
424108 476339
61572 907271
251313 17793
670407 867513
437143 59933
540815 77636
131728 938499
915853 290915
308106 412612
767424 488688
581453 142238
242463 653932
67004 274896
879748 367167
110096 579188
452941 564449
584552 799029
638016 870668
791323 788872
188242 859642
774005 905214
974407 144321
260590 786344
705750 424795
960143 412116
454205 523948
664077 117009
732990 72335
289319 569723
789943 586358
635936 840010
827359 699373
698300 195427
243776 113770
890612 579543
127233 722951
440077 842899
707958 100054
785513 92109
879200 968697
472019 943811
877577 904315
856162 969762
677515 682318
462106 745876
837433 978851
652836 819572
918701 426402
163288 99260
683844 417645
152059 646460
992500 134822
171763 422671
258119 67271
825256 835634
695793 30944
878385 358862
714677 186246
829560 279498
288593 577500
109239 809475
661972 150164
676681 78884
626736 908166
98116 118080
714732 857516
740053 127690
375694 519571
119808 673498
110681 35189
22196 351421
799476 491084
597696 800988
194943 282712
35148 482325
424414 543564
477263 752613
842710 779677
120007 450759
610350 433425
864470 710345
338587 945281
496446 730240
881630 281122
107440 240163
614290 971470
581066 996252
40760 56196
160728 893128
416182 336334
798553 992614
934351 306441
709625 568347
10778 944650
325679 957643
210308 370050
205708 839212
180098 897310
103834 189457
517227 691465
898609 222974
