100 5 5153
183179 899376 3
331789 370395 4
812190 679991 4
829227 38406 2
719694 356440 5
975145 405616 4
629042 400629 5
836024 979766 5
396156 550966 5
54838 65312 5
781355 493868 3
473963 581834 3
598594 247336 3
506110 649693 3
148938 936662 1
991069 725123 2
533544 721390 3
701522 109555 2
56328 774346 3
90636 226324 3
108255 622874 1
554903 758554 1
5173 607123 3
376985 192973 5
365578 823600 5
371221 126928 2
124576 215282 3
69844 951412 3
13108 986432 1
162844 257569 2
854516 610993 5
70084 265338 1
173714 815280 2
458811 508275 1
914425 236341 2
40310 346423 1
873223 235108 1
785601 804368 2
850270 455270 2
875669 24881 5
771981 517992 4
246152 399651 1
1148 987088 5
506118 312743 2
419718 380569 3
391170 640472 3
952043 353493 3
1986 358759 3
873506 387163 1
350682 215822 2
657251 897762 4
357549 396612 1
4394 49070 5
947951 899065 5
395746 857926 5
246572 408081 3
75862 12070 2
121700 236437 2
96488 973238 1
718893 28773 4
585693 28615 4
173501 640108 5
781984 430448 4
799934 870113 5
891998 37516 1
144732 310422 1
461081 392892 4
507677 129974 4
343715 816542 1
759204 928147 4
497736 933478 1
927467 722289 2
875715 67596 4
106273 576784 4
199756 270076 3
499331 55323 4
845370 698798 3
857938 754303 5
252185 199657 4
106391 463226 3
155516 485060 5
849104 239913 5
729701 832816 4
592077 290984 4
202279 465458 3
45348 342426 4
299696 528147 4
539896 644587 5
750554 275480 4
114668 59676 2
643872 89728 4
234373 376244 5
325637 429381 5
128531 952538 3
222070 510772 4
178542 634331 5
141991 922256 3
33639 321915 2
785178 303480 5
493612 693642 1
431 521422
291311 280774
702343 962100
774076 221440
158803 344034
25133 37289
980312 942978
746473 97915
530956 161766
392300 161387
32686 167086
122731 833765
614339 592759
44485 436564
79695 139552
663113 291622
75581 177479
483542 307686
870059 975364
796088 784603
277662 335952
304473 878402
708162 973510
391592 656916
376366 17341
442597 879521
38067 943002
324730 382355
414797 691045
969561 521340
150620 698752
974527 872192
504555 954166
480222 908653
757514 626097
607383 473414
487979 765641
292348 570563
869773 696125
655846 378972
452270 686054
223560 561684
918957 52885
773077 439877
545411 971203
288097 213536
584483 926406
96636 642733
600143 35681
754193 314390
40250 735493
640958 686500
108039 601347
554661 563972
127931 859595
484847 356876
434452 89864
76457 717456
93678 825469
374582 528674
528108 924197
739089 779439
146705 22112
991091 294471
118965 590674
797990 610046
475739 572603
489993 413324
713413 305457
682022 610798
605440 28322
795017 648183
400811 116599
353687 947502
301226 829105
878539 618733
863883 87064
383309 714248
15792 395542
334681 339813
647294 868892
895124 688966
545695 891991
540186 531643
975048 154880
170819 26385
988898 523272
169585 987689
57865 225020
644765 585258
400730 317085
481362 541154
836534 102710
937783 481378
127194 537763
702890 561996
918172 566946
85297 56634
207295 370225
968472 772499
143108 854651
158361 789987
188087 92518
624991 992133
926791 978048
911726 969558
253627 351797
57199 436849
77779 320540
60047 908422
517753 173598
147197 18105
925009 413850
12893 973579
648179 747477
314900 255529
284005 945546
125800 743933
181220 262150
449772 494987
420569 205922
730786 743906
667660 580124
705392 579728
933488 219362
858335 152501
733258 623508
901889 495874
196903 55725
601634 814045
365433 755415
768486 616331
815506 74700
191905 223732
143029 682184
448040 138992
965816 471961
115248 986010
794976 266081
33962 152313
164074 249253
762337 566660
215838 573762
322336 745931
846284 770290
100441 940454
74479 384511
577143 947394
108808 20617
683049 475480
89830 754438
842423 796975
511649 731191
445538 255115
812057 798140
787258 399426
255121 217269
746683 452419
485701 310768
842072 11845
8152 529584
470533 153343
9114 724432
874947 546585
809796 847478
269018 475846
171431 288352
619083 118710
571504 877582
718515 28049
375439 205964
796570 775924
428103 890453
885456 207698
991471 769774
944096 737355
271410 668682
295391 869877
677204 231241
258912 986661
471862 914773
993539 814172
78660 325982
257886 671214
724204 602661
510835 320983
759518 961123
925007 947705
860270 353481
331888 343445
447172 647150
846020 317795
674419 879946
571456 125626
760976 532396
63909 364878
115177 563647
265914 611967
889403 973074
261940 413526
694308 233248
676530 678569
296171 660860
398645 664843
297584 166701
997916 109040
937145 184675
297590 601497
124664 867469
910041 732957
745517 301463
139473 910973
380006 469482
271769 522963
851786 970268
324251 775757
788393 72820
823583 600225
90295 149492
160057 932395
746256 803918
11454 287672
765091 879547
422996 485840
419433 732073
781529 107157
264953 698005
62081 516014
516376 189635
877713 672082
997127 981446
409596 272408
219208 444961
377396 872691
564627 979549
318297 981017
479335 544842
45219 285812
582175 269003
927174 274034
517702 83295
629177 165778
974339 254698
374219 593255
118756 452388
938864 376083
487743 423387
884269 123979
553084 633897
965396 691210
966533 791128
739087 693749
794693 187691
118258 506843
373922 289257
724809 845345
684401 67974
120829 327362
801369 519361
251282 356123
226007 821632
463174 886473
199378 409942
288637 222061
34511 689944
131333 440719
680625 557499
352900 532739
890932 52719
568183 945359
228709 309445
184588 460907
188034 879182
231650 378125
217721 824732
667351 85742
759100 591099
99540 590440
837538 966940
402385 436692
482159 890180
426077 755949
172689 63389
437356 243234
786884 589163
498439 161863
238281 979913
617581 495218
153901 150565
148598 781635
233361 379194
119029 521559
715860 884876
334586 215480
938498 184368
502490 313453
928603 540214
932488 413099
262809 703000
652709 922977
402183 311583
929486 441862
664315 344764
85001 143887
398990 950357
819552 741518
357188 674423
315893 129506
777634 269203
731333 355914
197341 752097
506457 268341
328854 643054
570580 484828
424586 802963
781887 962994
519797 97883
299382 558703
334117 185508
206097 794715
185860 575245
181206 290453
100953 760455
541619 190808
539552 426540
388420 881633
158616 124039
853046 120644
437830 462149
96055 773661
175178 255129
207603 393502
219712 772163
796606 515824
36917 436124
200214 738358
754289 908258
995641 42867
624047 709767
474610 365149
592919 206129
18399 414178
808525 194774
731392 621654
208760 262696
616912 496986
852274 243415
306659 413317
738086 616545
908886 845750
445037 300564
501654 178656
785810 945490
880495 152366
599456 191597
974935 852912
86832 421591
274859 813662
126395 80168
160072 913257
657779 562692
839444 361152
482207 250596
568937 124580
880252 588568
113617 729355
80526 443209
195809 932677
695490 205531
991971 323661
370358 156595
702773 960548
927976 744440
505664 566327
251611 788442
403872 996422
833704 651486
308106 904098
559668 559606
13719 953497
961924 2269
812546 737759
48897 993055
969144 992617
977343 424896
2633 340247
950358 529860
500728 440372
465725 625774
526958 95728
373584 240152
667125 764898
130619 654764
417264 972203
976091 336013
447345 417923
925368 443588
248990 440230
720058 319114
38808 150022
653962 481069
536139 556453
294555 11106
410046 267848
786592 287555
924576 190615
761332 861775
972573 135541
575912 936792
617029 624298
43342 933029
136543 264437
497151 977946
14715 139095
759383 21408
407418 115490
17464 36510
317542 975635
993027 475110
483510 988542
467074 22155
624477 999224
247943 124232
241204 152755
82729 252081
674512 569315
570965 453332
836727 919916
266348 532583
30728 528008
143191 271005
504642 460439
651743 399113
432392 35970
910275 856088
327540 885746
402158 927159
130269 503499
672424 348983
425152 485237
104354 163302
151015 974960
211824 462256
262691 928427
810095 736647
488841 231335
959743 221168
753104 994222
46382 651900
932785 94763
872858 461084
625301 457232
981364 760095
85065 556897
882452 270094
909703 72176
11544 119662
392437 890108
903244 24714
473875 663128
871305 199669
804603 567381
3082 624020
305771 582929
745010 146155
180116 799166
507766 249099
297746 780437
201225 540349
328503 575382
958384 222484
771998 642025
972917 528476
297547 901532
624073 933822
900817 285938
767385 699711
701519 523197
953211 175616
811334 684289
260789 482506
447554 208612
351640 847578
852432 768536
455964 723279
662846 643502
200919 426731
220791 909187
780762 336629
744684 396575
339745 574018
187684 441772
62322 315394
341483 109289
49338 912413
344577 94472
726525 629252
515500 846322
8782 153243
670309 236051
151208 206139
502705 363392
916768 682671
69478 415972
398313 582130
520404 554319
215905 313825
551685 693650
525784 598176
381638 330252
530816 855059
243441 200335
34745 341619
380764 507605
55762 175743
365993 579401
449725 240556
989824 197366
98597 234203
291639 354365
709763 547987
107467 502510
708591 601490
537688 951690
22010 756535
527358 413169
285776 875664
279634 799883
932986 966535
13288 552130
219797 726269
6557 689241
340979 58429
834616 283879
834868 969600
607572 870083
3138 594682
988763 327365
392675 486429
682652 455621
100486 779061
416481 421471
944736 336812
460403 909480
133690 143020
373894 179469
154677 910371
107553 749883
711820 452087
885314 44584
307417 388192
231732 434461
517831 143774
424456 246986
591015 64827
445776 8821
100308 275960
449202 276609
588731 803417
681326 231452
543884 777500
249757 221051
998120 369596
165370 432499
417106 945093
232491 336758
739586 717414
580827 455229
372361 428942
271022 845374
375383 63258
816767 330221
429109 525764
984669 494437
754288 578356
464511 360732
304371 386966
758502 334630
974538 160634
582072 487380
990864 182536
810618 367059
216067 609713
397109 470685
824469 409355
885022 224869
345589 636078
885391 449587
276074 961236
49242 508875
327955 926606
901814 945105
881096 689988
301681 857464
359193 175532
168018 459017
994024 277727
565276 300774
122372 977120
344011 541092
456797 618858
358239 77892
785046 885578
839808 359368
990452 671438
254579 580409
699126 499017
788045 493110
216900 518287
67407 122278
983064 124849
353181 244691
208886 720453
581116 376579
725303 34578
166919 855002
125355 577883
738323 356041
586396 676487
98485 203341
452485 787969
614231 43836
675694 145961
491697 41665
852914 248227
701536 585726
843281 816727
323796 771287
333841 316729
95851 980921
659871 372609
600103 131467
582847 584655
748513 288711
261821 126506
813229 396227
871263 816495
117002 12225
703209 644622
275238 921843
73961 621407
191222 476440
388341 876425
2195 663669
786924 843522
241459 584184
87552 355074
949772 563221
987789 381209
936271 398825
347595 126558
322140 247654
901398 860123
19291 845525
902968 613203
618873 372307
366772 83080
997997 385586
613971 118306
765095 716279
186077 278391
766 633265
875375 883012
405014 843111
133626 78152
670390 722197
398476 810195
148862 642319
719037 78686
487334 43991
226772 636803
119406 44699
757581 447596
802569 957731
163284 293685
749781 629643
29201 633724
926187 996684
820545 735643
535368 206648
445891 342602
38804 849794
494993 360501
216353 173281
961352 961113
919517 206524
388546 401902
372774 912255
76476 868575
665713 655028
470109 505187
505005 574706
582078 832103
365926 851745
514128 18932
53392 661635
708981 776403
29773 999837
711604 353492
872091 1779
238799 674758
389523 849411
790555 750909
205102 445473
831077 350390
589882 118226
549618 412052
911109 407685
896265 429637
474184 157456
308737 622866
413825 674145
583326 864557
938598 596463
302404 264279
657959 195411
964953 257029
950648 98162
455690 819960
901891 315685
774294 810297
625750 373931
396306 344118
353649 300545
577897 155941
632153 2509
661712 470804
100472 877546
384238 390090
293062 269833
370027 955985
878044 205584
125487 986018
805421 922572
199466 391760
585194 935862
989167 651282
363607 552300
332827 480704
738951 733979
421195 587300
707824 317527
449299 126618
734398 562017
192756 827658
845547 345939
581115 99470
390729 81459
49536 120783
323254 312567
919973 437445
221841 760139
236127 760302
375885 126062
294991 245232
666294 705652
890644 562836
567875 128092
604757 127510
663648 588993
976810 614354
742433 873921
179851 721654
429361 400231
272407 465437
642477 270582
487665 827325
84036 122455
244392 315951
143864 959486
810878 859569
250885 21044
604939 794912
137623 28846
937901 146941
131679 829503
807716 318895
201175 793825
302840 787220
938743 516492
780825 709664
192323 417597
563870 996187
22061 956472
235581 586142
414022 105607
857481 36633
457618 339286
772254 634009
44264 441192
366083 333594
692767 612925
932646 158194
159800 756611
480245 651268
213489 412319
540078 899234
11648 654686
245693 757514
143316 826129
391983 774441
267937 639234
620306 872392
368685 732896
452113 507461
554515 283257
257300 584414
591178 475971
624201 517082
843554 896926
274582 875835
463655 616217
690062 606332
454642 122243
28309 376112
308701 560819
135115 488139
821642 76491
20327 613085
89368 445111
818593 302047
710169 843713
679052 111184
70 116960
283535 934329
620459 855690
170691 361421
769431 469482
31506 190252
111428 548403
798888 162090
685214 777766
634475 477054
664434 144004
766091 385384
975555 364761
642305 745541
34878 438223
710188 638287
282658 993794
812090 807863
529272 627937
298644 400103
234400 970225
195604 567168
192674 942958
87699 716047
289740 303469
302304 945222
860454 146719
615196 998178
557403 604362
428468 620236
421804 947888
921604 790876
990862 309841
516236 744395
677724 541430
503790 437056
336740 635368
964158 457170
332833 911761
236317 916168
718369 870614
406301 225308
29691 373567
431931 308965
993023 227478
12410 263970
98653 741613
622430 576919
354536 689862
676693 102526
5489 608321
636793 825283
644967 687444
917517 910160
242919 934910
433055 646700
261464 876649
705066 78934
947518 384114
505258 630537
690147 442527
203103 491371
579261 200264
920882 945877
227887 699412
868302 570826
44638 840946
753002 825517
750330 313863
646507 447185
592898 660808
678052 299222
92767 759383
590507 593082
897878 234850
778943 661436
886377 496438
84811 346235
94543 512120
561446 171587
925549 151199
77201 659093
970414 794850
802135 209375
987799 350973
767136 834542
466969 151136
621667 562842
636300 528205
922383 723208
569361 270801
130373 321249
652792 345276
812427 452410
769183 954071
975454 930289
41793 445790
827767 549154
836158 576907
409587 729390
956298 573866
878575 631445
600999 233928
94619 109952
647434 595929
87424 632392
570796 378918
134671 293964
729027 540199
707363 503538
367223 854924
599964 605945
349883 516420
3414 647368
772280 348142
235127 301939
53601 88660
970036 755238
603998 558267
334809 143759
157845 10360
727659 408876
9112 984077
913617 566423
890812 372283
374095 216898
591310 407866
455648 320277
216421 723123
130392 661819
271249 501754
703281 122297
770363 505444
825249 683501
370827 453965
392420 286793
923947 672397
456441 418735
501725 489282
708407 723775
8356 422402
59896 910036
222647 747786
678530 88699
16147 12396
194122 956998
670507 61004
383855 949404
239403 880409
747428 504757
532094 987957
57686 302948
179915 703793
156057 978547
912370 565402
73804 731446
607524 997764
166466 390154
694603 264496
14598 701058
462940 336085
661528 98436
502296 388802
365983 449885
44353 622281
596705 994522
447255 996262
60730 925720
258396 436685
161772 304536
123567 625191
127689 596743
66207 756377
790400 793453
429722 854848
713909 296949
911250 600344
702468 725132
269291 371883
329022 283537
937358 150393
839738 203238
567851 508264
942017 917481
680102 823420
667068 892398
87840 953291
723220 419722
250404 206317
29225 532065
820048 311962
370875 177694
526864 14600
594648 353269
833875 159369
442614 94900
249443 787510
355860 933082
483139 303042
679127 573111
913615 745900
922522 259903
638474 811573
687476 861712
851383 532195
537061 238935
835329 117520
313822 507170
7379 640642
598445 17204
321768 323451
263133 958630
250213 522200
740448 175739
129603 438338
778454 42511
820605 169881
77211 444893
691380 506494
527449 154672
637692 629212
324772 919492
256178 735521
746959 443969
866914 753855
464580 670815
198682 963329
603876 23373
697744 156437
763612 453720
91179 571808
329845 621609
134052 30773
44426 262629
974085 697125
457890 406515
416443 645286
988082 166727
626273 364802
120158 136432
720363 970612
984884 449405
259715 934281
878056 287507
936077 846481
121299 538672
492861 559406
276790 558156
948665 59480
808712 994085
101878 838028
723942 332944
149342 795081
730049 796613
481276 373846
742919 782811
978726 730576
905618 712759
256277 288409
956382 950860
494489 464609
939828 337183
11708 685851
618111 934126
602518 755702
771103 895411
21208 217150
774639 512219
873783 552370
311102 963109
141666 60955
445675 475144
130666 784641
580785 33278
799352 799316
891400 370130
134272 335468
886187 910489
439083 805816
981449 385030
533916 533442
590692 336896
882886 430593
360849 673681
399722 307200
82343 640824
492779 93113
178891 869435
101985 510241
844183 967606
142914 396588
287691 226645
679088 192726
465243 708056
789369 12274
495974 505891
612691 590629
688220 385919
5717 293255
695878 733151
464597 563675
760927 651342
338808 231595
745559 736416
397372 14540
841391 837397
684684 339878
921575 376532
550615 838932
445958 989118
38330 768588
93951 355215
254605 769515
279072 50990
250398 763981
587520 233392
836324 828125
307041 303324
511491 78285
837670 237083
501163 331171
803509 792278
548770 537966
175647 914072
784120 391580
674713 846925
576909 943416
840615 296577
947253 941540
89571 188642
851160 811060
178868 625970
234272 458644
385909 278401
839989 155536
134364 84556
493424 42962
518771 933154
935723 519567
958736 939300
651870 217896
265087 303998
927930 926571
259365 839652
86084 322183
340517 103117
433452 407646
422374 82146
462454 275760
12913 995868
966344 681598
460792 658338
403071 639067
390986 275989
364204 355022
803379 14024
522988 460907
211076 320240
189718 997697
23011 176919
436759 741739
649314 5497
534017 142289
516414 851781
209919 367869
65213 284203
859671 206859
674662 402336
335141 409248
621355 234026
407349 438788
465403 830028
258044 47869
688158 602638
763667 252488
34936 792825
839875 326849
698694 530304
180062 988483
500790 332680
727866 448725
574759 177649
501989 923825
80250 535825
279842 513032
781201 583738
931839 988572
342853 367291
627949 664989
722788 365304
298080 846265
192103 91122
776650 659473
743451 382457
174300 832883
787266 636397
476315 835224
49756 3113
224575 918908
799671 299320
249290 808169
775484 605050
145965 975088
533693 694013
291036 708813
587972 804790
956392 33981
616275 987035
139963 651762
765152 287457
918943 997797
176550 130258
781479 449685
534532 616367
352175 825081
993879 473665
778976 815377
983135 761222
361093 794120
27725 764701
21158 764778
777355 988754
207950 275584
427070 472779
199583 406384
529231 381074
638269 240291
832187 274985
842169 182404
572965 946023
509067 386027
443648 533574
406409 21220
153492 170760
160560 701148
268062 384993
203480 309193
926917 952270
235246 101882
625181 107611
679710 576787
755784 952170
738733 458436
530071 776265
640957 247601
231187 587816
517931 52066
788328 678149
329137 232049
254101 395893
405213 235999
351788 991138
916039 285995
901348 909893
901868 631380
893641 453636
627945 752162
910311 250205
30637 617334
905075 504222
376434 536157
819845 109462
173491 833639
722224 685368
112758 266273
796686 258634
838121 883985
774102 798495
453832 349765
740568 734577
516667 299667
675675 35509
287476 308672
674953 656485
927288 928632
708754 104196
733656 662089
495339 709212
942369 551163
242429 296002
153872 159279
187093 805630
925006 84627
200143 850960
617292 347325
52826 691221
381754 365354
576713 321379
539490 77243
302820 836090
617692 831125
159062 546861
40305 208018
75922 636165
830184 151559
818079 717671
431545 570107
198683 988459
188 758685
401789 368369
524661 928532
705455 157419
873849 374118
611001 512356
276047 831694
460835 500477
840105 876893
337399 901764
774558 602104
752856 933831
698704 108434
779781 665306
226523 530916
806649 78543
392196 245602
782955 372864
362454 506535
618822 720838
579319 889487
200952 235012
26393 534845
436935 917605
633341 92778
779820 852275
90596 414122
692635 482888
826381 725109
505720 442193
665854 4267
895633 799373
668557 108373
620098 869475
170402 653450
743144 613528
766192 518419
83991 383495
17879 228652
468744 952380
761291 190929
524024 703603
719287 175543
711370 730596
709725 497284
744824 389114
316277 708326
954877 619833
695293 471196
966401 557743
390669 834517
812786 557664
535888 587310
280962 473829
851077 393267
346868 198580
57824 359266
765247 441371
836055 278
735119 395561
808233 287654
664705 618520
44480 740367
153672 435481
213919 836899
419762 615920
983198 989915
741937 38193
347968 560537
817173 876724
440892 66044
558890 502499
218039 995784
210885 732736
721968 867146
122097 285594
469518 721020
307508 308285
383912 995847
967385 253031
246929 575596
356573 621190
366294 689457
898592 906363
83846 3922
125344 414152
66900 114792
59941 782889
41473 200884
515411 312639
907600 444302
859503 125429
978398 97241
39811 670955
767796 271911
865729 74165
294997 331726
127742 628205
590681 946036
641634 464907
444297 577767
88472 749862
392416 766975
801399 298416
530149 315925
92302 377841
619269 4624
431137 641750
879491 136918
601270 265789
769404 809172
815066 254388
490478 324528
256315 810459
411078 218408
484340 542898
929260 113867
1359 668822
367028 154723
204057 432416
821655 875097
184504 20454
997586 588705
493833 645016
146214 333311
605240 224212
233641 643752
638966 329050
339694 386861
273237 446872
416484 795633
239081 331023
134722 270655
222227 113239
404167 359379
172392 259971
700874 181901
636022 728949
132472 478513
497260 741708
348763 303577
602660 576499
924145 470819
890560 683215
173697 864131
594963 645428
502237 693019
192940 962109
271373 809383
184020 607253
352671 202674
210930 776537
447095 64820
873288 874808
866226 637115
695078 970285
4565 829297
458577 177548
60635 466795
249167 145420
636181 874502
439335 79288
985783 370669
688753 747582
203564 360979
550600 248722
695102 253986
718339 953925
692025 380284
642979 794776
393566 72251
949360 495031
570273 787151
356340 838979
991717 74745
461739 907340
149544 568292
944072 387320
199832 318791
904350 126643
415677 450130
193365 465607
792829 943153
185176 317806
889372 998909
673091 808904
62474 34550
640760 133931
241317 554472
210898 935969
908743 900157
685090 518281
320794 734359
732149 607600
575013 277900
790929 480471
739902 474881
419499 613050
793918 841602
28944 204723
615970 433983
577065 583192
186547 506623
927025 828736
672661 56071
352242 754768
979138 488757
828082 875750
691780 959252
107202 480870
432405 988667
453423 244226
499620 796401
369704 383241
316738 112110
454676 368961
222349 869093
744854 674915
637882 56913
366997 234831
298742 125629
413086 615112
228796 393412
634851 105924
259239 87346
801255 772113
800249 946456
946303 497065
494386 883210
745004 522231
753575 942784
554601 71047
58339 913896
598059 638433
622685 813283
573922 826016
69841 561477
277365 961350
410518 121473
443797 12100
27362 227335
416660 193684
328120 643166
93007 907170
601258 561377
98050 64366
364898 174571
578652 471404
925058 362436
563311 500435
831201 615239
128458 526176
360973 451702
609306 700982
727459 925471
294160 339766
605518 499239
910154 203764
118062 580557
387930 498190
983046 593770
784096 656501
897319 622422
813342 238421
700894 148472
692237 289911
128439 367458
569343 850194
773327 887612
243501 120330
292584 624659
720821 577948
174600 227407
617396 938316
617583 710225
707923 439496
967602 600288
245375 294658
963038 811845
944709 388412
531321 498614
371858 837597
536279 199853
18001 692510
313098 595488
844744 520136
112848 570435
689356 314259
740345 270483
937375 865840
688178 559506
663947 921717
420507 602758
413130 180495
889553 996052
197959 80422
311401 64755
668895 384305
837948 593516
926552 988956
436670 100049
101047 893437
223025 357859
713964 887345
22555 435700
385703 234690
929722 128545
135170 760662
383822 909612
575412 708576
831402 246475
275759 426725
678774 254268
138018 793514
331034 397062
776044 861188
955781 852030
392039 132141
199286 463026
896158 83719
789668 672138
828145 997113
92546 844353
223964 126231
280897 395197
445546 897577
31773 991336
856161 546149
232429 27585
168790 4547
140471 212993
103194 628906
108084 811028
882261 911691
883241 766620
950955 73036
8889 855872
653685 67194
416335 204234
483341 814689
135631 466390
636994 712703
252734 193914
973945 785191
368950 832656
687600 232379
193333 334081
586377 169783
796904 174376
640863 981461
159274 98927
421992 806773
607981 633782
244391 55147
608381 97407
367936 246236
903312 236170
50517 393384
23442 279066
131905 898830
728361 290677
268791 872001
734292 148200
176027 11455
333111 495680
478734 692093
367375 274546
429049 686736
55654 757818
543227 66750
189144 886074
337514 372324
948197 114885
816020 672616
617960 375442
753365 988563
556284 508673
701746 653797
156559 937348
104691 186334
242629 385036
902984 964057
9046 77660
892992 439888
444668 559084
378637 410532
87604 644274
711461 788090
397545 781612
376416 111478
99127 626416
527400 556256
812136 381688
665179 455522
292586 252771
175188 796960
699346 58247
952328 832224
938535 804804
566243 612879
339339 93672
579015 130919
636221 639073
741456 586578
391039 571693
230365 70419
922751 22368
776770 314721
120633 440904
704558 526451
650810 961455
345186 985759
763629 893268
760145 381452
151519 885608
392656 715260
455649 286084
585165 685192
769293 696725
251347 691790
584433 327441
169433 121657
350078 506599
580444 994195
481231 941889
916998 71734
106827 695068
707307 945739
999539 405129
556733 67818
796226 737956
8589 370531
284349 749749
788731 607668
824139 666392
939782 604432
267793 369587
389718 816874
788840 544039
159570 131238
144824 253327
333662 113281
294186 614475
117091 954973
763042 219244
662048 701689
225201 290865
844714 862513
824482 187533
707037 406228
848240 426574
376744 109314
76268 957023
385757 45696
320879 871424
81335 862050
536353 176725
750500 670309
580683 176546
852224 523532
743817 916703
157677 732367
24895 959023
123862 956717
844899 517896
841093 903207
314054 161121
385188 459462
668235 345314
173526 48570
575218 829306
787221 595365
709891 810795
202699 30162
327792 705474
602502 296851
368429 584150
196884 125747
205898 548090
527800 26857
476035 328789
484983 756064
985223 857585
68767 975499
227998 969201
344771 314636
247065 972818
593955 27903
156110 363030
872927 506027
185081 666112
570363 236502
4092 57508
966018 492230
202081 527361
172741 56036
753998 694232
373564 682876
912368 262173
823335 432716
545203 373108
532070 613144
547977 818867
219029 493121
633765 77733
345672 537132
130837 767480
400070 209135
905229 337680
420888 632545
224262 847207
53898 251633
464232 491334
133976 832497
441650 240789
133885 713993
432534 188760
98990 837707
411027 711543
288522 656234
958333 236536
938368 852848
298603 484849
761604 436088
115567 779350
972700 984547
907322 457179
335763 633753
250553 970508
663379 594642
115066 297335
219554 907431
13203 502651
103553 544155
693386 191976
282004 934373
623156 251835
132928 534742
68109 569535
116101 591909
245107 836011
401348 331177
152959 754481
152923 153521
764067 507178
83810 555197
836234 666812
254065 747003
345967 782607
309196 979050
783042 77961
670936 18054
14594 67565
1768 374464
10547 400106
465972 996973
345143 552143
548895 508352
46786 563272
984792 436793
957729 631369
634211 161480
563637 706108
491061 731094
638344 888323
946041 266812
448458 393572
447724 994632
60730 813402
635645 309040
825016 312413
899171 611006
128298 631972
219238 730990
176299 469403
664158 482011
751087 705584
851039 491221
210254 253343
980645 186226
452624 210614
615357 541417
165145 496312
587405 207699
609827 655526
77929 915910
928796 60257
885262 419199
299413 341945
269160 202816
745923 452051
737686 279886
478100 581112
550714 509122
757213 293818
154407 469616
706007 949426
337811 423551
948214 26263
151373 57749
368651 399166
321282 310911
362650 101631
65851 239651
997013 205113
978888 951540
347238 856892
851778 179174
149427 531542
353089 311107
417996 483621
608221 485335
19452 856244
254553 32446
855046 759812
160925 107234
735078 517804
969284 954443
275495 975529
522071 532372
984400 739527
948037 859196
549589 192238
149725 700640
494738 333473
935737 763022
897864 597970
679402 26742
615699 639740
555256 6782
477518 901144
713095 379297
813947 396182
618187 779819
77367 876978
617447 930158
359792 917645
136870 785116
229952 736031
727573 546518
277123 837436
928922 352091
790745 481595
733999 78646
695400 429651
244444 913042
633615 177050
55707 933158
538281 404717
771443 297324
404219 877494
182727 460404
600721 112424
682417 446118
824023 872978
898731 751691
688915 469303
973786 65710
583469 673872
60873 131086
718992 331589
467875 785874
733078 60031
777030 643507
843446 220191
966408 47386
912473 671628
105864 235767
450504 99766
586384 371415
45010 949065
382015 236091
395356 883095
318545 980379
502497 345548
613386 574902
447756 149167
63669 499370
962070 652380
468654 641268
184736 546255
87000 533780
408091 695546
362453 938939
980748 549340
822135 425502
993160 87060
802877 675261
381745 90299
399404 584461
79799 947766
453377 271265
367074 965418
270478 868465
939819 304570
104808 262237
133547 368542
133684 774211
403258 591751
153258 391091
451363 987237
798776 110030
719307 256033
428260 747373
678568 819406
109572 257346
829380 528940
881984 867588
321588 921264
846385 258561
269044 766286
235366 5167
47214 679189
879690 3782
45604 654851
691307 302827
55150 274101
360372 328647
256765 181620
558320 796874
244000 492199
626175 126825
173873 527950
31196 262649
742114 444893
73206 681150
802911 367854
342749 822370
581607 46070
663532 554409
314378 907819
786697 729674
32956 483446
268571 947913
636887 863522
612825 27104
199997 812988
314521 482738
979647 784348
507383 286103
620875 646523
859047 641766
297776 619363
876685 382732
33421 20277
818408 419496
76017 243616
74037 960914
661728 88450
276451 890723
455652 895713
531303 521611
142716 894328
885210 535599
173783 529478
779926 127487
160676 583256
477203 8940
874041 658753
371634 459522
340445 220569
950408 735680
207589 244180
340785 617266
522200 609844
533552 2683
494028 329876
192126 245465
677599 975577
535739 461045
822752 506363
182479 784844
382957 227586
105472 350558
553446 169812
542894 408095
80498 776967
9572 37352
407936 94377
785147 475949
991203 819389
196982 613034
476019 462299
530742 885583
798538 663777
450845 678125
908961 619649
638941 706177
905092 650618
576437 264122
799763 379127
205144 668300
591068 813475
607287 794605
244573 570154
356270 640648
556646 90260
657163 961485
571946 657401
68037 69086
585610 968966
113842 291005
91344 998850
46100 872133
205312 57215
111253 312946
558859 982346
317989 54388
14947 973380
999952 741583
626294 402783
145853 43144
511600 759769
381661 400442
325691 308481
43159 836638
52001 859275
396542 382066
79118 117679
559197 833128
253736 128742
892023 983836
454514 522241
445202 462051
761324 963328
530040 177041
15369 92144
591012 79510
670982 207888
412533 851154
992098 777929
5593 777700
944670 302382
561012 403983
185024 782442
290650 784729
973333 724165
231624 823346
999294 925400
434726 72175
438570 238319
818597 643839
134092 929781
982394 15979
21614 241000
109322 555852
141480 81443
907484 972744
776691 278752
609285 220244
958842 427307
539377 356051
108112 306108
756888 758537
238809 783302
394748 222081
788343 769416
63100 805273
323208 545448
717141 645977
435318 588168
467380 215084
891747 983472
992469 397141
751247 676679
593669 102791
733663 488447
256651 313285
885865 422664
216709 383539
372337 307767
924024 524873
488820 455011
851679 42777
406484 223711
657433 798072
127145 23596
882210 697012
475610 601261
734842 148257
503610 590407
523740 602794
722864 113074
553019 850620
243306 251566
149740 561540
412143 690418
14955 63023
911378 742406
93561 212032
883753 62803
589264 699092
784940 695034
180260 211132
602892 153932
295492 58041
711812 218584
837890 419679
379954 997186
494100 366108
9035 725121
229952 226008
933680 584624
84364 792939
566495 8711
262403 206380
340455 942148
681017 944538
617433 899283
20651 644316
851746 368958
944540 192931
64112 709472
584858 49567
122666 271655
714806 515216
831654 956742
746526 433802
419491 328251
421978 277473
342518 901452
32540 904340
783285 446582
893257 531523
875096 489634
582159 348265
827747 937928
614566 946981
445176 583210
708238 387765
274098 95698
763236 573512
229032 398937
557773 754289
169369 180828
522592 101530
114084 388996
782613 331612
421441 145922
42818 545449
762449 631826
668959 277154
311751 295028
453122 972897
175151 538748
383469 232504
867445 448031
137894 185605
827848 656353
535633 3891
730237 508989
809246 974802
428132 615020
877272 975177
369222 128792
337874 160930
565325 326537
321400 670170
866161 801757
409985 177817
319017 236433
904328 521717
255663 114882
787047 281980
237271 879587
403496 797553
485038 309645
604962 59502
62101 92347
751534 287347
743051 106322
379782 416863
836871 966992
952426 315927
521165 461723
120000 20543
884016 668439
990217 585018
897295 111658
431819 21281
64189 592124
654707 227928
720497 892036
797819 1235
47415 713048
433777 329790
392489 24154
885340 284812
558480 751454
115556 465704
604474 635163
873641 317761
167762 304735
869467 527287
417958 93029
134333 322124
70653 36879
465303 345153
747839 639566
557758 290872
895224 190713
854844 803991
225781 924976
584747 677816
498899 10607
312901 912079
761157 8764
566701 573945
693279 935817
749656 986404
159424 495679
960992 756070
566558 936134
756949 825437
566190 943250
549794 146572
60896 970927
410305 552760
85535 533285
140091 805392
809095 353736
103415 493532
318040 388479
237031 498120
105510 690123
933918 241863
331837 502452
2380 590811
477119 4545
828658 761504
989144 814105
500584 426167
413228 651509
982603 918343
573792 206466
209455 36657
740957 769571
798453 440172
957007 538409
789675 256709
684164 633967
198476 915019
690701 264706
304712 882796
832503 741689
174085 207392
498828 78490
26100 815482
744879 147214
552694 784453
253088 71320
119415 107915
785300 501575
244893 667034
707574 111389
583106 361263
183505 941528
148061 597076
982573 505113
347980 550624
538984 976316
771057 718776
245364 506720
499171 637445
812874 650358
393761 430580
17894 133801
449313 535170
209075 155507
148372 621353
431236 332854
690390 278979
515942 631618
131404 834895
760764 173656
4972 682681
916712 95621
253571 311459
820131 816920
133803 311464
92021 352164
283121 731798
574092 604760
296819 441216
97012 477009
184541 921540
298056 868432
425281 125914
579205 513573
861847 439799
246201 451707
739067 936022
194950 283634
881526 705313
701804 531901
673361 174171
204337 822306
919706 799215
259865 786096
544675 901927
864278 971535
664142 992089
200786 40725
557846 846833
497551 941341
339701 343508
529266 719146
96571 646199
642053 818126
894103 213373
180581 177093
425214 890802
440667 974804
492452 433259
752561 754616
662882 58016
888809 106758
352853 928355
815912 95272
398022 52811
438974 325028
715964 403929
935864 610163
922806 409194
25518 96017
373024 478231
366492 511589
145999 732605
736988 341463
822368 14610
643165 296186
200817 628923
915345 134361
140477 995592
179292 478886
129999 478256
504063 778275
847852 427188
483071 725183
360278 888802
937240 874136
417741 921894
997842 4948
102065 410256
350656 433180
468520 883325
511905 428646
609513 307056
574265 266181
31693 855115
223790 570853
116808 773813
548240 840426
329340 572365
798246 861338
98360 499484
238653 652505
382936 672554
573041 246684
324990 652861
172024 342664
28620 527274
605058 912616
218196 434667
593862 118831
451425 52813
623124 111701
140505 889043
844605 872654
606810 847798
243812 253755
489733 246938
991912 895050
855394 558575
75868 312002
351298 278764
697344 213714
958193 562847
461865 617870
526745 595417
180801 903617
960978 438067
451901 475485
238188 824377
423055 460218
423595 149515
547263 811861
308862 350140
463182 27966
958225 754935
691261 43841
777731 649314
579298 142319
557225 232127
711571 855034
344983 161199
956603 667637
126114 89195
683664 51204
178266 512716
7052 819756
192587 29829
195262 989063
670613 650768
880464 980257
388060 524805
654697 819706
642561 114900
505280 851000
835129 346063
94414 304077
590670 416209
648785 500695
781846 294549
382178 606570
428464 430529
61605 885210
785071 985717
511171 372317
453471 179791
552333 452705
686408 427610
345102 546627
355927 909844
489310 947251
816678 453306
72530 499184
922309 562813
536267 522624
246715 351546
724362 64011
205482 732238
330652 405245
241089 625950
262818 977248
608014 609158
701383 521923
528791 498365
997505 703961
972076 381270
211984 675765
151635 749639
848431 984382
198891 342214
964572 191212
976654 977773
984382 257039
888792 392539
122358 769871
982115 950845
939200 715759
807500 724622
646575 776357
121739 694255
22555 886414
999946 500730
682839 815385
258715 191004
753666 302446
549942 500000
835808 427181
353526 308651
959421 340818
855951 602236
427184 939994
324015 141701
27578 839075
431680 727554
234376 563365
232373 389489
307940 394795
652288 522052
833661 394035
965184 459986
86298 518857
344125 617351
736677 788424
228931 28394
47200 736943
22147 736888
112215 516894
611275 910696
854143 57743
460817 292027
441177 852466
418803 971361
666583 556175
509078 577525
797256 340345
535794 544353
612564 100126
263954 687309
622849 242741
489942 266885
717395 7202
230675 245706
210413 239221
428292 448184
485902 920069
640949 631593
163591 532824
676540 316831
234333 535614
591994 245907
944127 484776
889910 87072
843175 711890
27264 171062
650172 291926
228889 215930
72079 168231
258521 903205
460673 493998
143805 116692
768532 588433
905184 907559
190637 968800
452394 398895
948673 351423
388407 425983
227241 260553
810012 672648
783668 121241
532514 555381
917406 650315
712472 454304
111744 540020
925522 610665
630572 9635
597898 277642
454273 255937
274027 644455
717155 57637
990986 557383
444761 737200
731896 763453
988352 69678
917348 250959
769319 450667
194601 980888
226741 871906
531938 497506
837015 315395
552010 492108
137141 876476
230684 446101
576773 720789
206038 147447
469724 145657
29125 57404
35444 716100
893354 771877
444632 988580
30185 546338
589814 82723
225874 484229
391945 425546
89177 151548
271483 722042
352010 865988
323615 995890
276828 13132
85702 588358
959339 769892
668910 367320
767925 498879
631607 122844
117429 189771
820058 992888
262943 756334
921647 679043
743317 345376
519618 294049
85647 637111
750199 261156
774214 585768
421824 888881
530490 161755
225876 558783
812135 492895
421758 766314
912604 870741
574255 759207
815464 762507
171768 764111
434185 664347
396527 927615
234458 484610
222122 7403
813439 174022
52226 598726
841310 437236
303487 520734
613180 458556
856548 901855
462122 965958
170768 315309
548710 434112
550068 209509
928688 431237
255092 170606
653379 88803
713122 705358
890017 134103
838548 311472
59008 690569
942999 961776
95866 549582
74360 732757
6326 69829
51783 753749
959814 473706
89405 433992
66504 276325
93609 358675
560669 707882
629836 682074
6193 389878
542715 208825
136484 121873
488484 923229
39553 445239
508792 138300
321858 691798
991124 283221
937702 2578
1759 839903
963013 289821
873530 780164
262377 934744
31163 19727
292644 519460
872940 501155
505236 266776
767574 797960
289605 587840
968560 246887
703074 637868
862122 328703
725886 77995
901912 566623
644721 340115
616670 520944
362776 897689
524506 804239
310733 27925
213091 669568
961146 89971
372328 338227
912423 702469
457097 730576
266755 635985
585305 724231
434325 521874
957225 805518
257338 481014
482152 990645
730416 213254
548430 514639
442297 877665
261120 66584
467997 449473
503362 860143
598922 244552
575923 252383
828832 911215
720603 399518
640350 610133
283329 508139
166275 962990
642627 596693
294635 688479
14633 802712
865516 413138
959999 294218
605627 15646
832826 133274
679662 798620
573442 603830
629140 578602
291913 92906
202180 326163
389930 79684
238034 599545
174766 821215
802557 934600
504390 239825
560457 645379
830451 126187
856270 229711
183757 907626
448678 597566
649385 511127
899119 282580
263887 969443
514096 994376
577486 692880
253209 832620
997364 45340
35748 773688
173713 391839
148466 322614
203328 942287
893183 170563
721235 1931
217588 928600
526049 466302
296270 564449
408689 985668
248621 129777
215766 263688
520674 798436
497313 249008
623721 69304
462814 128653
706671 734423
107810 740832
408324 311488
843757 863667
454320 859688
774942 261015
135526 762139
278106 691622
349494 345544
178147 54984
367738 826177
317143 853799
929364 613702
907878 850487
97913 992039
721497 163409
203854 940102
156753 155192
870952 797723
338255 791718
47770 481427
535472 657518
971779 721553
491556 648744
421912 103430
493686 422437
74008 748304
952818 840156
99444 151338
804947 921153
849298 795235
23479 595238
342663 571366
865201 592180
143110 258180
986478 492197
381812 387445
821144 964503
983161 940265
979377 156904
761870 184090
27806 6486
520084 961849
774638 989459
652347 522393
919620 862698
242726 624613
501644 239494
118344 346734
61929 936515
181359 618338
64595 987067
141997 326312
746442 683548
329013 480182
848558 509498
26507 124742
479856 213941
850164 211945
865523 857742
95366 417252
352482 256995
459082 223579
281436 341948
168326 173748
643564 893064
599802 116591
673567 84652
255948 990892
44730 291967
505812 671718
781908 565741
776459 808975
306252 821347
54051 247124
453667 470260
704978 953957
506897 410981
669705 965487
501049 654932
435206 849445
680537 7678
565265 173631
938403 813447
424090 359475
26268 32300
970866 934034
382333 514682
638337 386853
849295 679179
749694 710081
393508 289309
132538 247308
294001 678901
746102 781383
824196 337562
832401 432595
990875 98305
574861 163652
601338 308569
679843 817631
758333 290265
856307 287604
350459 899062
61909 493781
445344 418861
431414 734860
192363 587047
125587 816749
86840 311771
614198 767874
665497 862380
715497 377829
694189 66864
801944 871543
493991 930823
656865 353474
620821 935193
98997 949677
732797 559981
446003 362132
925588 258806
920592 959577
682084 977936
875854 721927
126622 59103
351011 528445
231909 374227
304197 523358
530726 829876
405562 277784
289145 641488
86646 285463
281513 257754
625815 672616
565365 923600
675064 599953
766214 890132
329854 520610
991754 613436
342612 788648
268862 626796
871141 832068
562321 222845
146901 156719
518024 695841
941231 344068
135659 650253
858720 189263
287072 541740
836911 157398
225534 318323
672896 704972
956500 691171
929674 549382
668331 816624
109787 743894
982701 730154
762074 551416
703571 870426
338361 172232
39653 970635
68245 699569
463573 659377
482470 323864
658404 569733
27050 630139
475117 182924
844668 63482
802781 99930
997469 876850
381095 83677
6827 453308
78589 630165
555042 891925
409641 331345
165741 683212
755429 90386
487998 883995
779937 312103
589003 878326
620667 155179
232489 148990
977859 321541
505724 558473
27635 185026
610797 369833
976248 860528
879931 133452
964053 26741
35430 54551
821588 806321
451265 159974
624372 354235
351276 215085
533235 400844
921719 888168
461643 349465
781637 104639
914548 352557
126743 251573
959382 607119
918163 889921
113838 648749
271467 873733
235329 256896
870685 417787
708430 461758
888423 320682
72904 594761
563370 648850
54230 1674
42321 382045
400492 494679
599393 166062
177585 246718
404193 557965
37474 708875
878798 545733
697917 639821
230690 234783
4253 474484
547626 804257
982235 827104
744770 941321
565438 182580
813871 323752
740597 870220
105788 59822
612303 897744
746562 812139
596269 320229
853698 352881
60637 339156
498330 15722
551159 509694
90722 119197
949803 398392
194930 545373
364675 894026
917122 173533
898345 107220
271900 746335
987746 971046
327649 227885
345285 573723
740322 823728
158547 946508
239498 842116
645206 732594
353606 127984
356091 359552
159019 47210
296520 804577
466459 920155
92697 212297
4837 521410
590529 806815
869379 430255
520683 242903
386283 459917
426329 198047
254707 864695
162152 560624
504492 53622
943007 548308
313708 974701
200173 928178
10334 45294
741559 403157
912685 919736
425302 905672
784721 921730
725661 94605
350378 691907
399950 162974
958960 226097
139691 730964
346509 559014
763967 456937
573297 238621
331597 21547
805702 156596
750577 981586
314099 698085
150183 470889
302433 246500
691516 422635
828764 321768
481704 763032
733812 352770
12534 790454
787463 369998
884758 877907
423867 806840
429620 44166
567589 754789
281549 703289
953670 626793
499700 667420
863501 182299
293860 177779
751727 248801
200605 354977
788238 490536
473477 988167
841507 528938
895610 917179
759141 450407
882524 768855
91000 287917
500964 299809
188122 936969
86569 528561
580647 421997
845210 801795
574870 492159
636021 536751
80764 704538
894494 853493
336298 441964
468297 105200
801597 818222
662789 368896
300346 707409
855851 296594
16459 933852
645431 918167
494769 110556
249929 922771
267217 269140
441021 683257
280616 100148
659693 291633
467035 21246
841406 470773
299021 266872
890857 894040
206360 363456
416485 541706
111206 264103
172226 488990
669386 229429
737407 465875
441144 107898
23497 950102
229466 22579
542984 299371
857580 135301
780141 363283
850125 885797
263017 902434
798718 223450
612183 965101
979641 273067
599769 498421
507196 696088
298600 553570
383205 955471
733895 290783
855366 782781
29067 368699
918914 258403
25817 538293
920100 786766
463054 379484
932254 7542
394001 556956
396452 9143
525408 402653
467388 230305
844831 567755
565577 532913
274461 82869
970529 249508
712899 771913
641230 353923
731009 323411
181085 383323
219731 353750
227784 73691
36734 520042
557863 161118
505021 325677
260777 623193
402242 645431
414141 225708
990997 858556
326118 806455
308901 172229
997356 741735
265866 223509
888667 2626
337371 76667
227491 315774
200658 855753
49744 701378
724960 123843
46699 604087
391165 401800
870931 520739
4770 182202
142213 259463
21324 348087
98057 193368
607530 357447
416434 440816
13523 667359
497125 311974
456743 268305
388035 925320
715534 722191
209768 144642
168754 717111
468205 723258
858848 853811
641631 562383
247608 570953
156771 343943
473778 674785
889613 87774
494361 237557
26557 776050
158696 124044
511239 658668
836007 782149
791763 402793
736768 293140
182203 843153
265097 676707
558259 430408
574361 637257
483995 951774
104899 476755
933318 199422
891182 156521
299221 453616
404741 119146
305860 791497
801329 227304
387811 170606
454364 641954
952674 817478
709001 445058
836717 629026
563511 239481
763451 775463
108863 579609
125177 711157
558745 436361
111980 134660
54123 819516
391626 487018
780849 787275
473298 83940
472122 874614
193352 131280
801960 818193
432103 118263
726876 231937
366812 318842
83377 772917
730966 803762
407478 35655
429236 727066
777762 436361
303713 560418
540860 501841
425059 896604
951795 169042
991566 176413
455569 874383
208026 866112
337358 227022
682833 61598
166877 178571
56274 192771
309127 564826
987007 728618
227297 539890
519757 925179
424754 701987
269977 323673
792750 484476
499385 55888
698776 343301
390531 913249
739140 494782
124947 800761
552158 352262
908559 875772
438202 469033
640320 376419
363820 218557
708528 100837
962156 711878
45457 93957
938472 999496
166041 15503
897506 546620
684336 157905
931850 491173
869076 744127
754527 441531
769047 58970
82178 555371
882566 464835
373957 801011
765181 490382
642038 238541
985756 478511
327922 502604
716876 641556
108553 983077
830678 789994
774651 680377
447628 582244
297830 37585
993851 937340
643642 834601
961440 749744
334986 806830
724289 84362
40717 431020
883184 574455
519705 996351
529523 908497
315240 185267
686956 864679
276921 476504
437926 487356
858839 347476
253343 247761
703435 460854
538067 172525
382367 983660
898115 372531
717827 163311
908081 412988
919226 894926
640977 207122
505457 206094
468067 100514
495418 756733
959034 405740
703977 296329
627516 628557
76960 23531
623575 815201
507079 190441
398279 909268
995011 294191
931446 123859
744549 955109
676316 477607
893222 355447
249228 935292
387995 73497
588426 993053
994167 174711
789941 381982
492145 631326
377493 507674
152504 339927
567100 260245
963087 397868
685972 309701
159406 361029
644274 236638
646118 137026
614363 378873
17857 637429
617 452989
600448 55980
39852 895158
597966 681701
884092 959739
987907 910059
37152 433398
211928 215846
467782 226203
489104 774125
727960 773460
121586 825850
986212 450098
975593 944847
209033 32181
357267 210932
910501 872816
14297 646046
856536 601381
561650 121710
763615 361291
110796 991701
213251 689415
396458 371030
61788 658498
339074 371310
531048 387381
622184 222824
574248 652602
865698 509180
270890 363004
424534 779421
242220 230844
521532 922881
629175 358951
935337 130080
18763 450992
298121 295591
498171 882539
887605 855217
151917 883778
896020 400339
229561 305376
579543 954469
526836 700375
17409 640313
279407 239981
427749 672636
189027 798643
559514 836519
205061 103797
398236 844825
460247 119061
594289 973132
719617 658175
800235 776069
788280 437974
562198 522524
148329 409136
638755 985773
788604 561691
24881 423025
496119 294010
483371 356769
281468 713287
88639 271919
950026 644164
181229 645609
865639 571499
665135 768432
150322 60667
222461 346033
924925 377936
809725 560992
935619 257171
189497 830273
526316 290023
178177 700863
92132 569929
66021 684379
289878 913678
487895 890771
682913 776412
68162 708046
220664 90978
111656 121517
108401 132412
397637 128063
212723 34987
408711 611040
291440 373551
262113 90963
104481 177419
813197 784797
31354 369755
896029 601885
925125 319474
318321 81802
99300 986954
496174 726004
419540 44726
800793 44632
892211 56467
408299 854166
421205 122917
693851 55760
176306 441208
669864 556238
559077 39340
513457 790960
99303 873628
454272 36058
941973 222489
899471 88656
532165 271924
820346 479001
374944 40420
139623 507037
834990 213974
818714 938713
85944 452444
282552 143843
186737 731880
368916 1418
204163 191562
177808 897591
854528 355333
703338 322128
213626 176150
212217 203848
686044 743872
175876 237341
935116 866720
492325 317536
339508 489866
728681 432922
186142 732096
246804 865032
70066 24760
144555 845324
672475 208498
267813 244907
980695 379384
238627 199531
893203 129567
789936 427627
504751 552048
698185 302105
193478 147005
130452 471643
490920 268873
949138 828416
508912 981151
490285 665771
982676 956900
754708 204118
294048 619640
345916 618445
718410 760735
52035 239455
560788 923165
941274 897462
515870 735977
77183 668428
116944 341573
402056 57598
383850 299822
681386 775286
337282 104445
449076 471185
273257 343049
634917 993232
992785 434915
962039 409031
837305 335705
289831 670767
908720 814931
419068 419304
726021 239436
547677 141263
17588 324556
832570 368056
381408 515769
689246 455441
374541 608567
959149 396240
46525 575616
964931 62628
997154 936293
45050 264376
392163 155992
400915 457132
764134 721113
435872 666503
393425 135935
600921 410757
833737 704522
136501 686418
553605 254655
276046 512176
623823 8862
279631 178731
750132 954340
826291 127761
115963 890362
526691 563902
497517 856977
800890 75783
462290 499132
125291 418829
544986 454270
643894 338050
196921 520476
852717 473777
713279 41026
565372 538966
722835 641731
512931 546474
117502 683954
866499 348599
434602 681830
857558 404072
133221 188390
417132 318100
215825 259076
323900 331618
864821 805555
615205 68354
345952 485955
980849 576225
353016 814368
299576 820890
339299 480754
559632 57647
806402 279240
241693 449504
667007 617699
994799 31034
477654 832494
707037 178211
707449 571532
104957 397924
550671 162336
265580 438130
982700 143709
989202 814547
830377 385543
52285 671669
585983 910629
401369 58143
853735 756629
403062 820845
805787 859806
495474 617434
956986 824613
556588 832507
137978 641245
354622 832242
648004 18519
34284 322415
161219 284021
847747 220998
769834 948253
65659 44465
143540 628442
164819 188209
770648 706413
263518 422212
528962 954929
49257 617543
486265 643971
304402 422723
901686 288148
223526 239163
986304 265449
418056 413486
343051 24150
237414 374604
207339 439079
229672 924506
809501 149147
106742 918542
68331 668183
366807 830093
794031 450522
948294 275757
297038 441664
882898 795008
293248 235907
815532 981495
303590 722535
430057 564737
408348 319560
168877 326986
31392 276566
330330 55459
146084 224617
93924 715819
154589 476295
559414 681308
489006 771658
894339 760697
210864 918611
735377 636493
769722 747120
140191 525956
46955 474491
127008 74656
608379 508210
421603 668967
380376 189201
440472 846687
453926 177950
702657 123786
514889 761704
105460 836256
371890 937796
713340 800123
275235 637530
606287 653284
292424 198566
804494 839651
216374 923118
771600 776609
497152 647179
605515 805680
401370 907562
233092 274956
86159 241787
851617 524937
26719 640637
613635 177383
831827 76654
64482 248130
470906 73837
241046 78426
510989 317260
516181 370334
669448 518039
93097 336630
800935 859518
533018 593862
634081 214457
528745 975167
623943 621054
659318 602187
830615 956168
298246 967006
311621 694167
498152 631786
745938 623134
389545 451123
409807 597724
30788 551009
405868 147783
774397 705925
955167 123755
918767 290652
506953 219046
982449 680754
543406 211520
650668 590283
876521 933993
606184 727367
228003 760513
356723 902730
984898 221607
209111 785395
495456 550591
140575 896088
173863 26286
823382 51291
708778 606410
78553 974971
598350 379355
14996 525651
463128 776053
725888 8086
852272 309536
44926 134594
25165 837063
156167 781945
744295 668363
265563 716642
630218 762107
881858 715
8029 283756
93331 217222
338967 311254
743249 728543
721025 577126
916946 278667
559811 170805
26229 566594
492875 117606
916112 60291
149425 823030
154241 371757
322067 579410
901975 162201
593029 192646
480907 588457
77823 265724
400155 142334
454477 383177
547042 173261
658367 413396
503856 26351
464727 199988
989592 446744
547496 763744
146540 480259
65354 272326
284667 132411
698782 482957
362942 350380
74228 640962
830600 772561
857978 43777
810750 163585
829271 557102
376479 568913
986663 408152
132186 240682
656392 647259
759002 917723
437463 198456
126464 423346
865228 895513
7628 608254
942281 418189
249936 623570
394333 871468
889096 406942
121545 651594
248806 372454
316503 996365
989596 697564
984456 744461
866201 852568
147032 770383
679123 108158
606780 194932
392342 471809
84660 189047
786288 331382
744693 449563
470478 626744
457445 144438
849956 706806
342203 115003
872870 778860
560332 965601
443875 98258
804815 112434
228014 316430
527578 562151
459811 326079
743342 442874
254988 371909
448063 93767
513254 696879
356151 307778
675521 445291
544593 334011
413493 33397
862652 161567
57144 677359
481242 966890
76836 594977
360582 579120
166773 325165
316820 801362
813649 330034
750885 234254
216867 329363
422941 883967
223827 576700
167657 299603
348156 924662
905311 376642
926740 416621
579774 902849
729610 945753
180535 257451
351307 673957
811094 304772
278134 252447
940644 739843
76971 311601
747998 873894
412466 626682
665113 521756
669109 234258
239388 41643
627576 451196
727064 284722
828830 375089
125562 203985
567677 222800
604865 928013
145134 704296
566898 177326
607535 3879
491913 86130
53983 297692
579010 20867
51358 126685
447917 384448
682792 731768
636576 873801
555233 440465
459874 769841
842206 379018
737235 622785
326869 654754
847154 763200
847306 491071
337574 743666
437231 203113
64277 244208
19770 938265
825717 653095
858904 225119
355895 911966
76373 678608
976063 397826
691922 974297
269036 996874
152276 531353
332829 774080
755518 61169
771605 535311
722860 184274
298981 967826
389242 729572
150123 957574
279340 956624
301556 605525
930736 419506
172726 210447
520421 110283
456057 247683
835221 846535
275958 260143
156182 329569
663161 212786
504717 565333
204315 195533
209408 84694
934551 560577
934750 860027
12753 416790
414564 315304
545789 249716
848751 962464
11057 419575
159137 431730
95410 542867
174855 318176
944395 241362
948191 813303
636856 694781
696885 943698
136116 615082
475171 486136
544203 260648
83846 424666
333780 897146
394748 786571
488196 460083
136240 722630
186369 946885
535604 526628
789870 170572
798726 839759
715308 950136
23057 657356
883534 260876
286354 648496
571030 128879
290097 348359
394130 818001
578238 684328
832337 524343
406207 717348
698395 238840
547545 139390
379879 827586
986491 994042
909737 210376
252578 506188
707596 954437
316654 124984
342825 359299
634534 678717
766815 709303
121898 187815
524853 180345
759815 681223
552836 632304
417081 446328
184047 281647
524889 709372
95667 236237
891126 139640
377689 786242
393044 830311
250025 81587
340936 173218
786105 793904
65048 400685
794402 388516
137480 242766
857718 686284
939644 288608
306730 234190
188612 47783
305814 223479
20940 246131
421891 713740
87919 284768
771478 984441
509687 99396
922641 108172
990635 376798
926114 256879
648507 640884
930911 112648
411707 663894
334960 210028
75327 35016
793 47297
161894 352849
509549 265287
958080 864091
769846 250341
915562 159729
254245 912241
24461 33311
804828 174092
775477 417094
782322 785624
530623 33098
540594 180223
520837 50283
638099 657658
357269 94653
750803 752838
392905 489556
821052 248264
433329 350077
761598 571948
733656 503381
968585 291603
537917 695790
282072 259192
897958 466118
218749 495933
866008 502053
357937 744145
309567 606775
291915 683052
629671 183492
798918 131743
106872 866357
5232 85650
362413 941533
813274 794098
53186 297061
35309 990005
282194 931018
915366 611090
287552 58407
384290 809234
632691 410581
504575 268239
962603 293603
671993 63089
193363 28205
633854 998276
62387 440862
670907 88926
565012 110841
504137 614874
505504 574263
155331 902184
335947 205987
750708 694488
752399 426254
175509 962582
344973 185053
337011 534839
710684 149839
814423 125383
869810 945012
632664 908613
126000 789101
743795 313624
854233 646558
888648 776961
840985 295174
619594 974626
534269 167092
381168 231412
373722 333432
509154 363947
633453 920770
12591 751680
58444 377002
499466 330817
680587 753646
341078 688418
850120 739763
28994 937188
164732 285793
204748 639123
690661 982521
827889 526615
196788 306748
295421 380512
187084 597739
191234 486856
90794 960974
203827 937983
373017 539615
999142 83713
278362 695183
168700 22685
467538 111119
528748 115018
109840 221006
455924 788724
74383 762023
541136 43753
97792 194665
465709 162413
214769 969323
619181 479768
993712 904894
749221 317993
693182 828771
718143 316280
991934 945894
997280 442815
405880 434946
926573 358145
835826 373797
118822 84106
473609 819533
776484 762730
641606 833890
107206 915657
43470 646705
9233 49694
957580 691795
428177 629446
848147 179443
718027 741182
447856 648599
841285 379012
676262 322117
58519 637603
155103 97166
200278 808276
323521 191006
715208 868425
705413 307562
696633 981189
303465 592961
587452 945064
618693 356413
164575 67908
354716 224254
964401 632355
512469 627396
787870 133203
512714 630160
226612 416211
87761 709330
850726 394015
381150 383328
167129 720345
472522 438639
296283 552368
468121 628862
261336 919673
587023 420464
111203 914197
247127 40843
583434 976934
497205 192309
683284 753863
649698 830965
421776 405967
849628 90898
983112 944276
940716 477869
528257 853924
109854 939215
317430 58162
60475 91187
689969 391677
194566 108437
698683 801124
612492 851496
889816 549560
94340 733972
418593 617814
220280 653888
792463 933896
524361 518431
407067 530880
124386 553111
278890 248610
549109 279376
426393 396955
738148 895597
243898 805124
946947 703550
885833 480245
533819 475129
74195 507838
444939 458318
321274 144212
411435 485551
376077 911515
57277 510046
393431 415499
634274 852597
24185 312372
614993 65807
748291 764291
192104 657842
125433 628389
767461 28068
535231 842343
497463 530226
681113 989464
994320 116937
96159 305146
691221 997973
443063 645111
796157 329880
290001 605750
543617 380804
231593 884263
58086 87937
118620 400151
66370 31026
515464 365578
1905 427764
842077 912229
310851 857424
402391 740818
80713 216011
571840 339659
877156 579380
664736 353684
392363 377731
63115 434945
804477 728960
831099 992101
414647 630284
214070 65477
404384 241541
146665 376749
286397 335675
512211 952287
891093 305550
933736 678218
565109 934814
348830 603576
538223 961899
84602 667785
892650 700093
635334 893155
376269 194
686723 328146
96044 865362
260057 977139
250722 403658
282344 693562
482530 994092
584506 927500
845480 315755
982772 295564
256034 512758
836920 267245
607361 746360
249002 767712
600638 363390
140958 901553
518111 982493
52450 268447
74555 217336
208593 956065
918857 625753
501260 286535
741316 595114
920666 535771
137932 871075
590327 611551
852965 351677
741722 803745
451608 273012
815822 848878
685272 297795
205376 617291
169981 520671
745599 865706
844811 229400
760523 220876
194893 931631
778760 965914
518304 317390
627167 775894
433609 37687
887277 369357
245756 188023
949904 503046
37032 492050
609508 351873
389944 275159
563140 255709
344596 308995
896531 929461
587332 338538
399251 190559
307331 557022
489186 99746
87564 718751
361944 549773
676689 234835
504719 93952
696520 121946
559416 391972
193255 796906
905109 750316
15971 281266
881973 492303
581446 349571
375466 737226
870285 542190
31497 770972
526500 712024
119014 509780
131538 860029
117154 183751
978774 687955
153531 329764
851719 268272
266764 812933
839167 985713
978177 476519
69904 982936
314866 788151
334227 220041
715608 472052
139225 810439
150797 584854
991723 219599
883588 174620
228768 571132
903097 820830
480984 49371
831414 803935
935075 129060
303670 620619
809526 928329
683220 368186
333557 496800
421118 127127
978099 993834
410381 534270
551950 517914
929312 846446
658730 963061
930326 470352
503046 294251
967133 586887
928998 192694
561358 5903
528112 320731
974046 611125
66498 456476
455328 811384
105095 574377
658484 77996
714731 348516
314489 293311
683929 555442
292268 254176
893159 84079
3939 981106
185993 977773
3994 757388
408973 634518
656240 194331
868251 41140
403066 490453
61372 922690
309831 662360
200056 961073
219760 508794
541027 959613
144724 580661
907744 819859
880407 713577
644825 971691
150195 420927
283476 721770
498123 789423
419562 210112
167479 93384
810383 425977
934017 830517
927577 514156
247909 426429
1140 869878
802165 781680
250994 752147
421615 910147
988179 739014
826929 280772
98573 755322
928454 764253
575227 676582
644214 174448
170889 181426
459746 729452
743711 975441
161980 327196
608031 793589
365406 795559
439793 637809
45729 268076
46501 100893
693648 760230
176740 810574
769845 407166
746141 624238
321012 970987
749217 867721
290976 791590
473782 909558
734788 151613
827169 465694
808911 507513
289809 283982
70391 459745
835484 592611
955224 268825
76156 575450
396776 81471
849217 20607
534756 929372
763927 101913
824868 714752
387445 8363
769706 383108
483298 629544
805281 642506
267207 772334
918595 294739
962110 85996
100964 712705
786335 230284
132923 741715
190773 517717
705672 416695
906682 609127
394896 816553
75456 947890
687485 859654
455987 435318
973072 420009
812996 662859
123380 216961
558751 439204
83487 311361
769297 576228
448818 516561
367955 127605
895674 797602
532029 54430
457144 446928
270373 453947
667581 560639
301145 24397
952088 975429
359828 937907
938378 602010
196800 609217
868099 18657
241744 141702
491891 868672
431833 736531
185809 65496
644728 379383
38525 780592
438890 355553
379065 792712
405542 364349
5049 226104
576223 409656
988874 841973
103743 354022
407423 529185
251066 253800
583395 545788
89991 583086
568607 944716
430193 61299
398979 562736
870449 807712
168433 969549
889253 293675
677794 957698
655811 658432
274917 973320
1822 519492
724780 905774
725963 798118
83540 894032
898347 129375
697302 121348
432398 993695
261444 130759
186613 48909
208690 132542
471783 251833
611308 448155
160569 611574
732937 594202
298433 333258
627793 872105
715031 532227
943463 519320
876718 799312
968593 519908
50143 679028
997848 27354
149045 647013
415433 323988
644084 547694
167215 332611
133678 751049
988261 420960
117691 813800
768664 15989
546636 636309
186572 583793
172989 529128
541486 525748
543845 830269
506574 377046
980199 720519
107505 215543
927600 893698
761782 654270
703173 417353
318003 921118
179634 239846
698015 435531
458038 861284
43861 373340
389929 74136
370455 71541
447699 582749
573087 722159
739592 794052
650425 512009
165783 939398
137246 618976
43862 320212
693342 749419
521389 592549
264898 737780
914965 737173
979323 295131
624355 593565
170420 301423
200491 816741
958951 680405
420279 693911
640273 606456
558118 342606
77801 317886
562022 197136
821318 718542
620966 656781
19657 305279
293841 646685
210208 888468
101862 352365
87298 380246
758603 327091
940687 854786
16689 38067
651799 316161
391851 922103
404632 922930
447249 946475
590984 538520
559707 554716
31700 481775
39480 261727
547630 709460
969834 244799
648022 33623
772827 367211
851270 207723
602983 857046
441962 265038
5113 203381
82370 481657
866776 129465
228474 738205
159202 41076
224307 588828
868890 849391
34148 177442
387997 890604
985461 508005
209176 992013
880934 550529
632746 406522
549611 900962
119074 401953
670240 944915
892668 707306
226530 507808
206662 682986
610071 867155
250185 710819
562397 775737
907967 354941
189074 285946
55336 359492
581288 329904
882809 437618
255814 369417
199642 554838
773855 168172
189207 125677
830355 260545
592227 284418
4627 67337
287136 903506
322595 435658
888416 634776
438583 168303
356003 425372
411767 559619
884831 562990
187643 415700
376028 790412
802368 375568
646922 134017
73898 869393
538858 45368
446426 566809
546188 356498
148114 707817
647656 380613
57265 798291
584187 603066
338620 105040
753162 988043
651236 39314
60830 451135
691907 398674
62963 373939
566103 755510
64570 558769
271359 761692
517533 656670
778366 381433
402233 520098
193295 13410
658251 753258
460727 899267
510476 370330
396291 830248
27618 592112
579840 729092
422654 607267
634532 639649
549775 237429
771780 932046
727977 54505
715700 697723
411904 643949
672559 161086
495795 180599
503796 529410
684067 975016
120261 432181
102180 299488
597290 139476
484016 304312
459217 445223
122360 405376
845261 552192
269280 123699
398575 498288
592835 230329
623327 42908
859924 168293
346704 126947
307111 228365
516978 891408
464314 400492
560232 531310
617587 179166
68950 89025
326666 587771
893155 769121
47061 352104
227385 108439
804947 559771
618884 726845
714940 511716
430327 33237
201160 697038
299207 121216
367830 739155
275241 999442
139544 926941
610529 250481
163625 63472
619436 863326
71125 652477
642268 45968
738313 866753
985568 110649
964231 377426
433048 349295
783478 607307
647956 100324
99747 661551
981077 80481
848873 462391
205839 707958
631734 856420
399743 237777
833709 502420
958010 759879
128779 315857
126148 593422
267078 390552
782302 556437
319749 665560
558255 922332
482091 830300
990331 971018
340881 394649
300892 392208
326592 703561
804686 5287
212965 594054
520112 832007
448896 268219
164009 650010
484749 827994
434268 496372
630473 183673
596069 392680
720766 517324
220063 724436
635122 617423
97245 908802
113276 500086
835197 84506
318438 570460
936620 736661
942846 30964
646535 283547
562716 626964
320630 508583
567903 977500
754327 13487
145415 997259
855390 837633
784724 934235
48637 184983
914051 781147
257026 903650
616023 164726
305154 128216
728816 982180
987503 71913
547054 946167
535281 647597
195226 611379
278572 89318
372402 207852
814436 604030
671012 437232
149746 995237
456052 881167
289245 854361
466016 463606
568296 110302
186791 231019
978194 638492
223179 538527
249105 538249
422064 330759
257380 993939
518215 644534
596238 15711
777932 275488
653254 925618
787548 177718
241671 565439
288527 611420
138621 565534
60859 764400
381824 831793
323342 290482
803496 139654
514627 895312
79627 206236
804893 156814
324933 876608
261222 28098
896587 820987
774909 499532
878322 988086
983202 163609
311782 968482
395096 519389
510376 345954
894282 353311
412657 71945
912520 193601
368373 882677
592516 126606
787396 985480
210252 244549
367605 156832
879325 140639
85286 365750
422172 411518
617033 454749
368526 656776
382996 705294
174196 318932
461922 614834
86666 661558
291606 767692
160586 544309
99844 84333
364085 759919
355894 651867
348461 35287
900049 320377
273996 365354
855588 480653
138780 942508
146527 884879
667176 38146
739268 5434
497440 762879
851593 135756
384095 937682
499841 65426
191255 50749
165864 240549
917679 568567
346744 447113
649227 913308
333810 356801
317468 470331
67059 690851
844694 600513
171692 343503
587044 270339
208367 445529
282679 301098
613379 634566
451022 830726
955097 511434
176632 976912
414408 358903
523358 441224
100727 886429
812925 513637
843803 849991
920272 462245
995688 963958
127227 578840
865145 926232
121635 20156
683000 939953
763840 605976
620905 741416
57483 609615
133770 808499
732700 976897
654956 963935
686035 688961
692925 761743
122260 5213
671317 978544
118244 134424
950190 893077
684394 342373
220275 595940
582934 374426
198336 440206
911914 850572
86089 803903
954400 797725
158973 191474
986653 494115
999557 557683
160345 335095
349132 301436
644562 543758
715840 432840
93934 12063
618874 974681
373303 723587
82266 986748
81731 675007
605457 613655
751472 573614
973923 29877
354549 808279
437065 509743
233347 491435
416059 902616
154195 642861
238971 875949
733000 36748
420492 911431
986425 545025
416732 825259
775614 391179
41035 237165
377585 430448
775762 447953
403661 804454
338565 456909
82279 152860
512495 5809
660553 636886
455757 232333
629260 108696
151178 176364
795399 817899
635175 956789
972083 346176
518060 158364
234360 704655
462816 336691
692875 870526
129180 779354
565798 19682
440073 76200
490020 161359
814593 166983
649370 861030
557011 30782
610407 129876
499524 655266
589525 103126
1865 410967
362417 520615
314827 32718
319185 596906
426596 387436
495561 140027
697161 194833
110411 157880
967615 823476
94888 172322
191871 806122
220935 12031
622025 669746
65242 727539
466911 224807
857125 263268
462443 268290
756024 969137
711716 43649
215232 886498
307803 696575
851990 703090
353929 202753
530810 735991
428423 683021
90368 645652
811685 766044
725011 514162
275256 61809
586658 472899
285351 50409
369306 801942
969525 503451
135429 779074
136788 242371
462841 2777
728175 484438
323291 884162
701221 540825
519106 236408
999104 391856
312930 745951
648490 597751
302925 930931
470000 456161
175685 427880
363272 156280
829958 285038
307604 349627
428470 200548
368843 299252
287834 170224
797956 531485
325898 653038
888051 426931
69402 316972
730241 821818
658410 264189
19976 619927
617954 631500
828483 968079
359946 788885
179402 158160
721098 528295
551786 9926
837715 94718
268037 592043
916980 748492
670549 674286
174716 934159
445762 252186
187969 882033
951940 156545
895045 620160
896388 720451
560716 75585
319425 230497
190552 589906
344392 561861
582055 560101
326467 286505
302236 22895
268706 221233
299343 516174
197 129085
980799 809931
740063 114727
930277 575883
213949 78312
166512 800520
854747 568231
486037 987168
350808 839613
926901 674863
131242 725816
679600 346524
359043 50137
662475 33713
644012 340769
971546 628979
187566 161211
661293 113503
296680 385406
367115 872177
575252 429284
474089 953186
531994 435569
933198 34114
256298 522971
202795 842907
737391 552080
589647 525039
779576 402906
791962 790588
128484 811837
348080 231759
724986 33248
839774 623048
286436 420382
52570 10777
988149 921081
16180 438596
195332 360286
500254 31984
922353 736148
864030 157385
736353 639804
95455 158801
340644 180049
221806 5873
975778 347571
54363 270315
396025 202610
622006 490744
277658 707061
653074 867021
186176 83182
797819 974830
355361 63027
599130 179869
851876 141994
107867 4923
544105 124358
67016 118819
752838 571612
918669 164970
246527 392659
476796 925237
30172 557772
860009 10046
803075 661309
357610 780964
211379 782432
749981 936518
781497 978334
903456 513555
112922 934861
904626 711181
703773 768328
191543 646256
666918 463083
287258 963828
961476 254095
568173 452069
843813 180794
24699 552690
250006 20959
717485 835415
955762 617530
988183 291773
328091 583871
353897 381206
942740 231832
898418 935101
48262 205665
