100 5 4115
958324 57629 3
385605 25529 3
135442 978771 2
83328 685752 2
792559 617070 5
162614 936192 2
574562 287778 4
306219 576258 2
584006 466930 5
925038 759383 5
266373 427786 2
964006 764940 5
518999 847343 1
577857 819825 1
924744 473403 2
127021 972158 5
779119 327456 3
369458 734703 3
535633 592228 1
624499 287778 2
590126 940985 2
29596 977015 4
67885 957228 4
70409 28540 3
621118 800526 5
285592 180523 5
321246 406725 1
684152 219298 2
409996 453042 5
856110 493624 5
903785 439761 3
789960 522427 3
505435 622679 1
889967 944422 4
934664 568330 5
30466 186819 4
333909 552461 4
604639 846673 5
148246 841778 3
981319 789828 5
640854 619429 5
289811 731559 3
150892 261056 4
733587 890509 5
441804 883022 2
195780 475629 5
542549 707028 3
810440 896803 4
367468 719147 1
503950 411573 5
832548 709614 3
451959 591666 4
213531 313316 2
613941 476178 2
544247 524463 2
438047 32414 2
195673 657335 3
654790 316450 1
904930 281450 5
872707 670082 2
325745 481610 4
143422 665198 5
398839 796558 3
955164 88403 5
625806 285335 2
150889 380669 3
585955 818587 4
27940 534683 2
321758 665795 4
137048 379339 5
393769 612917 1
175202 204235 1
580180 623908 1
773162 411243 2
726241 840707 4
712962 932007 2
761222 624670 1
181769 244321 2
745392 884334 4
494088 879566 3
788510 157848 1
787416 756578 2
208894 515861 5
112284 969233 2
852910 392385 4
131492 347505 5
56370 907965 4
407403 259242 2
873157 808674 1
106583 69648 3
741902 920774 2
11954 954414 5
402591 446357 4
646258 312781 4
497252 459794 3
383837 986244 5
265566 810368 1
576701 789474 2
400844 100652 5
872127 64587 1
363027 188927
902938 558407
823190 293473
586426 244177
742744 899721
329604 228709
703922 77729
765140 888831
977390 160400
954636 603587
369602 722311
283072 369643
696111 951409
861406 897808
675743 662478
738460 672392
409474 604013
57165 920033
534469 124100
88601 182119
23444 999400
377686 234463
467957 351876
301589 442967
74531 987243
766011 908997
985784 772656
161358 778949
543098 109244
553208 729678
623977 676302
844157 656272
833853 10017
354005 310396
659955 951651
971615 558315
358245 476897
291570 293222
913957 467026
190617 695027
956229 530027
193324 278122
600838 317568
507500 433101
930539 681391
206028 768995
811705 786599
346782 67972
681219 828738
558453 461235
511369 428525
395910 527958
136938 17468
74299 436186
793880 762010
394849 491763
676499 956310
947457 701959
569391 445150
29450 515111
391376 791386
592256 483602
223296 768270
191815 182144
502603 612915
883352 630572
17078 995405
721273 431278
145260 491213
93873 727471
409166 333907
359833 752709
880522 10568
505709 972756
565751 103545
934934 396780
728696 835222
103321 469035
177812 436869
778647 499583
484111 217853
189087 910219
736783 563874
498950 778500
368407 502342
296166 909085
866600 97979
152024 783535
139848 586004
919603 130619
277022 334497
682949 159382
544278 2024
524489 523568
143140 469069
881730 234437
796607 119216
241748 187029
308380 875033
461626 396822
608358 377491
464478 104287
490825 946836
414088 583704
967459 91856
269735 756559
354000 551994
839600 542669
374745 768902
442539 985164
725287 134057
985751 785370
855575 813973
89608 204849
889552 9165
625478 725018
512660 570491
652022 334567
273530 880520
720094 255100
575677 943203
903205 717222
790248 208796
280206 59032
331253 658244
641410 719281
651496 708378
447974 846199
450218 619801
327266 441033
146827 252591
862852 461177
64476 387970
338485 819265
932725 379577
770235 961930
706927 104840
816795 220246
74885 467877
578961 22315
425156 501449
96695 263964
920461 619550
522459 12544
366801 571619
191376 345535
46175 48183
144692 921474
458533 581086
164742 277251
107463 982957
564381 431393
304386 841094
870465 431314
504804 171725
111832 866001
554619 684798
901784 262771
952825 761910
361405 932690
136172 738582
71133 697909
649090 218447
593284 428718
710132 252208
218274 289337
800565 721920
774947 444734
379351 667788
771724 640844
730688 593146
385487 737887
824211 294610
488876 385989
959800 728483
726666 139716
130878 635163
633673 513987
561220 96664
268164 172203
737109 421284
80894 920486
391714 303055
276192 453297
344293 350737
882576 143619
767939 484943
567112 943140
874367 821670
456145 353925
888207 606238
675071 822126
356225 146709
362687 467231
184693 863943
527601 28072
368686 722980
383732 159568
280463 620488
810410 736058
529090 460055
161307 603480
485782 91067
259968 318401
672685 444943
520003 226684
202270 130878
327686 760111
921672 581616
705262 124283
402204 326313
47245 320720
764327 903675
386703 55604
382310 518791
326558 684834
697345 797686
447385 177612
186528 514244
820962 319154
253779 954090
276519 614939
139807 523320
60861 279470
900280 442315
269896 21227
581517 225657
778789 189152
879011 886568
919195 493243
659863 17511
364068 787075
587306 52534
165233 329911
554648 277798
729347 248961
782506 674164
99913 668538
446675 619719
685386 347253
506599 852212
227299 774668
760487 250389
993783 616477
959745 588408
15236 533090
100823 331641
531426 743221
933524 320514
151569 147524
225155 38413
866487 571149
284277 962870
105176 588678
862905 553077
455476 805584
874196 781617
128205 141536
858225 780817
481869 953286
910868 821003
731009 89891
621602 725893
974623 678676
599653 888667
969130 372775
357097 75024
895456 740182
400167 329620
536185 802937
468210 640601
787167 541592
436146 487210
90148 32124
962800 847953
854760 916831
701726 897364
377681 828046
219244 716859
5861 899974
129617 408746
498719 163412
320026 784276
776439 851520
754463 246043
495374 10128
68760 999219
752070 532006
777512 696363
554610 279408
753300 178903
166254 965841
187652 364238
353384 288043
13351 4361
23744 677734
438031 274601
875862 933324
263458 745297
154985 643761
595421 485808
993290 593253
549792 161766
299151 498893
472643 405023
729247 739259
898736 113189
912668 511161
922856 228332
367970 217487
603668 879602
631453 264710
271302 653156
473685 492267
543773 748024
134685 258257
117054 985450
635799 325079
745115 410092
915399 292933
11876 420127
684200 630586
95744 559881
149140 957719
929855 844087
635961 428555
765284 221726
694744 594824
85449 631489
792655 306846
546516 474979
606167 118300
616755 601070
661168 322907
54848 293311
267363 689682
890804 569365
861682 40110
18587 580181
61338 725713
84182 482755
312414 420427
12636 818266
326073 403748
564197 116290
109228 947708
670506 613927
14855 607793
30543 414696
185599 254527
202886 949828
823444 252147
499064 19288
942207 183923
778638 416680
94855 897330
931047 233691
900363 618357
930484 975506
788601 968580
774979 608937
611232 830602
717287 665950
989763 731134
397858 425460
891937 995485
387829 221761
591808 334847
485616 123306
233240 71395
623094 692460
300619 237726
81381 454705
26791 273891
677938 905921
380630 101993
196801 7699
492943 59720
214508 180462
132000 318875
857771 227720
273963 597548
721138 884201
255297 514822
555930 625089
699189 412657
676793 722307
422268 225046
508514 658352
517272 287235
249844 583724
866038 801451
609939 758244
344717 571395
287479 655508
713582 236227
801888 843159
926205 878090
209550 924392
788139 946999
577806 734471
34751 657201
844580 949889
890931 600409
564193 406348
765329 991713
292749 647427
498516 1538
952654 927952
793383 145376
12690 621385
952834 263961
29438 959381
405600 383796
675018 16655
284167 416029
499241 723069
561660 124382
713679 64627
264895 584274
809544 518207
444403 221513
305274 5240
61584 152085
779132 553551
842715 849398
969029 635192
612149 614327
24207 929354
336486 338941
595287 28905
439126 847184
949862 978826
189695 346367
841921 226762
211576 787079
540862 292910
231067 709843
711499 517801
733956 512654
580044 827213
230215 769142
978391 175631
401305 925764
559791 102049
214756 550359
569556 965837
115012 869186
79570 907099
338417 745767
235819 111186
428407 519331
527095 989159
922479 70582
834624 771567
321376 6558
904032 325482
721737 27768
795976 858316
788440 719758
945876 893213
115760 335214
466376 456498
482898 705111
240491 166039
5490 254404
312227 460960
152516 456035
806218 704642
163084 92665
386707 112915
84530 597750
658491 589182
496220 231690
523110 554897
862337 581978
188731 844187
10806 604585
871060 48204
835306 376928
308698 943815
98518 791473
28208 330101
962000 53700
782288 136354
293122 739578
235986 640278
378977 376231
686376 197767
387381 109349
948248 477043
967186 126640
557634 734705
10164 767242
622697 445737
748288 239820
524680 691274
197786 228340
613674 364502
580148 336035
40362 125
866677 524793
240684 949274
900558 88068
733150 702431
281411 677176
65112 853833
480552 785947
189771 443375
654050 333144
114962 500140
176682 768627
462517 176585
384033 435537
88470 233961
822149 352884
889050 813858
923369 150612
795227 362728
458473 499817
752213 440085
578659 191540
425369 204352
384149 200746
81155 776833
591711 373074
690032 278331
124140 986444
607777 331739
66779 639575
490292 267011
359197 149055
326144 211057
252173 22778
693280 64261
829872 895384
428718 118511
884336 203560
587937 103958
930578 212561
607738 501668
269605 856849
345422 714545
750777 213228
455559 650171
387068 910695
594970 222646
910812 492914
494583 16998
31301 323907
160565 575286
719841 373425
584587 175364
17378 931192
677936 700083
599237 538449
136725 705869
837097 525560
430464 396444
713655 524154
183322 103654
878106 788729
899383 53572
63072 863055
508831 122943
960742 893818
297623 462158
504237 927720
789521 759458
695848 797416
82885 624624
661264 278928
101370 43216
138510 384304
776881 540774
675099 407302
678252 547448
873532 870859
776169 663442
422443 683618
693175 888121
41314 943385
61116 469122
102874 788521
163801 746559
445879 303202
374703 950467
483710 587863
972728 73040
230359 291109
244741 993832
600074 433204
12259 211495
624476 708822
298879 268092
440835 517196
840402 686980
266567 910012
225591 522905
870977 238873
402830 28582
53447 275998
393499 881995
987675 515598
398984 436596
480797 243625
810488 99375
282103 803712
555569 709348
65987 750464
913276 265764
112756 495794
499473 957803
259060 375316
72483 285193
465785 302669
553863 529750
925911 525332
185530 548961
213241 201416
136158 109711
130520 19220
267506 375686
768521 302981
54284 986632
513186 530242
771742 398220
700728 689994
44858 1354
169427 462244
614386 683631
21262 279099
153201 137919
319219 50250
142981 869341
361477 27734
626831 364128
921755 73992
696193 475812
552860 876063
365521 760699
115756 577794
924240 189978
180120 669920
210391 179109
180320 607189
208698 282951
836882 561279
288176 733074
458087 922560
503778 654212
495986 58395
610376 453862
307965 559747
512516 17393
984118 965428
672525 629021
502128 781853
966931 247577
220819 115260
115039 86566
656487 408598
100628 810441
432535 99809
98761 306103
878117 917538
955761 181781
801693 276613
715381 944063
846928 352925
333542 303931
435373 644666
347853 218373
704134 717727
686080 331468
809085 661157
49713 986141
819100 437534
445908 260532
560362 493582
646171 86714
831127 382942
530095 584143
661999 465666
344977 678884
958879 763576
339476 742127
728086 185178
307360 500023
805410 412838
870211 784431
803333 347163
100122 411622
872053 596903
505131 473501
637495 980030
833699 10574
877027 230689
376417 367160
569723 696958
776593 347852
596460 988787
812382 417556
730474 496998
145347 137135
856715 285919
909477 349820
369185 202369
374712 324307
977217 977210
488919 708640
940318 76450
679867 346211
395251 373055
297482 429458
626358 792037
28587 814700
901446 780689
688684 365443
520534 723657
985753 504309
55198 874343
357867 295323
747599 743044
114942 22613
493067 88758
354200 135000
200017 881668
433874 610205
819330 582189
153024 910869
710738 55604
557850 726511
133449 213513
891541 252198
874734 498250
255793 786875
742818 143013
787657 596955
967947 254973
923055 429135
877916 937277
939652 203936
141715 355526
190564 360987
604261 809540
248378 189907
666564 584857
398286 930182
601017 801334
487783 221162
805866 633075
274313 497203
421320 186352
556984 956830
792469 865354
948003 783992
905595 110836
815775 894941
137048 555455
805000 558167
791964 505494
573790 96690
910892 820811
980524 338000
668771 448593
182121 158726
689413 77389
658254 567243
958580 878446
39068 602586
728106 141413
467195 245639
459168 774034
626358 354618
538601 113514
740630 319892
783134 897221
819636 959854
584136 379229
808814 77984
380303 924267
89710 924152
233421 564172
351710 449334
219496 851147
800768 303640
877204 503616
595498 545286
540875 624097
629910 334744
884324 956785
704450 149029
858443 278022
999886 744447
503616 950380
530437 828588
313530 20227
45511 495258
434612 754778
53631 368519
72645 390997
165222 857705
757957 336526
607383 507827
738740 106781
459173 222046
234742 177770
648588 681506
192528 358302
153042 309973
154393 147195
429863 736896
312347 817056
443783 576435
201254 684973
111658 242320
856334 325122
318884 830410
962698 446171
888888 680064
209040 959907
218319 477107
266670 879015
967188 575077
245307 555822
526504 294450
72134 438856
82655 540102
172028 204489
737218 378119
335811 671771
993664 64494
656846 844690
73060 404909
293169 398558
443907 477605
902723 456684
202509 79954
326616 65021
286354 67682
908678 691051
510078 166746
668905 159299
853504 54640
211626 965800
733551 116820
999741 566660
750779 203814
419116 339093
794311 124795
505487 771502
174372 563838
32187 728452
670830 589353
196742 188570
294633 857573
788745 4107
548817 470325
185462 364182
45019 170582
668805 279933
11213 752708
386860 226007
762399 898323
96910 394763
862342 301517
70701 894737
480114 672200
716637 521527
824518 725043
315716 566919
398948 184356
200079 190230
551097 925087
57321 49881
878329 103973
181002 779660
83438 927622
142118 326373
784941 658443
362835 919009
847511 573486
587146 898466
874883 863166
901788 721022
241596 97486
36656 676356
981844 501272
575919 854916
211659 314381
789339 986245
489807 882476
126265 687685
598655 716806
136683 506820
99620 532978
96491 284956
993418 166542
553994 507226
962894 576947
890823 266332
572254 713517
324531 933715
302769 954370
934296 51518
398681 859109
449944 741050
879860 793976
572228 65025
606233 232145
4912 609844
629345 574276
689341 35563
276968 895801
226865 142246
944993 346971
356027 358555
286289 283811
903735 271812
644178 445320
937514 187920
560779 119995
417353 355721
280166 234022
909803 437992
892037 682796
626800 608532
436570 249413
500210 62238
46582 537882
114210 223144
26361 902083
522672 454071
743521 184958
837483 694097
539944 781388
490672 311334
477556 81906
24613 337142
135617 791008
639330 811899
404348 124949
603466 747775
111885 973239
286605 402509
320779 113313
908084 410754
513859 584351
857673 611449
357844 663070
938041 409028
500998 649801
398673 823763
248362 66352
750583 508405
147256 939684
816038 366390
853089 196836
921101 37790
164482 191211
110623 111777
174721 877884
238397 341068
453914 718981
422629 863191
930376 232847
78920 138407
51255 870314
134780 914478
478130 729501
972391 207227
765017 853927
738116 648989
26115 58880
604457 293527
503516 828548
420150 13630
569397 48627
454046 834857
421354 886560
143525 473092
788442 753684
916419 205072
570381 298572
477276 684626
55279 182274
837696 136629
364924 427279
794806 618329
677050 696901
398481 451267
955464 537886
553856 608656
397611 165556
912121 189146
882313 410269
696098 1875
473348 596193
411116 258448
836707 674548
612229 831000
644343 761049
975087 403212
704629 720551
957838 766118
413299 765985
393904 192848
970627 678201
529859 47576
155174 687129
130647 666226
898383 662007
30233 311349
116337 753098
723856 622972
250388 570537
34376 882072
361467 59150
122249 125438
495998 126282
869928 442199
23331 523796
92812 250100
436469 876198
204134 268913
954762 818792
555087 507642
605796 215102
909757 141017
768960 957662
386098 404301
295412 472568
528469 766884
936691 395837
718604 117276
342828 481010
403996 428855
887676 834775
680224 19205
799999 796280
279537 166567
898395 875
914067 17142
990104 738871
422221 453229
226581 393545
86341 682353
416852 995133
428782 834241
731534 601538
642917 384004
188095 106926
306548 6565
469426 169769
436 294552
602887 639156
934969 327950
353145 669260
773166 704232
905445 96208
614282 620075
566481 215738
693401 605373
208280 674193
685717 126031
284405 52216
875147 255633
392593 469106
849077 411357
449171 314719
831039 331316
601919 26140
544755 121920
903643 670733
882477 580082
445582 390006
83871 868358
75875 791842
52422 472538
261987 382251
404703 808683
422608 564005
302771 629456
982531 205917
853168 439505
448133 203309
214268 396608
689132 588056
830417 780551
637874 460551
84863 980036
397555 150456
344621 948276
335727 724722
601727 123136
194176 3017
66438 493245
154882 671687
650627 809166
392628 424674
272842 690982
403746 182606
918951 846198
970433 986125
123506 403353
131470 229617
335282 246189
113548 986554
873615 859250
264613 584740
50058 345104
63164 473113
702631 787378
639878 31103
574946 353397
2014 534337
41122 340744
366890 73060
695937 520937
480484 84846
749184 633916
849005 987725
670810 46659
738275 294916
122428 271217
571344 444212
971996 313411
307085 534176
694665 683082
903570 903653
863993 410034
137657 577317
638235 312676
363956 871308
13578 822453
668481 620277
80263 578195
438408 504966
689782 429303
875653 491149
461100 162156
932998 68922
16866 337909
464828 507692
922520 815585
97739 694753
912757 356589
81518 757227
9715 630959
674354 537338
905287 789550
643295 547568
479742 209140
2067 26253
466606 97885
889399 449911
464810 249235
173381 642247
344330 435985
660868 426279
564409 970206
337446 54669
215562 204059
782280 341101
489509 172427
8506 331809
922699 292665
658765 928913
406216 495099
3249 754127
753442 80937
838284 489637
250318 429304
378213 427048
130238 479015
138231 971718
362783 682727
695954 211471
526241 880738
413594 854798
130822 165952
296057 105935
234278 16685
995362 295002
337315 770467
93163 900221
434463 699400
20205 938434
844085 301231
679210 326390
415733 500440
22238 590473
590176 367059
723643 497977
285103 329720
43549 148194
931525 234302
376247 477491
468851 888114
457946 333831
973128 386506
132926 95608
314380 164472
383489 218653
756589 944046
608089 254478
162946 609749
193944 883789
72223 83486
943781 852388
32090 550193
848174 28337
811453 376731
576710 455557
816207 446601
246005 331898
103479 292626
190901 955496
287019 595918
45928 932838
881980 672422
202297 147024
743282 552455
452195 729249
621569 791631
825623 202596
846145 753050
39636 852649
593231 344671
562123 743704
300848 493258
90579 544845
305179 681873
206999 720055
332226 465195
664411 536790
212213 687459
550590 88122
405591 827329
548817 155825
984226 341300
874092 707518
872216 730285
650107 451817
438691 655664
942901 192673
650488 851039
132651 241877
261774 913639
780018 133476
337750 249258
878006 719373
261746 71767
875605 28161
783475 837282
533993 248247
811176 714332
637921 574200
938777 475657
451619 981925
650704 950335
416324 172452
260643 907390
702838 764338
561280 33393
343288 160348
954303 912538
946521 995215
418518 756876
1156 834407
36191 220028
104472 643157
669491 135012
273692 709225
668097 683666
709216 230891
552940 21473
702473 665016
950200 992397
622275 130142
319574 632441
567288 212653
965465 799875
428785 578228
616642 594071
818279 427111
512175 49814
722809 829706
153586 862527
869762 471360
110672 410682
725853 684065
738934 370484
361489 248227
647095 453290
631240 553118
692548 595501
51405 515848
213883 479745
903811 812452
829589 306654
870610 258038
107863 144125
792019 992140
860286 450560
435894 47507
794553 994155
166587 334172
392895 524696
662154 782441
563308 811231
460778 62001
200383 106719
984652 925412
569655 231825
582409 438466
423160 293377
387426 772869
820306 753268
869550 752182
584946 689804
925212 943655
173633 488318
949133 92880
310188 22756
591261 718659
247064 458949
147035 227864
338048 23304
32697 912870
736350 849580
744579 558597
380310 223105
490240 425944
806800 938914
75225 292023
47942 920429
291627 282116
378343 703334
299362 539021
441048 149939
141944 140530
430834 590258
704612 187257
634572 326860
772150 104049
679890 394930
51292 814048
775785 41756
972110 109754
509582 280796
44471 753018
654295 451180
369793 106295
511531 80147
603575 60402
188896 214752
240278 72191
390339 885094
605012 200496
221322 476230
8944 953302
382192 534463
229826 722735
875835 640928
661519 671368
380671 14573
20294 789019
242245 164088
745928 686748
296662 155149
233990 93921
402827 947753
248160 911814
883284 52185
167548 747902
864681 144023
473578 308392
844093 676669
314913 404680
377857 611591
407465 950305
169181 595282
970345 404185
458552 490029
660268 702838
213415 405325
35240 214016
725558 484665
465328 922364
774718 162167
465693 918725
537523 240203
510249 288189
472500 796568
755444 229843
784518 227158
509225 214623
663411 878943
671392 857403
334910 510642
441822 582076
181627 194710
680749 860478
482545 596760
335270 869305
318000 419408
902968 42071
93149 632589
322579 190302
965516 880682
469207 604758
556184 728756
125204 834003
232218 54050
743653 608691
448003 609798
374938 53244
486917 981992
956721 625603
584554 313237
79455 76487
639564 108563
929570 124897
858482 799130
785695 469821
473643 390643
677966 232621
368862 158788
591180 572662
527352 675337
313607 94856
519143 962200
293183 315854
320491 778502
233198 645991
143572 226640
35604 56854
567945 240397
417158 361555
517206 910296
508548 430905
129356 38720
171548 721428
737765 647619
704189 293054
565269 326959
325749 353761
151238 8327
307674 123909
682942 506202
214302 519719
241609 405073
634359 714344
277274 856999
778032 860753
84994 710823
445442 788522
402532 736903
838636 473231
36085 583091
501802 182998
14145 436869
491796 635059
522962 803137
595591 592276
970900 215593
761959 59256
448599 306910
987870 76846
748137 647569
533521 441281
907416 633569
275238 28507
766017 504749
530844 445261
321968 740675
415775 727594
992315 895921
492087 102335
565652 62663
827138 850700
664410 300411
357474 590711
69370 478918
727859 753161
616574 64027
135774 416839
428721 592736
563050 167593
899933 940023
573000 757575
987757 424404
770603 30140
966246 190034
464625 292444
983925 364085
397588 287664
36108 307252
533949 320549
804548 64280
699158 950684
687840 821256
191641 433806
579018 860165
345849 696334
992771 43836
551018 571661
463628 158151
803622 470131
611718 311379
467524 457016
517241 820488
334643 704186
519653 74918
183942 723944
58864 319314
105984 334043
876375 380118
226694 368570
788031 785958
402312 912950
166598 873157
998596 676372
208329 406231
316747 554785
811710 867646
474849 605624
447397 306512
818308 977578
758474 370748
389916 814405
269308 710038
440597 822850
743277 41419
426031 236427
43742 461024
366574 154898
385348 734091
27133 581832
128374 942574
20757 271227
591257 542451
745564 971683
572225 90609
136682 187860
628670 743110
530046 369297
117031 38944
303551 954380
832518 906217
440624 654278
583695 647615
968903 471313
58171 169379
5374 72107
935833 862722
828765 63015
462520 697713
819844 281824
602309 256291
470976 13356
250311 260170
674828 34014
749809 164709
778797 883442
853449 301387
11362 391187
770336 113701
901833 791459
585129 260440
958554 983643
983412 338113
241049 577315
193908 334237
537400 311197
330788 506219
452159 114451
545472 540957
523501 308778
402277 796375
401827 248717
341638 46984
426076 213815
568768 818224
713131 639511
111547 353820
634366 517000
437389 728514
155519 87925
643286 15332
948961 857026
117272 273081
542621 340385
314206 597431
822299 297278
862571 815998
255932 541155
566607 639930
693125 341181
584932 657564
783202 454294
52251 964552
874071 872204
220421 845398
112948 860330
50219 569226
737019 61133
406124 848186
62368 422903
198342 228693
731841 435377
535262 935782
762730 567167
832725 830342
589702 228105
234432 63945
473377 282758
950354 267030
570562 725900
931016 769790
971574 871687
354026 453434
909862 144216
105477 887079
231937 722162
889419 744517
679394 502914
469934 768545
406104 544207
90315 17257
336107 540053
228185 38847
890013 943401
700334 414824
186553 922597
431137 582438
129942 453566
836161 547180
294869 41211
861158 827951
417767 487445
961497 828703
638970 341700
619326 897629
912882 506830
129427 433846
158183 401718
127171 287515
348926 745806
312459 218462
840665 507585
162386 705060
44009 569967
325518 133293
625727 820893
827207 67833
444928 475928
253509 997621
659425 56621
386556 473951
729238 520758
299055 906694
325037 911369
428998 42643
745244 508156
4281 377269
548725 339208
36840 488679
457481 614601
785082 862397
641367 65019
401730 240693
319457 728331
476256 976967
672095 857448
894561 298898
374021 449362
371780 225631
551944 846355
372098 94179
502860 240349
76166 8122
324304 185253
47275 927675
534111 985143
967525 353393
614809 416330
347091 309693
302411 838342
771417 195918
188979 411509
829090 808033
336753 876388
21199 410210
37151 225200
498006 535455
906481 649304
412846 857776
714699 252397
332179 340719
506123 397663
930436 463597
232044 165749
686690 912503
395167 413400
182386 814029
184911 466848
869644 782364
142437 15070
549809 617429
576917 295335
303020 218801
397568 862143
979163 116982
979431 318065
192770 817124
821076 859802
251999 831548
324169 169369
491732 820373
912651 717365
862341 236204
377593 615985
153140 537839
781413 575933
368335 550756
315259 275523
564965 595615
476581 72368
614112 111383
118552 295420
734177 792856
604773 820223
133457 632493
531203 490386
61626 626283
982210 742583
339133 379576
313657 421737
151876 600897
15686 118270
800509 14424
223231 942609
929491 482061
948646 218668
785218 949581
670909 502793
158278 513375
119947 218868
995920 2367
916097 854503
211971 858172
54808 984353
176464 492583
639721 344092
383303 864808
598972 543531
602045 281738
368081 589617
445342 767170
91300 909103
779128 645836
32255 961409
576079 448613
131955 315299
210456 291185
279005 606809
212287 802240
463327 346093
831156 951739
406462 220769
393574 569247
645914 80625
544683 553934
329648 573653
470158 739544
963672 727340
949420 86358
883345 234711
552734 436183
155374 390066
452612 634071
957554 301218
320469 659892
257042 408407
169701 556037
971871 368959
735962 442652
950067 259243
446209 38528
612652 147203
6420 896786
915287 368268
605698 437080
780443 747179
20059 997041
258916 870980
417470 998511
74696 792374
363142 616816
541760 317512
231257 869620
832273 135398
621420 833648
442479 229170
553097 174759
976821 539525
142005 444672
840859 638404
748373 901793
598661 607533
625892 112470
637350 179946
340390 278728
533037 326017
640489 824402
118073 675846
11342 60441
889571 121521
183363 750588
957749 756506
246613 905642
989058 835349
609947 703373
920439 698199
675233 155232
749744 610479
897590 430265
285098 871871
420539 243002
496253 278230
517989 197331
903757 635142
393284 137634
999539 551423
218579 869108
587569 734494
516281 30217
755620 989870
811744 11059
780561 304598
19507 788855
489481 271243
123313 80644
779478 238925
676210 199742
248630 549825
212443 419394
394390 196468
853093 477393
932911 36021
268503 909950
402615 245823
949271 34112
376966 435406
107292 683544
289456 818757
235805 914687
384701 411525
724751 987456
20039 811883
523639 441115
240301 116205
336624 571423
512432 268677
977726 955374
755873 81014
139214 682450
930635 755103
436492 560333
170834 730737
883404 474472
457248 313698
902792 27588
912987 444320
4015 63187
553035 807905
41556 226853
529612 904954
637967 459368
260835 322344
259452 297877
391210 88832
836155 668158
884442 451833
729004 782589
444799 675936
996878 184891
660016 890485
960867 95629
741774 735502
830849 137710
155928 890312
509337 514223
97264 981103
940244 409070
258055 849079
782435 558754
308354 66072
397413 869923
897538 390786
976595 836675
686404 654916
736305 748623
918338 163605
813676 351460
993908 956023
564115 192317
770535 855538
735805 704989
670821 278198
381245 496628
948545 796756
348686 43688
755157 645144
971337 351969
576558 567062
479421 136981
134958 46546
424225 908513
697567 37303
414368 972693
909484 695177
924193 234893
609881 203527
833186 190418
759224 446413
205159 55799
290466 770897
627811 690394
938624 729018
502536 809422
570254 598834
984507 350125
311118 754098
602813 989961
124451 923548
373751 287859
40688 62515
126502 615004
468450 810111
875787 306004
812613 300034
768707 586417
466909 71716
192694 821846
125622 702204
76933 990530
459995 546129
998947 93147
430901 432958
624563 365073
498542 785230
999509 896726
34992 283092
530003 769554
882804 101016
515168 758615
811077 312878
807119 345018
676749 827094
329346 440518
302526 267674
989372 855183
173608 838721
135219 812535
961142 761537
499754 285466
758868 908606
784788 111246
975297 226096
66553 414066
291909 677242
1341 716131
732982 686101
382607 682762
945794 21739
286129 402681
453655 676099
362771 574798
616373 288272
881970 575916
301481 30334
153248 849263
118512 450905
357954 978108
949938 850411
737837 399559
520099 639270
283876 162067
223732 344684
251727 689883
65901 170357
964403 827812
161980 513762
475824 640813
41172 953770
852221 781862
942406 687309
204932 415509
27232 483643
746293 475909
24575 524721
542083 662358
260098 581359
656708 661060
901489 210221
285468 759411
681799 962199
380878 387634
582892 598025
91352 609686
137105 197932
495608 390942
562764 647875
602451 242194
422428 485010
932029 984986
791865 658788
480490 407623
293877 758145
208164 887855
75672 729585
427913 595614
285500 555949
543363 793758
624471 818601
379581 489326
597595 776332
944440 375558
562102 198604
32689 5929
396984 891579
849715 327207
344327 640982
41290 334743
34473 603361
907538 469423
648670 81089
452200 826256
684816 165464
911579 10220
996854 865289
513064 848050
667497 315792
625737 336757
505338 806389
801374 128962
225899 259895
500513 629794
614281 594040
890349 263400
28920 714868
8674 881282
236208 504421
288691 524873
209335 514835
992735 782107
873946 168480
555216 424159
749449 946760
572461 746794
412296 280343
511492 902976
61876 184714
504636 785854
309249 741101
426777 610776
408610 943888
693736 663805
65780 47059
565671 377957
220635 41045
786542 21201
102948 570163
427816 307931
386129 302868
465787 83539
192104 494112
72596 86922
544938 681043
476580 251566
942192 233714
633386 325288
458506 69371
639205 83378
558142 863336
715189 136025
688712 548191
580545 336978
620979 548268
125492 169526
367227 821580
36963 328244
54585 242154
809337 245202
553924 423740
847962 400288
66998 631435
833236 560323
288848 793927
662569 122950
846282 664420
988599 834281
110325 804715
334888 147909
987586 44146
755808 362050
97972 617206
376258 469110
624075 142686
470691 555785
711555 380719
747578 198593
346616 53038
342408 597424
271281 22116
65859 981198
343357 423263
337073 333321
296499 505181
545399 753203
741057 972694
510216 660936
362027 775809
675361 585332
529210 637894
746789 724889
18754 967487
300881 433520
283483 684816
128980 567852
799587 702474
932117 78274
971474 618190
184202 540876
527981 953982
294105 894244
152342 697132
719592 800741
383479 653656
179243 715271
384156 296065
596666 75782
693050 186780
589912 614527
810369 664142
248437 802016
907312 92329
827233 941984
207610 196033
751363 423323
107425 595873
694022 902292
527929 298704
886012 722683
530845 681208
736413 233617
100722 728288
358929 759156
697020 483339
337510 758364
728132 747194
316797 710227
388070 747835
723347 572133
543368 289796
143806 851429
388216 240310
414933 942461
123531 986194
674908 393979
383196 65524
657829 689729
169628 979496
948229 595144
479520 563876
339382 51013
770361 936014
994485 60323
728605 517535
144520 8836
44663 40265
808430 873591
485086 312030
683913 683342
172873 453453
292383 647782
856911 456891
488147 492988
542701 804909
997261 436422
353620 732288
641139 902490
857582 589336
877193 861179
645123 679605
320108 794711
171988 204501
38168 553735
725647 733013
257411 93492
720675 652057
198680 548087
241006 802735
611861 552033
941867 193012
10661 369946
166071 138348
867786 984937
68777 286917
239668 419855
504506 995124
988059 80061
487551 275574
435120 376204
373407 901244
124304 873723
147202 748586
800504 565583
175562 885362
492735 505292
463865 228988
30726 308191
187788 885356
841901 890651
805899 508733
59492 275191
426853 348905
97934 785429
867121 395540
304835 845634
688774 585141
749116 215556
252474 449040
289986 326776
471773 955576
93326 791012
11947 832016
313620 736274
573835 875012
81951 143724
404409 108975
231293 518394
650997 67788
418426 855334
499346 428285
617506 519311
284991 104255
722244 873442
781247 58588
656874 55002
650970 45795
161953 998910
781421 146367
141258 731081
280106 426113
339244 379062
218253 848679
435989 895823
406514 805163
227565 386683
237489 542201
488726 959899
178799 995329
643129 425050
994149 15216
569822 365179
849421 849569
269993 486875
489421 150800
870709 166217
67408 738978
647387 410031
928528 998113
622468 699476
344362 726314
885497 556980
773318 577917
205350 173424
151853 21379
570874 392059
404278 254109
917532 369694
824379 453852
123817 121190
955269 224975
15253 200292
483926 848396
515837 319706
619591 894361
26000 962827
346172 680222
505635 623345
370050 225699
256156 173054
197328 745890
713456 820081
170679 758948
446538 914103
323229 778318
801798 65705
661144 602954
674804 176963
200043 926765
34825 900693
526252 515229
415755 251111
159157 518379
603412 538492
392653 448159
876770 738561
126401 435711
378916 749668
582347 70438
963804 527498
526743 322189
983959 488646
668062 168590
809172 316090
887832 772500
284910 749034
765282 644630
253296 760493
735574 622773
525236 713801
882467 163815
723260 28689
372732 335775
939635 518206
64419 798630
476895 977113
420915 139692
759961 17814
415634 196254
944675 296919
939330 582463
795778 964174
509795 261458
391992 144840
59840 738475
193916 88215
781196 177964
225375 85603
968910 79427
727104 865718
926918 839602
692730 897126
804861 549060
182094 603661
932696 609610
96916 286995
304728 259507
175581 896753
795764 847747
863985 519125
735716 785902
308468 915733
906833 106040
836497 129531
456009 459276
389747 448401
391319 752547
133345 776266
563885 719529
466556 310248
847170 593745
53096 658511
987351 362733
74537 34786
512018 530169
899790 169441
136322 541575
148222 234211
334240 269364
765012 686062
400168 602681
177205 867263
250712 835413
899437 259826
637251 51695
44736 987154
28944 528315
795044 601991
85500 122770
295634 1464
264771 123747
211458 525183
347546 409841
543785 499751
60487 89683
551813 996839
584296 283646
15640 257761
416438 166968
761641 3744
874122 831765
542681 197057
218188 281004
193128 100797
846756 445849
56588 422235
39874 725056
748214 677921
742953 301704
570023 671608
169517 494032
985162 905479
710929 764853
153260 2849
625493 949835
417787 486455
75298 154571
329757 998323
6630 385117
832515 744304
283793 96576
157859 722954
25707 802799
315934 731817
941960 296302
781079 375035
200071 606137
491352 761182
226952 508771
895982 911340
798080 796326
474586 439146
583937 802202
371484 879094
261730 189785
403667 940678
753499 832805
51042 732637
37568 464737
11321 931525
627688 335261
61124 765889
304595 579447
238030 157170
97588 934169
969712 130599
837483 682800
590516 885239
734517 284709
715184 956223
729783 780118
418689 227312
251062 534980
72398 424766
283239 891649
526791 194837
346690 312866
354163 579298
588018 976989
384891 468952
365739 206660
900114 2873
555280 631603
92998 614480
311265 425415
608457 65717
473838 40770
227474 539239
952949 829711
735178 44232
56193 593647
432428 456533
307831 567433
164263 674234
682721 218298
324380 500319
199267 9660
256186 196729
353399 398823
763062 852157
246962 583023
51272 850334
191327 13266
127336 140774
402484 30786
655047 489210
349401 779633
333014 60701
847628 858301
215229 633799
414518 954001
805115 139376
501696 733682
329860 349891
650626 318511
422768 49358
24499 272974
358125 669523
887034 396380
723986 161893
90963 68733
660195 669503
833680 568250
674414 97058
694508 130411
534457 464279
221448 667796
448839 979090
928322 993053
454684 305317
928100 621365
456628 993081
972268 853463
300856 703491
989233 891177
321039 638140
325064 196075
407501 995324
13261 638223
501566 445744
713819 821975
958117 546688
176542 128941
512335 631235
46329 865973
267875 471906
3375 433577
211214 848073
164249 671864
792744 708002
750081 887459
72879 969018
108424 956535
641294 441790
47917 542527
284696 591831
716673 676163
836829 881093
525073 931177
584979 493348
682092 101079
395905 181119
42603 509222
961969 85187
157152 636836
54685 123231
462067 110807
889502 960049
842180 616328
365555 63054
97803 82628
822638 600218
838031 142074
660903 261216
748373 186359
693413 282955
689126 247657
148896 157738
911839 978335
103181 278582
957435 523584
733942 264398
90238 438688
700690 858353
898121 164562
476793 107672
332790 694829
501696 802787
218005 991456
435311 126720
516626 919899
849867 22083
801393 184208
899223 674697
619414 136018
194536 137612
68830 926196
36342 403086
277775 292709
231605 675775
344395 644151
384900 957990
338616 335175
411493 887636
755940 907315
587545 200214
185697 782936
169143 959598
346682 804004
944198 899777
831628 836912
309855 526447
464086 574654
213163 979226
985768 468733
744047 526554
506661 166685
407189 363132
432483 96439
57975 801216
655390 200004
731521 712863
519387 62301
151221 186472
670150 321712
372946 226727
352514 375439
87586 311771
793729 16530
993269 796761
696772 979718
924509 601451
302233 624059
182953 666252
240501 260979
735799 407650
94314 70299
173311 714171
519579 634064
283229 719935
114266 67839
747657 812813
402788 749194
645582 349401
533501 270990
639854 191426
357086 240080
995329 654185
944643 931673
48081 391852
281516 100971
944676 320926
470912 443392
666571 981255
491904 683323
642978 866546
870180 662373
719597 108870
968455 910770
928347 671967
623817 515891
814597 725069
565628 872769
379295 69088
48662 274690
626236 193380
170386 632277
174869 544298
180312 355489
986575 31729
180185 310595
245560 144269
36070 785807
576133 359340
599689 501434
501729 910202
200906 676035
35844 375549
845129 525377
395497 47497
173954 745390
75695 96377
613687 447866
39309 841861
955688 485356
800378 989214
483935 207426
666191 342295
468360 139836
994042 223698
542939 986001
325236 522342
652469 993693
328564 104815
582808 675847
86385 439543
391980 414863
655701 689182
714436 769644
292286 975911
256672 872329
280776 799253
769237 857900
886434 754691
920765 526441
644784 106346
452550 322921
769810 356091
603935 839449
27053 252380
368136 849842
310749 687085
209035 573161
308987 848055
120858 833542
807696 108331
79355 866541
984269 462078
889861 702516
635529 479553
200584 921745
15802 630624
496013 414358
551509 626901
614604 571552
80331 828071
998988 809083
236451 232893
872977 234379
673327 99560
710604 495120
902229 276430
943905 110103
433760 659909
527649 235446
686028 449399
675029 454131
490990 402783
877126 238057
299251 736430
607475 26624
31602 823416
175895 495205
770102 306373
921604 130031
23230 262560
712672 655746
575620 861846
696366 183409
426991 969112
519816 382995
688485 167202
574624 443093
806667 385943
250743 434304
768085 721439
694102 414399
24207 840818
525919 91538
325616 251345
117565 540070
614210 35812
535893 408401
70341 913578
393097 189195
556661 456031
499507 953510
915841 990932
831690 96881
253593 679032
397333 279994
161445 478372
834727 361861
959391 684047
691333 177366
628060 731191
513922 14047
90097 115806
701755 187792
740634 640200
706464 437028
50111 998354
126184 945136
942289 241438
84464 316956
561872 535392
213925 635026
33220 772597
249796 26437
334129 952952
916773 976354
506153 520984
85671 399448
869644 585680
179204 512280
910981 787272
170688 467493
395741 371745
342017 453621
908822 262517
419171 937663
513316 325669
47904 405537
328212 350469
151377 601963
802863 956393
344878 174125
539391 859300
893969 650358
433400 471795
8517 45311
658873 931101
63122 951522
91358 524142
887250 357025
546353 790682
235961 802187
877461 901190
574918 881102
771587 629570
867577 659285
49958 226502
425897 576005
700794 570605
11223 837907
423284 767404
333572 408028
480623 172659
594653 459590
961839 409819
992315 131696
919996 933720
350980 225654
265406 847015
577616 267529
245872 310957
64982 818114
263644 850415
741580 404834
886141 558785
812685 551754
595694 26600
873186 967619
808208 283172
447677 462540
320784 813831
180532 926099
525026 192691
699705 676761
951321 227964
876702 155849
680645 449528
263026 21244
915019 274402
906818 155362
943000 758552
145768 348483
667876 100665
863771 53574
868814 929190
766743 133085
877680 665221
704096 450213
364938 742771
727898 907719
670422 451080
63801 109850
371762 291962
771553 822816
647307 149274
424987 781068
57434 846789
817297 52690
93676 578259
254502 20625
596707 67624
308337 346718
390173 369950
599111 849231
298858 292738
843238 323595
931743 2513
206594 933206
727232 651365
546795 96059
167683 911873
816748 573031
9002 267847
400504 777147
526309 420900
439983 546829
678362 949057
621141 175534
441074 615213
753851 277960
57313 382809
390685 327158
883438 311547
868204 161986
236572 943724
262695 76602
864646 684226
354316 281962
362163 250328
818118 288096
107041 39635
638939 497508
346626 90264
520848 32357
896767 71121
350872 512183
504955 942365
868958 852939
293914 698600
313681 470061
656045 381837
230161 507607
232173 556300
467116 936752
969297 503174
180079 943275
723510 393360
984913 897246
274838 579270
90415 996432
194138 684309
666208 410052
670575 887050
102398 252441
729467 69707
485654 395857
870313 144324
441527 387186
154692 713197
447396 753731
348589 77627
793924 725520
765990 501907
902729 252166
308897 388921
293398 296128
360234 305036
730021 812330
928542 133547
596063 399201
996291 781515
998037 352962
513694 170528
790511 106456
159240 459304
275155 580687
241102 100364
629970 562077
294430 164668
470332 61757
990265 301966
749131 422775
878265 758576
180601 492542
843002 828805
236822 35630
195100 832562
176999 176439
214182 702997
319157 872759
915843 277187
37981 190625
82312 121095
919318 109614
732816 38812
619221 705739
552403 706774
270771 352858
381100 180968
333660 586088
71098 476023
716571 855299
226292 826648
883117 780177
4742 955060
158717 341488
923309 199618
667613 970926
654424 427077
205180 688056
482436 576706
769019 99866
471126 223398
461999 884774
893686 689819
73223 75720
312238 839233
844266 677316
329553 342883
31069 914504
695693 506420
750501 669337
362608 487185
29178 993334
118506 856244
208461 683842
848515 774661
966250 359746
149689 261535
290971 373468
136669 640828
94309 254327
914631 76887
488398 777679
567988 421438
713675 275256
933049 929762
66198 994863
181675 525074
610929 666363
537496 10933
858847 560532
658428 252777
288651 720648
137959 844510
104884 532359
205715 402120
175171 515581
685390 834351
83988 260927
340523 154856
441634 777622
524724 30566
571380 261145
812840 600960
973742 670690
849516 874370
377644 114322
744445 215633
549435 269705
245689 426866
476219 484969
957134 243408
42796 851986
68233 679898
889895 10689
882867 525132
784321 192904
242564 248915
333653 924417
298971 222900
7794 783248
260366 697375
652805 136223
499003 141556
234009 785420
936958 211366
403018 737444
969348 308005
786591 912747
987109 474496
733749 472022
249080 75806
799349 324422
339777 262601
584290 402530
739048 697247
331724 608331
600770 189100
537600 276931
820609 280451
918741 909388
873491 795796
850366 8867
612942 264073
396337 616858
732300 841389
382172 295531
852094 883946
732655 14272
677892 613865
30036 386556
697982 550600
258975 897293
572142 834631
432452 105893
908863 52990
635925 500188
611304 273624
584302 930397
472056 707151
50802 440868
999616 564874
925935 959703
609923 726416
494517 194194
102817 209280
786587 627711
593598 798282
23710 735139
301687 734348
85889 804344
820314 953956
220970 359
570088 682851
534488 837258
990707 956706
852492 869119
618246 130169
934980 585107
73167 235866
867737 346300
778266 460958
71800 759754
827571 711518
177831 755789
57084 587127
968464 732900
42358 810562
803845 2046
399821 203303
75821 196182
696760 848822
602301 502932
738578 602144
327624 812044
489050 936333
626790 290638
374786 402631
628567 360643
455476 280012
380640 290085
121425 51974
617037 478141
923186 128938
372099 840366
164477 494743
195595 872687
339614 519648
52225 770783
226830 948293
601194 276481
800896 859444
488028 260530
46308 350560
660727 664871
414511 34225
767723 894336
657390 594365
155661 480226
714918 107562
614150 841925
242739 254165
807328 869339
854537 198029
959018 353960
149443 772225
199730 784472
953599 191171
171573 714932
803162 451286
964096 167758
793875 773007
141768 78753
120869 975551
585741 67352
373044 599235
753488 967408
906461 549085
139078 839116
864713 415971
18120 533518
702802 973920
406470 913770
557296 3377
635319 648717
692854 896984
452333 782452
147954 145036
212549 916826
873896 770515
542842 732273
456434 175417
78831 513609
28474 923508
800247 864419
138821 28089
239911 30242
551129 722835
901096 318750
57012 15049
970437 732986
501369 34882
444743 467566
467608 394471
564344 258563
439519 588954
90995 853234
472780 277542
253261 120966
939705 992380
382067 898310
865673 925452
65312 968573
374459 177608
259088 757154
948853 873216
50924 875399
246076 718852
122986 314509
716421 237375
383821 773020
378665 548952
914434 282833
581358 691357
414620 860940
566361 92755
330192 274848
862616 870213
629583 283300
411333 318519
633110 578240
545118 427247
695584 474686
608785 716307
436342 611270
585947 515886
193065 509134
62296 206663
3641 405347
909646 662857
114460 471814
951991 22582
103143 342276
616094 643812
647081 269940
843206 708446
792297 194822
628490 804530
500595 202512
371403 889168
477374 655584
33141 848604
221894 649768
162172 632026
927252 579603
898450 33468
971184 289658
152770 211799
899759 838976
380376 656302
315909 13011
800431 783316
490751 245772
765373 614730
388109 846782
510094 578972
923576 151601
398073 40732
887142 931058
17622 635905
60664 42118
796170 266600
357794 433373
217519 54081
258382 411406
343448 816513
205449 995520
591209 648199
259515 536955
686084 306904
836861 113946
246383 333915
543536 716940
979100 878098
572340 367728
498426 778006
494043 936030
771443 650515
701429 354679
405133 195179
69353 494530
245679 143333
305447 32876
187398 268725
999030 835645
716445 314163
233555 51605
887198 989209
120454 650577
829874 292829
147959 660688
663860 674931
301997 694412
55870 71122
56022 42249
595098 329677
49924 305198
238340 668539
649044 266705
100530 880817
51175 510954
726642 647483
630476 584893
207340 55715
216700 944498
374715 659684
989953 75145
350191 752172
738171 562947
749100 940273
398168 178825
703038 11958
475668 735128
564936 8776
538614 730394
372017 930892
558089 804713
147914 658757
642585 848126
432454 216215
979160 645180
911252 834291
342034 447566
527249 318571
63010 942699
70116 464957
85399 758280
933945 599098
683473 419811
52831 580796
119986 37104
841732 802012
400494 145830
44054 926849
715391 358567
332102 535598
158 403758
786978 25582
516537 295944
56897 949622
638305 879612
189306 656889
566664 180443
433615 320447
660375 317925
813833 148679
387848 574888
219949 737781
994668 397992
608440 104251
640907 272137
532687 553986
735792 610218
973331 227251
94208 728131
586176 334178
271772 261787
954971 927089
691673 59363
757369 201397
600912 409961
324946 284690
166463 614964
506253 179521
952350 303016
366431 480527
186227 557575
466161 914850
263930 325546
735765 560923
5626 327868
307475 271474
990761 185056
858762 859184
858515 345551
849355 13357
445882 107613
306388 123625
365868 435959
263999 965745
219555 477452
143684 135471
96115 743658
269683 674526
48151 443577
214919 321201
918180 44294
811594 597931
538322 256583
660557 456815
533837 797031
491121 94360
920580 129163
94525 402675
82988 287475
22101 306887
843014 527834
748894 537233
467150 425890
743893 610932
67722 399091
315871 874296
765325 556829
969925 572445
608605 581967
700513 983183
402170 922344
963538 224186
677335 759695
772127 257156
192082 346121
966648 212362
372113 278504
209719 287962
578978 222101
775147 185018
595627 750009
564594 338452
236040 10667
944304 415369
769329 730120
603198 996592
301315 413384
442231 3181
770097 321101
847899 73487
132539 174715
164515 981173
120353 906841
1490 708963
550791 990000
705924 591700
859913 200829
278119 6219
260597 794180
531899 648576
284544 511687
88252 302814
58850 360493
848011 768670
636339 29236
534212 419397
462477 237632
766145 386520
919192 747174
767719 642387
414416 792442
820753 844507
717081 988389
984073 81319
848523 220214
48454 71707
693042 165509
117440 952514
99876 302895
299159 225602
982197 638392
886153 904370
458394 848866
268294 983194
145159 834211
379742 938523
573209 560243
632322 363832
798418 417241
537750 467108
738129 721125
123609 657611
681395 651408
510823 480249
38395 757491
900916 502741
230201 391031
446143 321930
345142 170874
540471 999754
670574 965208
546004 934982
458552 740087
657270 420481
241166 421002
41602 721044
458498 194514
692530 881391
98232 747263
266166 949063
791049 16032
196828 91936
243339 893348
992874 518377
856498 917412
892386 996775
966265 48790
525877 337796
565699 894348
111087 815767
698356 850233
3448 562626
645660 930791
963026 235534
817595 598885
703032 338662
314456 249260
335053 618133
554789 370967
489412 694836
136140 646023
914931 720283
32168 841094
330945 461264
918589 164382
168615 968949
720652 506569
95409 93453
713100 563080
15154 198995
128360 947274
468177 127584
678001 552113
187042 609030
631070 965254
3677 436252
845213 968926
133976 997733
874210 245718
722705 376502
274566 696799
591512 514427
650953 612654
774362 491404
948398 922835
790735 894187
708394 89267
803173 371965
64031 450599
8440 402672
21557 685192
904331 871464
589499 631813
257771 280529
468072 430863
402395 494370
922673 916196
982237 777118
422622 91874
861417 354489
289268 418250
556315 802290
14523 624394
612811 233524
721571 971365
532285 198216
29479 309664
120555 920899
372288 404234
680415 103409
68832 8106
641021 788044
891521 743428
926169 606450
437454 189062
978186 230154
915175 273482
832528 542104
873241 429945
626479 15703
787488 124307
32174 804772
232015 287122
260138 644453
547145 930527
750067 465013
355304 592586
11051 895314
911795 301478
589466 709958
399731 606655
118153 183488
697034 754608
407627 415699
448359 314340
409936 546810
895150 159066
21832 237233
250275 316263
769961 624087
67339 186019
339544 521056
569218 701031
202488 865550
629250 870763
291411 634579
327779 243491
202136 977764
197358 612019
868722 536534
724613 964665
705935 588894
642246 458484
502774 170586
934756 120731
18637 185542
351231 788494
282905 854574
469210 301037
366649 28476
912419 406106
544074 909872
482279 440803
752284 378808
953646 883
727240 193262
401286 841178
482130 916273
467582 162657
757250 117982
551326 381727
741403 642187
831979 351878
904730 281517
888350 720357
34779 439863
945500 320828
687247 766408
157782 623171
83345 398181
713982 877273
155456 608325
606417 635380
52013 260921
998398 403295
487101 17414
913922 750665
613478 553301
834435 814365
17995 529222
717644 383903
989021 362944
749928 352913
650462 901096
975507 829975
357834 109151
266882 415363
676037 15537
924230 596634
517387 295322
446335 613533
954135 855512
666430 815960
230340 568268
878066 919973
963259 807972
544488 599322
509943 885397
162094 984450
507281 559650
126694 146975
179543 104449
568969 24288
611291 968487
188168 612763
351519 881446
288852 520428
783304 275871
63040 65728
46052 985058
589703 958603
134694 731786
34827 611091
57103 659905
266950 337292
313878 285799
581054 392961
472716 271813
935625 990822
806088 876622
215510 381322
8737 882806
56796 317695
837951 842565
562314 700281
268443 340564
830561 892142
162362 764824
669274 708030
802619 364495
193623 534015
919479 585345
504409 708867
836216 445579
548824 171461
65887 196157
942782 297743
655283 185676
274882 938561
620986 266463
165372 846911
340460 623458
589148 117777
85231 268081
51874 114150
92236 982604
434686 434339
143154 356480
76074 509160
931862 419606
247112 375101
54100 461444
268340 921149
286457 897594
48789 315713
567932 16707
278892 601439
638573 300321
912477 859203
377184 385096
5007 986536
909259 499384
589856 115416
251203 877162
450816 483360
511158 416028
882700 866707
994592 610685
337307 631361
505037 752587
57359 786443
360846 654241
39167 863293
80141 416229
858305 380560
428269 722753
676469 275346
205496 104158
431783 982411
874476 547819
376861 854160
941889 603660
724525 736893
860878 500534
771462 661529
745575 272559
261082 847845
198006 69765
322664 588744
179604 100889
487611 153815
729941 526086
737099 200371
819117 283472
336002 974759
809165 195280
43529 873777
960949 53162
965315 967326
114179 934419
48315 280318
671313 809813
939374 222650
713635 415680
165187 994583
158316 140480
903685 35497
516663 578639
192776 193908
849745 377273
932170 577078
133375 40367
858967 446417
264184 611564
296623 149139
248455 951576
970301 30661
620025 995577
777947 401641
792647 137768
484583 420584
235699 609948
675937 528745
305185 787007
926400 421293
239489 853637
895858 536372
976430 77044
953880 621265
850613 921823
929361 25816
242535 908984
992648 718863
841780 687949
712275 150987
97846 275479
242181 535726
312327 146295
20330 849634
432999 703747
594927 117147
199471 84293
257501 531758
533980 258307
34916 602245
145350 693039
983779 596759
817347 411059
946871 737913
816095 656084
556447 798218
432874 968116
446243 366593
276947 999599
171823 580695
961397 735995
514980 224747
744774 360286
875647 229372
371600 871395
646444 893410
316178 553803
79571 731985
699156 99642
552797 521417
741758 954093
271541 564413
666701 205561
368542 963751
858641 5898
371723 258544
788583 542605
78873 433902
493617 979351
852956 505416
264909 575783
576128 332357
793892 100270
902338 406430
324263 351597
834883 990342
476084 504324
481951 705611
588659 572244
177585 557519
736564 395468
790671 308676
175853 199189
686919 246767
819634 649132
510221 593134
953902 370691
64577 238964
735556 374210
541231 741338
732330 7613
759884 252438
235314 102958
186291 930689
605816 900548
651540 500897
813818 136789
248148 207759
145091 927706
550676 712939
902426 580920
781967 330417
112717 63228
978104 280464
98523 978303
881446 765702
195434 693196
696721 395772
708322 885645
316824 528604
978658 982167
364419 101742
368892 729645
291092 441980
747999 190765
476522 140883
478133 538273
545001 70358
341824 168343
306821 464963
549224 652153
931732 697804
224337 651811
892838 924996
978408 206707
976032 827386
336564 29404
917635 826513
694746 177045
747011 60906
674527 805399
493900 335639
60554 451098
892386 969559
416563 30491
882372 568413
140840 558655
478697 6043
79325 774866
244543 380910
528181 752184
997811 861272
778187 549419
307005 814188
410819 604396
656582 506237
419227 656284
530920 969751
707691 65176
543354 552328
355544 174733
78324 860629
314103 404857
168470 2139
503398 14044
909728 221541
549991 477929
559411 347529
511738 733036
9554 462699
807952 589515
966911 846804
809698 78412
33349 547234
521075 524362
317290 643635
518481 53604
688971 498649
453640 993296
493707 670574
447661 266805
282226 282457
872313 729567
424173 141266
417198 252719
356444 611
451921 846659
414999 397128
941105 158640
743789 165183
58258 812496
977019 193460
645314 707343
790312 398518
255457 762028
602356 777240
849536 532456
275158 539596
851130 602293
325598 144231
881250 918737
564326 85874
459255 860835
789319 79900
988920 720576
793264 529687
677141 544851
411302 634562
630599 279536
658707 470981
575140 410663
347989 676816
393357 171590
722615 556910
52388 479246
212878 70571
785638 644139
851970 763142
157494 182434
396377 111951
225707 927311
369568 263421
966095 430661
702680 580014
89394 605197
300269 1354
318574 545981
589337 220842
264756 87923
667744 701837
62052 557575
539620 50656
493431 230720
3567 651237
691527 451123
472534 747391
404578 217684
739635 724059
136560 802907
442264 890365
510024 545835
359406 22494
599360 40626
621306 183395
876668 744016
137163 915453
872327 795620
66888 991323
920983 313648
263453 466864
553815 306208
648495 619053
194288 474419
251700 695715
859007 148726
573363 485347
920348 557939
861825 541711
74834 511434
342208 783412
595866 184310
62956 563353
354077 996969
956269 735115
117842 269194
164042 136629
922956 978954
487188 375270
652698 425198
849018 153777
444492 135224
571676 627070
299010 209214
532783 580871
11079 307117
495212 633743
288098 807334
697715 566399
659214 229288
108651 757020
642508 881682
854704 509605
933253 202287
97287 477198
803384 418489
49623 492502
411701 447034
973314 40298
61936 441732
898153 130756
782460 758366
655218 497456
717789 374749
562144 750951
111487 17844
213227 266522
473409 626428
953339 527077
725229 690367
107805 389235
66993 987910
657382 405172
877154 549999
80710 26274
849416 224356
257294 855502
717646 760198
870438 253536
255897 240863
585367 741703
321210 830278
483973 723031
37195 750689
366469 505552
570890 38056
255599 992698
127368 56708
394199 327232
188924 347314
569759 318005
722152 313748
897668 412073
788990 725744
225601 654240
704553 677959
728498 74086
408136 272963
141738 601628
119951 801979
807746 689047
795184 859222
163621 287367
558642 335103
45205 413923
908642 296083
430422 390208
169859 398562
392757 754083
987908 864735
555944 477074
388543 872716
30336 802330
415408 800023
479769 861788
508375 503287
470298 251433
79196 469039
633353 319609
770077 291832
216086 817145
9099 732897
505660 581259
518061 249105
773651 354618
414046 937114
800186 553471
291179 614616
701 347224
385683 435519
405600 914852
596450 167400
63962 481965
203644 877840
483474 809193
497249 898171
73146 301963
416656 438607
450003 218003
666760 35779
823821 811319
257910 528373
379666 298022
533069 230768
411536 771678
54319 375821
784115 268672
99275 757405
818568 188083
140056 614150
42605 870387
337014 265997
13256 153898
630821 343973
337243 518355
865603 848797
481196 888023
503356 107197
974795 962922
127413 396795
413297 106019
