603 2 5187
529562 50322 1
452621 957258 1
371550 800946 1
487520 711589 1
691427 3712 2
953503 460778 1
711642 910330 2
268627 401025 1
386628 945997 1
888694 380437 1
344241 411448 2
727181 346978 2
958901 138365 2
29899 144990 1
230725 795624 1
751459 658745 1
32716 404894 2
623806 822549 1
631711 334186 1
262574 998617 2
716428 873098 2
384890 498761 2
367083 209944 1
341388 774802 2
169721 239829 1
745751 805897 2
16860 658745 1
948574 951644 1
685657 860937 1
978556 169900 2
123038 782238 1
260841 453559 2
221251 689781 1
65379 712157 1
231008 309756 2
135210 408823 2
963210 703057 1
752429 1951 2
950779 912199 2
856873 451676 1
742784 835065 2
32808 902141 2
90992 407768 1
251463 191380 2
266610 569942 1
813368 968542 1
907353 82289 2
312203 165079 2
145383 910526 1
59408 281002 1
516745 835754 2
587358 484228 1
743987 548774 1
834562 193001 2
132097 896082 2
807892 742512 1
576372 484677 2
842916 591652 2
611325 981340 2
291817 153671 1
309854 335132 1
506001 510640 1
434183 979836 1
703412 619047 1
225228 631306 1
788971 726339 1
85483 668731 1
211494 218334 1
331002 436782 2
513077 862349 2
397888 566892 2
485852 776808 1
546675 863688 2
767977 311763 1
108421 898816 2
712642 739970 1
985964 468188 1
732046 698967 2
339683 183004 2
727006 734657 1
73108 750085 2
957174 439559 2
479903 937646 2
131483 260735 2
469123 671682 2
647586 57397 2
188132 342901 1
401638 875472 2
553925 822603 1
572842 929146 1
435787 486254 2
729241 755152 2
122277 379749 1
857759 205816 1
643682 844776 2
36694 65970 1
989101 811330 1
448111 410028 1
787004 234289 2
286944 951104 1
104821 488279 2
751457 412002 1
388400 648799 1
319247 892041 2
301092 353356 2
34178 955958 2
365446 479901 1
649948 763708 2
432570 546142 1
189083 615537 2
956848 298044 1
794503 285505 1
568023 343925 2
829692 219627 1
647824 686398 1
74026 547318 1
264612 209623 1
346679 907049 2
429109 810146 2
795928 603201 2
408782 750284 1
396797 327698 2
572255 827839 1
721473 530066 2
623277 870479 2
371022 77688 2
183254 990239 1
324495 32266 1
942622 97442 1
305312 806236 1
208223 39758 1
291973 433848 1
984400 194944 2
529312 627729 1
700626 477347 1
335548 576690 2
766831 729133 1
278560 735286 1
872990 101989 1
360739 332298 1
106558 233137 2
237025 866884 1
348154 258161 1
118124 139006 2
926731 537602 2
761301 741681 1
859758 159114 2
360743 553255 2
886437 940890 1
859905 659896 2
345914 429703 1
904091 461729 1
117282 524754 1
164318 581781 1
907977 998951 2
989441 166524 2
547027 202840 1
601971 606550 2
780360 657849 2
713983 998076 1
255202 97853 1
450324 63880 2
848078 915922 1
232368 738558 2
354069 366906 1
339443 737200 1
693659 452277 2
298677 457573 2
221279 895342 1
552260 882904 2
394806 663951 1
471368 797406 1
983936 736324 2
458298 747378 1
212626 430754 2
692802 553071 2
799035 759372 1
102038 680794 2
95115 830566 2
295616 561537 1
149709 923023 2
20441 881912 1
272364 858715 1
580735 520692 2
337468 635637 2
805912 606207 1
861747 736548 2
934359 419632 1
794439 308174 2
466457 209172 1
682272 4935 1
856449 155575 2
185707 55623 1
351008 910951 2
150779 906901 1
573686 399872 2
507113 979231 1
758654 770148 1
609936 793908 2
950016 415932 2
328531 147034 1
529047 152673 2
769880 800887 1
914323 398484 1
105741 562873 1
376270 8886 2
922849 640737 2
183682 240684 2
108157 246431 1
314759 31694 2
730151 361711 2
883473 682128 2
135466 437669 2
636040 972697 1
636898 255216 2
608915 945385 1
723789 176400 2
127161 749117 2
456003 460882 2
958212 773906 2
186602 771430 1
115874 796068 2
360806 594914 2
43248 262823 1
247604 99853 1
433661 357000 1
831335 563520 2
185246 148262 1
673001 979318 1
781928 17130 2
74122 194319 2
32878 699589 1
233228 561658 1
333899 923211 2
372398 380255 2
360688 8909 2
183315 452952 2
868770 122826 1
32037 131857 2
221414 461922 2
950048 917877 2
706461 683813 2
618401 966643 1
655101 268565 1
830373 828975 1
128312 326732 2
464584 410158 1
281200 627715 1
975718 717183 1
27056 875498 1
856056 94173 1
361390 376978 2
301422 170722 1
127211 497309 2
516388 688899 2
833478 175286 2
406161 794452 2
571193 488771 2
661414 539644 2
73920 662777 2
109972 478288 2
302634 983441 2
279994 499970 1
327916 703241 2
780445 672074 2
631959 746859 2
755403 682110 1
264069 666289 2
547340 528204 1
194823 944754 2
950392 151013 2
936327 401084 1
686540 953553 2
316096 220398 2
761252 62974 2
11808 40732 1
100750 813222 2
399724 759144 2
234849 373489 1
140106 511078 2
979070 830675 1
486826 47088 1
134271 354488 1
814955 629874 2
194510 656441 1
725358 605121 1
927408 192500 1
191621 473946 1
732200 7138 2
261823 256703 1
168278 4493 1
815579 419643 1
701659 442302 1
776837 239974 1
229962 688461 2
598438 834840 2
372690 934122 2
753268 200028 1
912018 199659 1
878816 317316 1
22633 868702 2
403061 696121 1
95012 135406 1
309614 259800 1
761802 225731 1
659839 972072 2
767603 299492 1
715649 71314 1
948523 28693 2
999670 5228 2
40857 532244 1
49794 339058 2
841736 905296 2
275422 522581 1
72114 437425 1
643134 771396 2
479323 203605 2
343398 181867 1
578874 910623 2
156378 435178 2
109052 24285 1
922573 518682 2
58180 546554 1
344225 405192 1
735973 549169 1
151300 877716 1
348832 266910 1
239876 98530 2
567851 142216 1
162076 651791 2
723730 341234 1
571799 777094 1
460006 76011 1
211190 964114 2
594773 856612 1
598420 842043 2
133964 355097 1
114654 828115 1
352273 175593 1
688119 316384 1
94409 589491 1
721182 254963 2
353837 867606 1
191101 116896 1
367973 904501 1
540113 878134 1
19395 31933 1
235982 806191 1
893546 404294 1
233490 515469 2
928070 700574 2
470167 955315 2
667788 941693 2
369357 890095 1
387300 417381 2
803154 97658 2
522988 578026 1
593457 819360 2
264141 922904 1
968692 857259 2
836202 897023 2
425210 438667 2
982590 842699 1
981072 718209 1
386399 505165 2
595383 975372 1
335119 685193 1
687006 588082 2
216550 214620 1
915672 663725 2
247771 706694 2
768027 387790 1
32543 541295 2
721367 330396 1
274789 961905 1
579838 576420 2
396282 71775 1
757640 633315 2
524775 546732 1
302052 887580 1
447238 775761 1
114081 857912 2
87610 137377 2
815874 520082 2
81596 55246 2
834826 268654 2
456842 782417 2
413289 834974 2
70776 291183 2
960475 788219 2
934268 466082 1
706600 30270 1
456974 108686 2
323520 514042 1
99787 385354 1
8166 642032 2
451455 744826 1
301987 176526 1
633140 983514 2
456106 864472 1
525213 506594 2
359883 387320 2
540759 768236 2
533060 83152 1
970669 840410 2
3591 38802 2
935614 526193 2
571083 317189 1
663762 836194 1
739072 267565 1
823026 979931 1
495814 323743 1
910964 155812 1
642457 192310 2
720672 795557 1
811906 709806 1
481447 572713 1
13763 713866 1
847840 737982 1
14623 327737 1
980997 779402 1
552602 116534 1
39754 906396 2
342610 11192 2
671865 933335 2
920419 132583 2
484349 340364 1
507817 566175 2
801023 926670 2
704288 831229 2
970712 413128 1
673961 778294 1
133917 892692 1
83702 217743 2
692396 716611 2
386497 938665 1
191382 213649 2
735656 97914 1
577423 541106 1
158056 828192 1
368347 502631 1
492200 539705 1
537720 381625 1
331493 884860 1
455570 555300 2
382922 114889 1
949621 320550 2
681721 56720 1
513498 47917 1
78882 569493 1
859544 353506 2
626640 196192 2
792734 710430 1
590605 230666 1
838657 535480 2
675123 31765 1
89408 59578 1
113558 343320 2
829124 545036 2
966597 836975 1
934831 641540 2
518847 615520 1
341387 384325 1
251039 587859 1
267579 978369 1
600657 991287 1
56236 706678 2
165757 309112 1
671704 864553 2
435132 940327 1
884154 979269 2
880091 66199 2
208613 963708 2
851783 872977 1
731823 632614 1
941181 26599 2
780182 851189 1
61260 842681 1
753789 962548 2
914175 652625 1
151089 795715 1
23371 969039 2
574180 794524 2
867988 392696 2
97468 685011 2
293518 143580 1
485592 659994 2
367116 780779 1
191897 404610 2
422446 185448 2
345131 713839 1
372075 333022 2
547181 958185 1
390016 665095 2
909991 673426 2
643668 149813 2
490534 468522 1
434102 69471 1
602610 320410 2
37676 562518 1
748399 71409 2
962 460484 1
385884 202082 2
456630 177394 1
570050 816095 2
530443 493079 2
699108 619334 1
152964 794936 2
683775 631132 1
7688 535669 1
546540 177153 1
973287 660550 2
685805 377549 1
606546 730988 2
18818 297269 1
79212 526799 1
893087 210845 2
735456 184845 2
864814 829182 1
191622 367228 2
250446 368551 1
335706 976727 2
516652 528699 1
980618 568648 2
519378 104846 2
720781 390772 1
635950 675143 1
361269 93672 2
331895 820253 2
207717 530737 2
414275 86052 2
742672 33581 2
669824 133517 1
993235 769672 1
662620 53405 2
47735 714660 1
191881 366509 2
192056 538571 1
550485 446870 1
574305 171341 1
690438 69208 1
176646 781392 2
254090 815513 2
713983 876529 1
560124 400419 2
532050 418436 2
972751 24020 1
328311 505028 1
954258 724230 1
610610 239556 1
521161 514691 2
503728 275591 2
874396 815885 2
218730 692617 2
141216 625416 2
990638 681606 1
43657 552787 2
709687 421985 2
45832 278984 1
878433 167959 2
362050 677351 2
120069 541644 2
363895 118858 1
42825 856327 2
246654 178618 1
46901 649677 1
848847 904867 2
279058 159293 1
556812 161496 2
301776 14104 1
649569 270104 2
523063 837109 1
420564 527145 2
107899 961433 1
317571 410014 2
313777 789432 1
711062 588685 1
54760 890305 2
58557 620764 2
51221 706687 2
285718 221738 2
492437 997180 1
69057 177612 2
876339 754402 1
22171 835263 2
432702 300876 1
969689 46806 2
581511 152244 1
330481 158286 1
725546 25176 2
174938 449695 2
70695 30133 1
284650 703000 2
726685 881563 1
671100 947175 1
430335 486627 2
649625 207450 1
863187 3868 1
26806 173597 2
406856 704931 1
74232 655261 1
491393 524842 2
148700 929027 1
173321 594959
105665 869740
702234 282282
903212 816268
441949 603671
721141 710263
539489 240671
723070 869201
357660 379705
971663 796020
969576 209591
230800 532630
314052 115458
744177 328376
971408 644731
857346 64691
785224 551315
706487 210689
460641 832053
882311 842703
101520 443198
802299 334647
310742 79495
315517 141390
313350 572611
640192 872561
669170 885982
192025 204973
668560 142908
176194 813300
234471 543940
171238 801406
325147 576796
58085 187414
964437 14760
886945 468471
109148 824987
743097 840358
273361 463372
960245 96669
417727 47443
483736 456066
17982 505270
64557 497454
972459 357006
688493 662966
659643 282244
799393 53838
891636 725525
906659 48008
766386 792931
395233 215912
162365 910433
678382 336878
89184 184442
950355 389910
60311 41946
30882 831994
839265 110990
751869 340745
517186 343231
770854 350218
688442 449581
569138 415046
763985 286035
546687 980594
632456 823183
759861 288861
834384 793990
614855 732307
174544 601183
453875 535665
469430 7936
171185 529314
59967 464706
588233 888858
753402 993530
432192 719281
279088 420060
171236 283745
533677 659092
847344 719836
575771 246368
326610 519523
887931 168221
445515 890096
48513 63252
336387 682292
456356 279030
752386 843537
803217 215643
185818 704137
30324 248969
713011 630994
792685 104064
33624 469156
391989 699122
52648 728678
496350 887412
930434 458030
484369 577721
323513 737015
943203 798674
277237 597703
966839 388975
521183 600084
768725 531038
140368 939847
568164 964192
937184 293705
562114 494318
249459 463379
604137 680123
735399 619096
882552 169394
290351 163779
990242 94275
602337 494285
979059 597016
625122 928971
847319 134669
349389 238509
469828 386513
120887 203746
681764 159804
691901 476675
872130 168487
64354 931420
652616 773985
64764 545434
630470 169725
254558 393499
558171 654877
761476 623970
549295 695450
619984 143983
367296 763873
20090 338270
960936 182460
909347 754635
819524 312168
440725 482023
509706 779967
275618 999493
342827 889803
647285 483408
895118 215287
441841 37706
698391 751408
777635 461608
675013 973094
131977 998398
29381 422871
104991 673602
385130 977505
697173 19592
961271 451556
247005 403652
700197 29716
862578 730817
475867 395631
985690 840947
349230 40785
257713 58769
924364 967731
15825 288085
207428 303378
925957 417800
107800 730191
225613 481877
255060 168851
873287 308702
209227 648055
13147 855537
47625 445494
16114 77809
643830 121557
704535 846328
793018 11988
275929 342306
505739 976246
696703 334694
484871 747805
76074 699093
125957 234557
292325 35072
994012 433377
643108 883959
237435 769110
224385 767738
477035 99888
375824 510864
698044 806402
980823 82674
326118 506037
106272 127504
660733 852240
554754 684530
449197 549458
291248 92076
488144 752579
504404 249329
894689 749077
966920 969693
37233 163347
27736 430713
321693 399979
728748 827200
549390 278176
271786 207687
764789 405725
788584 73681
221625 543186
651722 584895
436267 505484
687205 58541
375662 270597
340301 406559
476460 628426
230442 991409
740865 612525
60945 43563
897690 20874
773656 560541
147209 202139
249944 955996
856514 826301
567460 49751
401152 6843
710207 144380
707104 450469
204186 336174
129986 105952
510770 685856
13935 425816
518855 15820
895677 214540
160202 16060
80108 839688
713188 350158
790738 343945
294262 754973
890669 677420
623262 791015
844860 548682
591094 944911
367476 135756
836077 303948
467400 543100
28735 751654
78253 63618
842672 914646
256864 562044
884565 515110
926343 974586
565559 853240
12178 91219
990005 627923
135485 778116
271066 227586
683247 746988
318086 760047
877358 26346
625259 711615
352411 312160
612131 185302
909679 285449
56515 638224
825528 330304
896813 477712
365601 330833
860811 307503
830466 953653
347279 184732
960734 273220
160617 958579
718265 654850
343482 468090
673880 503562
608056 104351
875922 631286
219911 469958
645727 411530
382314 343740
695003 396427
403992 477645
561553 33275
283162 331594
166619 251157
166549 769923
647366 786514
921186 422031
117950 635553
977438 663171
849127 104084
539984 662949
105090 229527
324518 214208
137578 461319
231542 273562
681136 538249
46425 858081
370586 611676
387338 793455
138776 234307
43561 876994
177339 470202
287929 319576
132841 421194
443275 464980
85017 838799
722838 429473
126810 156522
250415 973052
787916 386492
363699 910028
666155 88332
822858 378779
616435 283167
12924 803232
520397 13439
90959 176450
609091 773675
519618 66796
743410 273679
442144 959382
425841 389742
420160 116169
221375 675893
931890 257621
932154 224059
39973 476177
325303 363303
175205 960824
538704 471062
609273 444904
780721 197292
236619 872748
136203 245408
711516 795636
254064 819740
864365 587162
37422 603313
509015 732185
397125 825848
212287 209356
732614 48202
872538 663007
855073 705839
34474 308948
581109 404916
973044 392089
484438 497734
969518 909051
132306 41671
660408 660695
576694 982831
761822 249447
236293 429098
159628 128062
385082 243396
781775 891444
171045 942518
293843 63021
218055 240533
702559 292315
290194 271565
599137 518631
208963 195673
30723 803597
743584 673746
209693 889128
468984 521941
18507 264410
986432 255918
10342 161407
397265 582916
315415 531160
674226 986632
440758 9583
202117 892265
94586 384790
533557 323092
877615 867312
901803 883562
736782 80354
808252 684455
855187 452764
102273 462278
722380 542505
788115 801850
941279 926684
666782 923377
139618 8078
234077 818594
923633 148589
413628 939162
571190 380299
182548 92164
814993 468331
936031 30665
850405 363902
403953 112384
779774 380918
951927 221547
904508 447079
658132 941867
34427 626309
203010 439047
608428 618530
14998 102119
64312 896101
875582 116057
86286 570557
458772 447053
125609 804652
670119 274670
828323 836445
664781 470845
261217 238805
217771 787671
945055 191433
206240 520024
687907 87992
301444 890995
285317 599610
664667 202912
656665 804025
392442 297721
951327 1045
353673 107847
954768 303192
549530 54636
225260 75921
954976 773498
112039 43394
88349 623942
800710 463755
339953 643336
288564 192251
462357 186497
364105 91723
137638 498238
646200 153837
704116 869460
540329 201463
534295 690583
39631 258809
574189 737420
843919 332583
987108 623606
575545 621408
287498 392357
125705 448658
462026 255568
901742 470259
520094 318563
61468 380488
379528 511894
844424 62843
330462 497495
581938 957289
879090 592412
630018 44496
579442 608679
125440 945401
769324 78020
406136 758099
391021 182913
285886 247008
827992 834308
128025 335226
633131 814101
105804 713105
239144 562631
980310 279347
248587 580775
820107 240731
432360 264477
209800 35610
289525 277360
829868 465641
481443 704551
831481 105796
6684 177725
874814 175457
279221 216307
738172 185024
567335 796147
197208 299263
449852 564456
795387 91599
468394 55949
186984 427384
191823 625279
312093 271585
88955 758543
38594 975460
255494 8206
554581 344257
781402 680801
234588 202409
861033 685061
417201 200021
753203 285392
381621 825047
609820 329348
133766 24388
127477 321233
433508 554254
357287 948147
772714 916106
309766 800679
649927 158421
296878 945637
425591 33593
158759 359651
470446 49355
373700 523095
903118 838859
347058 268033
439694 255624
865623 303951
115635 856205
341366 915721
790458 547398
383513 489397
78214 97673
439244 255251
693209 85547
774431 763355
221848 885072
512997 941131
394132 336543
770441 254809
609031 35808
940046 650802
456793 801892
53652 517942
382322 424497
75997 187759
475990 654847
430790 149413
754762 478695
549920 579630
541402 630611
685043 138373
126118 102892
721213 99934
783468 465256
813094 645293
976745 867719
547289 685282
175353 425504
361823 290552
774401 955922
746982 169226
711182 955897
281599 883373
141240 448502
531185 363351
143874 900598
931425 949345
49728 543827
860383 441740
286388 193108
962085 542912
93661 60225
650264 617864
297349 561746
111131 707129
798877 113407
497783 301098
673321 384960
985784 440459
381935 379448
667353 640107
68 902063
330311 210916
455314 110409
983640 619723
265232 694143
197519 973593
333062 97614
550480 611234
129891 554487
554252 614199
238355 441051
967534 753411
134695 422024
673268 151467
973014 92082
762541 694377
557391 70094
424191 718342
967641 507000
675489 651018
403937 906970
29665 699239
683690 746634
105809 254150
738736 893081
614098 759150
224936 664746
318398 415808
293306 181602
88821 344330
511773 804219
610751 54303
21237 945960
871971 75239
388760 450543
482106 808782
986612 641768
966242 123816
332213 445116
398018 449861
576876 462819
921802 219374
551890 714021
943869 556181
992316 379661
421465 574244
262512 690609
247668 611843
84416 953106
365045 726192
115903 218167
295436 679936
901919 995311
849690 98007
286020 808136
469406 732161
752808 880124
579552 789997
907507 711311
311872 638166
466100 378480
311460 428859
538170 77957
264624 380638
751401 576957
894757 252754
378220 209222
33945 881175
453999 825282
767631 263102
934495 876184
267617 135261
61127 779601
618548 745543
551110 651827
202751 315641
215520 614439
748447 228342
732249 143922
612608 617033
419483 788135
795991 904511
19403 281968
723208 166425
641914 915578
167697 299511
952934 4448
271676 747930
270922 242454
800865 750626
355616 82946
585233 942652
855733 355053
210507 611604
322285 369103
208287 292187
203125 554462
578400 698319
881136 489890
791336 510672
47976 993039
169143 220658
338394 842434
527523 553865
628538 602044
348014 1369
554768 594051
915382 600866
180281 844488
437883 676499
828094 363574
869594 18373
388752 406610
515469 714068
103770 670412
84541 776514
611067 50656
941083 276965
23932 1422
492298 629509
631059 973504
238432 686034
40337 611049
67668 598145
572862 928831
669977 967583
87077 463634
129161 843745
705358 373084
82882 767101
29907 616899
883277 697159
790269 927785
892432 307625
353330 354723
971622 378137
147612 855102
705054 462732
99463 872614
220715 216397
589821 328282
644365 424392
775594 798228
484814 141966
196023 771147
9940 668190
291276 916099
949377 618337
223523 718148
16864 498223
790105 46353
707208 945109
812263 764592
404508 818464
532960 540901
232865 413294
508521 393300
71233 197781
744002 872342
693202 862488
704988 466566
327378 426756
650516 298109
214884 595500
14398 577943
890004 498444
415672 874135
694920 655165
951250 961489
387831 457918
363619 757857
539506 921015
349685 19786
640963 420912
321998 53386
845766 654479
873046 21566
657858 675359
701901 457435
30480 187770
662510 401327
770650 543335
404982 999808
390117 83874
852425 825218
786986 252832
551169 152273
603157 242967
104 70081
499641 50534
328999 651544
838289 408825
672029 88311
902297 224572
465575 848292
359058 918928
664458 653894
140306 691810
211383 125061
963503 560790
324064 578448
721918 933708
374003 755180
836665 527444
194307 575058
812594 861124
321738 887071
222877 505395
570871 605523
804447 934531
480861 838425
278439 708524
556707 490106
287161 937668
727008 20386
497388 368963
657964 477769
313216 377366
625425 979060
689006 471957
577956 347008
139209 157928
943736 148510
53031 747670
93512 424442
541402 30530
792459 534547
296110 192498
287982 708073
868355 323548
226205 929346
23604 372171
163290 984799
438619 284988
905335 487351
640053 92477
616802 70366
596308 356671
553795 528614
625964 420341
174515 215681
77030 647584
335424 862072
315116 92049
735721 721991
430722 599173
690159 79566
477603 665806
696765 94618
176861 392696
520544 759672
916439 224634
85664 812350
510312 290103
880115 865348
344762 748127
907529 648199
113081 73952
771954 318624
343803 74263
237291 405058
987124 272591
893860 77938
251324 725683
310821 369199
677706 197948
163729 751700
972056 428494
489352 170130
636251 367534
180033 135375
156074 623416
403519 405502
480232 227868
473612 342806
340245 458616
965095 913703
203444 882449
561075 680881
96460 755777
665393 756070
834299 36954
183645 902513
35543 720978
933997 450382
200799 709895
979840 162025
847722 698735
469991 251466
422370 902050
769947 753718
18229 919554
163335 595989
921519 227132
704194 253801
469626 194593
173360 939414
750106 909650
772952 328030
289095 72359
75350 735615
140481 958431
793364 999387
181105 759183
484659 723632
766594 546975
471248 798217
989922 635899
603226 912344
150535 939476
52878 856428
988874 875232
179624 537319
229028 16099
873305 672778
503165 441374
611320 317244
691873 705425
270613 85845
954220 213950
42141 782766
740064 67331
899678 146581
469411 453670
799692 581520
340346 387953
369183 710814
712350 364183
131199 550940
416220 823870
805432 654941
218259 175004
953627 766888
916432 424278
833202 934005
456795 489564
649566 664620
701841 129074
497450 901151
520377 100168
126361 57753
140138 715489
648677 409497
719574 871157
133303 792576
246752 357583
216447 426107
388132 536002
419752 641608
117789 628697
370314 234025
550757 291984
531767 935705
376674 22635
498279 106104
487174 163941
81210 13156
991702 664970
697822 304641
810114 655942
48748 188612
109135 850386
478086 277936
410337 690453
408820 36578
474141 216766
417627 25984
242715 779094
613929 205169
213385 422439
332656 594271
804350 135515
893986 667694
296991 416089
594095 516819
793309 262963
806778 567650
180382 156301
621578 231553
161931 702574
474275 161985
319535 723278
9854 286484
384335 539304
832522 651117
308130 382882
385581 858045
515895 67841
899116 468909
437429 381578
156697 757612
147697 450852
166471 51063
277597 6157
94918 886776
320219 60682
927941 576138
55453 389387
989877 352001
763577 138078
813743 640260
437427 174342
491432 212986
253343 241050
176283 312693
303449 176382
751315 975830
818193 6284
755859 962234
937998 805069
639097 535829
807050 314264
816615 79368
989622 768940
14476 412211
179028 250479
966191 233859
432197 729343
259412 490125
222050 983563
791348 534767
169316 857731
959817 330314
332330 559662
423043 339874
855380 171408
264624 724439
900942 249363
100556 720334
581541 351650
358119 573054
419158 750226
829952 146715
971088 256049
398258 838162
829176 696931
974104 510895
863099 50394
843491 740981
647404 632676
256284 263721
413227 790668
262474 501284
628523 342654
307041 410094
853902 520165
917324 158894
242867 595935
939045 27881
756305 833121
966818 840592
68236 461665
375781 417826
151099 901314
359995 409985
457533 716478
698195 646843
3647 94923
459826 458794
291609 453645
437127 122370
623120 13018
333174 732158
300612 980051
792477 715610
436514 700802
941009 540630
139803 439687
867756 165297
424475 648054
368206 586631
754330 384334
113162 154970
550235 598279
660602 522556
10542 906191
770053 588988
112448 197644
213219 912750
550758 645395
462827 331511
966317 280069
78303 87916
230040 1429
577308 692306
52281 256600
301320 669670
917491 801542
853578 571728
88673 694165
464641 674120
479794 853114
623722 111089
968720 50589
46748 509752
677820 143631
932001 546982
725861 485872
462913 750089
375369 258578
125275 158141
658593 708119
513908 903120
20561 609032
644423 737107
2184 115437
809788 468126
922912 396590
789301 47122
619828 662664
388354 168848
41845 292882
923678 43758
165551 158168
364019 524329
799601 279740
11406 432784
69558 728728
886481 635327
7081 681667
885496 135422
17539 821945
819657 577836
869884 664802
553851 443806
913294 924364
287859 500716
121957 432631
888105 746361
804080 700502
173409 79234
725909 226527
247752 569832
122906 116633
317259 366741
738317 687618
230299 20016
299328 698771
630430 206017
601767 885395
417180 218201
307220 311637
144698 687492
765782 270666
315503 873438
210845 521682
109871 374043
881733 944594
416742 823311
30158 153635
270725 703999
934073 475466
89067 444568
753950 419099
502704 305188
633309 31252
142968 834629
351418 850737
858845 822073
593487 365127
440838 92065
870021 850777
375055 316945
348181 4952
828190 58629
911113 719879
324758 221927
545077 25010
689008 676516
910471 369066
968319 745397
568844 644022
747706 506534
917311 558752
950887 780169
6011 564907
349317 611953
759196 296806
459251 880396
66246 539121
440601 423312
2839 565359
489878 779615
589567 442762
98673 355156
649453 925776
247595 612491
203562 756517
87787 925049
84258 190222
550226 912941
564184 510065
101626 324624
667579 245551
963954 750934
293588 977790
277821 457678
976769 818989
764232 589499
930967 159409
641017 99288
250204 465081
261466 651406
949957 321914
551083 404276
40055 423042
197258 251819
523880 778045
106346 241545
799392 955237
144642 996613
765403 969361
234257 727726
94834 187423
723849 338813
914989 39772
632115 521374
509423 751896
634248 337465
527349 563803
289051 888482
762729 891728
715721 136521
678875 229452
487817 102732
136037 131418
992473 154443
707358 194047
487871 806782
147446 570877
885268 775846
700572 210847
209230 972373
36398 682620
992308 222626
783320 777011
691983 262172
186526 8054
604182 104495
318531 839920
962044 874925
328013 620084
526780 257082
131425 570145
738312 140106
842359 312194
801785 634407
384976 765507
427657 833500
817643 9635
426937 649379
662194 783836
714292 149858
7851 738907
291650 396893
259883 528628
98035 564438
954615 804992
59569 999683
220750 320509
87495 530446
145426 70495
566682 894146
666114 33795
268631 301036
355439 419844
640215 245339
66700 321522
640552 183849
46225 976168
792385 708206
467858 205628
754475 122722
135691 37282
849804 237336
250945 807430
163463 881663
861741 728584
811575 141621
865281 666113
602301 81265
443374 818646
757918 588601
163813 428618
286605 851240
82417 230139
501595 276407
40127 718017
473419 860233
574465 326700
811402 973680
358383 87309
830044 947842
380810 823216
83127 482813
789780 260621
786081 772384
989526 421045
460057 657622
586774 818321
940411 641629
969370 33520
142236 532903
371299 84638
753359 123182
288668 431486
195324 239449
165942 317078
98154 739717
44869 413466
197646 991351
411831 830993
445683 115744
835488 158037
211132 804798
174417 443783
693319 434716
621872 344149
921373 337420
697038 525541
697956 757413
297032 858948
667109 769642
915109 31741
217509 894971
281172 572204
829081 396383
806547 919460
361862 849013
752160 151476
780662 349054
752457 886515
504445 640505
851104 397108
545781 315693
150046 83625
327695 383218
252431 213043
148487 92469
382264 323245
103705 655261
46736 548555
904787 714504
55619 905857
197149 476528
176713 378599
618456 837201
437481 957181
519073 429968
274663 689081
189992 570059
95018 235285
642441 931555
212849 719556
54867 766238
794078 875506
852505 208896
813527 786776
234438 701598
945438 433225
950956 495217
302192 85392
738778 514617
51752 116309
692612 233128
517238 95890
705743 905393
588032 751397
233554 978994
813014 510894
813015 17799
801934 211209
979249 746416
260358 280332
364432 795439
635315 963179
783120 998234
803761 365900
617815 225031
152834 591569
995711 390759
879516 685626
55114 273771
279193 794549
712329 331746
425230 456001
604003 528134
717846 588961
977659 333234
83197 600810
168968 927436
586344 11642
775351 98980
812595 698568
690785 956281
427646 118988
679337 526523
469332 135735
647760 790368
226203 447826
291157 679358
962701 441099
136643 604313
260923 357605
486935 668017
707988 270250
511842 936771
342330 99354
474786 855983
316148 570353
555099 770123
976383 177090
590465 389341
365873 6775
962288 83893
170512 502914
395214 797862
398968 221026
973530 999937
420125 563001
408964 324363
725766 641081
357284 787145
205968 186552
558154 997038
559711 436089
647800 417330
510308 50280
541287 764485
464808 882851
182047 433747
885974 462449
519417 660796
898971 155634
443204 158585
489305 959157
666436 90006
644632 134103
447641 804786
341472 934173
929476 258705
286257 447555
51599 484568
139761 681050
395126 709417
432136 773455
833585 268801
147732 33102
801912 958988
320984 550400
433956 719227
542272 682332
801963 565723
873731 762866
535649 732692
118312 337326
287863 715140
770103 307252
617323 509299
175087 759480
374699 450402
570263 651194
767984 947471
340067 493137
222631 930452
968093 943014
508756 892995
306615 524835
855333 416458
654718 545298
475885 487217
702544 912154
684058 404651
765082 842864
380766 638159
836265 139541
233473 221991
161354 800260
360609 567004
357720 926356
807669 275120
656974 921312
800259 402698
758278 884547
948831 381200
528163 972682
817375 886214
521035 691729
774285 580917
612376 28288
771786 774960
986379 343972
143702 998372
337103 891443
644338 611281
189918 260435
738082 678925
467756 444402
170815 376997
544838 380388
45383 401547
451348 368704
60744 492462
313161 343168
265745 979789
3232 346879
556006 178385
613318 633596
97439 934148
295426 604531
908016 219743
344511 752018
202311 608318
598999 907197
480868 968072
829366 664174
554392 89489
494437 477357
922606 630906
874581 33800
569692 15036
43169 660131
312529 626693
235721 515138
41308 253245
206632 857104
474111 875918
612382 340021
705983 782230
27947 444392
434712 533494
956819 769753
445719 844364
685197 38700
97706 212620
191712 573253
209263 457633
452382 808493
116867 879389
48092 424234
17836 654920
523392 861353
543862 861359
46131 647901
720056 519398
798827 361455
375672 800770
220588 434925
560130 407818
696516 911650
321392 964730
621897 243133
933842 429004
412701 982389
114349 395659
997297 807788
583091 872470
806693 909458
770287 757619
49657 794866
210922 843755
954616 60540
199189 905512
695709 958029
664157 421388
176818 616038
607507 360670
515146 965527
419168 998917
977277 886797
615063 175718
137202 359586
650971 291468
570535 527440
545269 515764
79018 75852
585381 924215
204835 742524
911234 642398
436315 719495
310386 421116
892513 55345
118917 664346
374491 810347
559688 227332
286817 754716
560528 972208
943062 595206
299347 628911
212016 143419
509873 399
645098 145818
691260 81752
528496 301297
17799 436792
467324 464667
145393 904674
89832 587661
548445 925741
374804 938186
258377 785486
326924 349325
175603 88459
118783 534592
867083 126996
738720 332871
146968 84841
483742 780313
28054 318669
808576 775576
739343 146617
294418 878811
856083 258291
846766 176864
562315 952705
600298 652181
667991 870763
713188 812682
797562 102281
656740 649428
104579 35319
703853 238982
563094 398249
786461 132177
511827 971487
266959 996922
454507 28362
959164 811984
996327 642753
74103 188791
942727 4940
375627 324728
387105 15206
116770 794739
346008 869672
581232 364030
138495 213421
272422 310172
884493 107009
899325 13095
159373 816224
878197 430501
925845 499144
205779 172463
507805 151671
112777 997347
868460 607231
127899 505913
467213 876701
15770 368794
63709 187654
882228 325626
552762 549187
33186 726057
762561 848276
130018 301315
943587 885201
559672 738687
341609 378740
202943 596175
719885 996551
186029 765985
853852 674314
868551 148247
695609 38662
271996 982595
790295 157815
840325 509614
480397 792499
651810 254115
396556 316498
426492 162737
444830 357493
78564 629625
812841 565935
241631 574481
679094 523160
942180 405377
128736 330656
552413 112476
752152 767340
911810 247203
935099 488717
247579 436209
990138 211252
66155 420951
641285 315870
350341 44040
992871 30282
366465 249607
263376 284151
488906 330365
410224 198630
475615 564365
193781 209678
460164 457251
509153 48794
394980 923403
825949 489718
600732 977137
946254 429711
617705 31771
751747 665146
889140 565367
808874 374017
608123 75205
53826 302577
870939 149037
433602 670352
540880 932870
57967 31613
691545 577215
882936 799289
654361 673337
188685 112071
160227 360772
254110 980968
598576 625198
531699 630923
595725 377651
681659 487298
32670 730866
449406 88688
862413 134962
779026 292524
950119 260852
270123 640128
95081 238804
853136 793667
774211 232806
792232 711906
44865 466176
714469 53693
521490 818609
423881 309174
886300 867911
63289 344553
655630 167544
191733 232173
729085 849717
263444 316501
154541 328227
900273 187204
152641 176433
122913 17678
937498 609731
677815 435065
610713 596344
246239 947501
367241 171628
85644 687330
902697 558667
354408 816292
280261 125031
589015 677843
450143 883812
37406 378140
752406 122008
933339 887962
846055 838278
749998 699311
555318 411691
750487 527227
572081 936083
463757 717546
18751 512057
337278 48295
332176 236694
488338 391532
700064 882367
987663 503491
498309 445714
32347 745652
787044 689174
363838 198546
618074 335745
832859 247078
153691 634793
635094 274899
429965 116142
600192 749115
528174 124068
390249 298082
567122 369880
195800 154709
149677 345103
389588 619074
414440 904562
271319 903935
573494 875471
922928 124256
460542 762592
519453 429547
211304 557325
999145 708278
254848 678807
954230 865327
364428 176020
574492 664433
714234 655938
793911 126718
824751 639919
380946 682613
196120 339823
317134 752456
379618 631703
955587 846740
628607 602532
488878 179103
941087 846948
331996 812207
931894 470175
749588 36764
518159 25891
595461 218586
603536 947899
890197 423176
120325 739197
794076 724485
692697 225029
554984 276619
378477 729737
950534 425701
459946 236771
520859 748921
402415 960251
807192 851893
448723 824865
883940 537844
775458 623264
987465 478025
312002 667514
801930 675352
609779 6859
7092 568676
709124 604699
408464 453091
312230 264714
874448 81088
506560 162013
231117 233974
685291 793265
312700 307211
867399 22102
504077 817624
726478 219086
135652 467809
824784 334385
383317 376507
631782 457708
922889 384039
354561 738453
683549 882324
994049 827917
218414 369166
452883 547426
971058 411682
463927 922125
950904 278193
883892 623145
886596 646077
999497 478442
713616 528901
247363 781762
39281 565529
521658 189750
454508 463236
174481 546650
618072 538881
774914 824503
46773 353307
780453 166121
151354 496177
850158 981246
988564 654101
447083 261701
224072 49947
992034 798511
344245 713372
55252 466617
866603 816384
139569 99278
433697 141103
610851 163418
310437 378826
932296 792239
245961 36444
425374 62118
427769 898654
557570 832735
713756 493946
856157 682820
200018 348757
928712 400445
984341 886307
508794 765630
149279 21162
401905 911338
153183 344913
981625 333410
500242 890282
52803 143592
911812 942582
827419 703528
186598 837491
651190 458233
988280 339328
530722 875076
585705 130943
939401 169225
355154 289952
797352 919774
411596 941777
201409 193657
835536 45271
314552 333156
965688 525407
687932 144959
223773 512506
765493 201889
118573 381604
175839 46521
20132 177038
938160 54003
316935 350893
535589 941837
991298 194393
293514 479054
700340 815290
420342 196057
484972 246373
61903 825216
709831 764635
998360 249244
697131 957980
710736 319443
325525 91930
90976 321481
820826 366749
160286 490318
418075 655011
61394 956266
367362 390427
880987 513404
504820 112735
73849 170722
342361 344317
919534 317141
572319 671193
717744 275394
471106 947258
351060 163555
807196 936453
109310 566095
161466 215105
240428 129530
86093 612799
298859 727360
968533 5681
493412 62904
332410 714166
177981 110336
743537 256274
160810 247868
306169 343475
561539 630383
479988 34299
238699 50986
582955 543490
613730 273838
422471 725501
71253 289608
743617 191078
25914 879013
823797 115256
821094 554971
806062 642263
17120 12319
734755 261329
274721 454336
684290 960055
87575 343801
445987 31492
828025 472123
987941 775723
810204 510030
774786 350240
623976 820805
346668 198290
577769 9193
328067 245230
263095 576973
688901 694306
345629 449854
708530 261134
999492 400821
666679 8601
895293 709589
995860 554983
473423 667687
979650 186812
327286 680637
459878 36356
938807 691593
871317 451256
889851 358406
347865 998360
706886 168012
363982 303666
571741 974142
278521 750571
655110 696379
512981 777051
254958 384329
462575 346361
188847 359841
279770 405637
188394 218551
381686 675570
803603 666002
598854 486722
111944 901267
908860 458058
911819 10797
51499 494658
31820 761108
663583 196868
273389 3215
764616 693452
715842 686524
407183 116575
428538 893759
245190 981017
604883 787958
475935 702539
381709 79029
256762 507001
584178 298940
33477 435683
994469 37324
86193 395536
327753 22236
915037 26282
891728 556016
860071 854314
838383 225947
635116 624455
242682 892639
447127 398323
813075 258152
471182 107558
567877 196241
146304 308329
30100 375601
314967 225193
763757 221134
688042 404012
382581 71702
736001 601435
495405 964745
427809 775262
593664 309110
851385 782215
218899 654549
769549 561741
589773 524432
939362 528520
274514 564083
250196 218794
301334 427860
847082 670443
99491 290687
355409 179866
145540 986104
58370 368563
150909 166744
516176 521744
737901 588947
816497 618434
876284 307665
137301 123538
954441 427161
304487 889423
470016 291334
750930 785720
440359 588821
448329 985511
844555 878314
479801 50356
432860 482713
453147 586907
635840 651894
823825 623654
571052 570059
196848 380725
155380 720645
766522 337443
56452 406580
658776 799931
211634 735202
133512 950991
694931 112988
518398 997296
94001 735763
471287 337781
532596 449228
707049 817524
60840 158760
254902 155075
153186 168132
51203 39782
80492 105054
424067 920887
957854 514463
798739 671364
126941 462590
397133 460212
174475 54598
406641 422332
643153 284793
736014 866698
521685 593829
474557 574266
540298 412100
297359 454444
876098 581363
481760 646004
782483 595002
553493 304482
157874 855286
828070 169849
404923 341327
118634 197482
128119 368644
365256 616559
67372 917460
494040 712077
781083 62476
794884 969084
240862 309427
553812 603079
297915 740330
377602 143338
264022 996829
709286 191545
607091 679459
827060 97792
594098 377468
874879 981557
304773 796338
125460 592965
729787 718915
236123 163578
669807 92807
269811 620209
295704 73899
497754 181809
239511 216010
242229 37522
774496 887596
755998 234866
766703 816150
731431 931268
656708 673064
706899 468234
724116 586193
640282 250004
704208 515475
776673 397263
599242 678466
32235 96712
918149 790497
353839 879712
392947 49995
192522 171346
482482 742427
229901 327929
325231 944749
606560 944506
909147 959450
663921 917435
66539 445011
466364 150640
986992 447242
661785 655776
378119 957173
362578 632237
650354 100735
727013 934227
889310 260270
316935 450692
56531 11684
886746 67339
523740 972245
852051 826400
380634 803151
377725 377540
521882 965407
979681 357697
335780 859141
326219 575424
795555 517225
474992 375740
131828 333344
277343 3736
22960 831129
857951 415023
129420 421373
126053 998447
546717 999003
724284 629368
595616 173202
814023 526605
1566 509164
652340 977831
10364 773631
725763 428210
282939 234319
927512 421293
365361 138131
46538 669898
199614 825631
596323 462434
467589 652362
175374 112608
780545 759331
423997 318679
282687 659047
707443 218074
599166 128829
720000 143363
126459 352474
867450 811413
598630 546891
617207 99174
362767 702625
95310 620592
145401 189842
136048 779238
872254 524259
560691 831585
873456 367563
551296 181313
814502 590884
117787 687928
116825 956145
538837 887985
75246 429779
337949 925486
161394 576635
978736 664193
295738 279567
770020 998660
877143 839402
106123 324031
922263 360438
756005 979923
117309 297936
633213 957335
53107 554699
707667 689811
940095 174545
579389 389476
602151 752024
329046 520508
100577 423690
255687 598659
107679 933793
8391 357817
424377 248280
375967 344219
50900 672947
239738 714571
495957 710461
465450 563250
603831 840376
83 500263
972086 744733
208357 690424
436947 297259
671189 203204
406294 260077
621498 63066
902996 979525
297876 82289
179144 936810
305481 313375
777059 307909
380997 253364
490852 700301
490523 868091
541839 938039
592124 233225
105659 809216
663103 495408
580588 494483
39436 161772
927907 594709
577207 194739
405502 449517
221421 440501
210888 950317
983900 731724
815409 576463
843895 278733
307832 221679
43638 102854
181921 169695
414385 650413
186360 684608
730201 267101
149276 87189
261830 164365
783891 821563
599612 976258
873502 386033
571426 266348
8224 60645
31379 917315
779116 433731
590342 497008
272212 117544
488535 346140
684159 79135
674996 850318
833967 737201
934884 445568
459077 843308
323403 197639
577283 731787
237564 830810
448303 934621
30289 267197
2020 429536
787747 528
960310 192312
994223 330961
535298 101286
224029 861297
358347 46317
873289 260739
72283 832036
809701 978956
530084 582025
223624 293057
415049 795548
355850 595890
280982 391434
991228 616889
499696 779105
803514 102123
749175 336773
409249 655060
484611 676852
649169 432396
349268 884757
828730 319956
111124 922484
965617 424068
336549 288771
716801 131740
544052 303672
425348 482211
52192 173157
156672 966095
682896 692151
705636 569246
672157 289130
189911 1466
911087 766361
172974 435943
676387 447215
484978 770808
821008 623827
781552 478000
167800 610451
668879 890990
104408 832029
822167 534780
12300 107811
815448 461490
537582 117669
191640 261372
266967 506153
986764 692703
477086 751935
11449 352363
952451 786698
815531 634073
804917 150870
547348 799247
912194 207357
745773 670154
393833 140110
97607 279470
462486 157235
965249 486883
964188 929634
400765 112471
620199 68902
593781 160595
54804 967145
111005 864994
208760 709532
983617 963493
992732 610873
55111 360108
855959 778676
193009 607637
257482 892581
330002 19481
942931 611708
569593 572100
624459 387092
835787 469858
996237 394629
789612 682457
595493 377097
969082 32467
543081 882557
268126 3580
794627 309705
868109 572618
332607 954414
81410 610784
480631 99058
746782 421384
499646 525687
607019 609048
101579 449671
523571 370954
458893 586204
41595 192585
271271 742640
114368 490596
886779 229183
644608 430920
886573 435180
641491 366090
115799 528214
214897 628686
289827 779106
569188 209842
663150 176972
719988 906945
853631 848413
975296 152344
243358 597248
335242 591325
586071 948024
183357 558198
958315 670494
256238 971187
734519 583125
648274 646498
686034 718165
144982 428752
960399 778905
850224 894681
963684 12202
439935 835042
64831 812751
49708 687854
331302 802880
437355 703597
860264 563647
41489 698332
579668 473604
54821 533744
424530 324849
242786 375954
449418 652762
613627 714587
618725 370183
671053 492464
640176 806104
419290 565076
67713 679464
456709 41414
687405 454505
828073 69798
297973 243826
275902 990017
330548 134510
771067 684902
138718 79093
50788 85910
924956 323979
730656 438138
150327 867031
904068 954590
781262 737783
479077 452290
256667 203034
367109 788043
467540 660499
340548 929751
925827 747932
728478 430013
716984 189062
419854 330469
270079 594192
338494 502048
275722 820696
611005 705792
353064 534203
808400 313977
385368 650598
356886 973645
101978 625802
410272 680716
50410 418567
513026 364456
943528 49977
667104 782433
182233 489819
24944 560850
116761 61382
821878 145030
218709 520341
57742 721476
791293 116526
356225 134960
357457 811191
1807 619117
104910 194078
444706 818421
585861 292988
602113 437733
471757 275721
425173 350377
464918 829249
977125 147894
31269 504430
431906 342628
177631 760577
567681 537767
931415 898271
831760 605681
763023 186784
254243 16319
453271 327072
368821 483087
682943 618737
928455 577169
992357 863253
317042 773226
177315 834882
675560 306298
833499 501796
649919 114848
891821 787104
441070 9513
345910 926378
126492 785842
406370 156519
640537 508169
504123 549562
392081 250113
510090 290256
329939 368976
569647 544993
17155 929956
147803 506464
373443 794154
83529 439673
825071 135222
327546 634863
281474 538427
759040 164070
564155 208641
611961 424860
825670 720512
753369 160286
2212 235258
137592 875034
404438 120848
398635 833532
208797 354295
123606 442759
290384 137335
442870 782397
914121 588408
405520 688651
379199 711302
527976 181730
688737 358371
571833 355450
764551 616720
568076 841168
209543 765720
794667 176322
471656 186982
922660 767079
146798 481652
991515 427424
600963 101144
880267 216025
22155 478231
354484 664574
500806 873059
562974 684454
54758 896006
840802 701781
803423 297253
310932 45256
171533 4723
370759 407461
873222 127329
763604 730308
735765 432059
840217 661892
165122 942446
503844 459523
528146 797433
481088 900671
252739 776769
678833 442546
76221 753161
493892 103300
930762 118245
118417 181899
116779 184923
522323 17792
65003 904461
911635 59363
592132 742042
610773 687424
824809 190106
98676 947489
675267 32202
262583 720369
792686 373193
81955 826911
575949 560391
913575 211909
345939 345593
331804 867480
376583 343837
619887 581024
215253 534216
163747 620040
249034 394295
54348 363401
102906 655280
900142 322447
788717 977279
675315 291352
65542 288789
915590 983954
126217 123065
114321 99837
644837 8636
470039 502410
404942 687884
416018 816529
502549 858026
942944 922839
598346 339324
592960 108005
656585 937807
501565 656212
354426 58094
763736 207265
975202 854674
7141 866779
614613 148397
552617 660412
710680 293779
861381 353032
625974 608167
688485 851936
598934 294098
66527 516761
761117 413995
299869 637130
197938 706313
889533 711446
796727 527817
986373 202914
649595 370573
196287 29743
701516 865263
793404 240167
766721 631347
18953 65833
298478 12178
453722 602211
658624 551834
514016 25942
61342 679946
680372 325635
771871 956154
75323 549220
120161 416593
12973 444649
211925 435300
713229 988685
115198 343934
24396 80120
341871 782359
711254 741764
768915 693053
797880 267123
366579 424106
303137 122823
713980 920749
551782 470154
646968 907372
856236 801159
327862 379599
468324 140035
606923 422291
320948 65891
580724 760437
238709 878618
108146 93953
423506 851742
112990 539922
974063 770402
562837 159735
642312 240163
58603 851271
64750 430564
344221 413000
588010 997222
627753 174327
437366 956952
249350 744223
715814 99585
979762 517651
756358 903316
991608 535155
14221 327964
977688 156947
466897 929482
581013 410957
507934 285165
344537 224977
615098 543774
950953 998491
185701 817420
831336 613408
338651 265995
683607 411456
808718 477622
744505 660473
909782 864504
504306 900766
759311 492679
808452 450759
611092 57507
860542 93323
39548 710076
199815 688069
674371 102468
98073 760833
497466 303960
715471 290868
397865 848940
935946 999333
825686 516270
938454 411213
572898 21422
440203 357742
41018 596497
699822 903430
441439 699819
293302 28814
463597 287678
678827 374303
387325 365087
587739 496072
211483 955199
552516 798853
6899 177468
347100 78626
665955 606491
508340 353475
200340 596327
737865 360341
69715 838755
193932 763217
475775 162171
321797 413900
566172 504650
325975 142224
514031 761500
367175 59340
829541 655903
536373 646979
977784 281973
304216 191605
401678 636951
767314 656770
969271 642180
521312 508379
154339 167661
583397 195428
12317 913823
871268 949630
488865 116827
302734 828582
809391 533081
71352 624690
172816 214908
48411 616245
272369 80877
56097 487708
769821 298630
724255 352613
873349 395382
92494 91023
750611 965092
562961 808962
579331 176427
131495 550998
839369 688606
306477 381992
360742 778128
35591 956004
62736 310630
13362 370578
75076 155212
956721 59837
198281 252464
894387 89781
877612 906379
860162 529193
316771 207913
423899 302607
907154 690535
809732 454706
21699 391903
289009 960786
805050 908185
570573 176286
874110 475817
343448 377888
583106 820974
30806 961467
369764 95266
26721 34536
711126 957186
772823 77065
143095 323206
674607 535888
679786 711527
521598 844541
797710 794704
246643 431345
422555 881167
183343 457674
936362 512222
613628 739306
333578 658591
557883 113271
873532 740995
220893 726645
651003 308875
877455 588400
263653 604759
705894 505733
581324 463113
735770 883574
342626 591612
391484 861891
190376 301915
727484 808102
555557 546228
115294 978963
269880 23870
944252 254766
245652 575948
20316 509283
295890 180159
906098 379724
471378 66899
362837 577717
314249 316867
683969 571288
300325 32890
920085 49788
952531 519696
788821 425512
353692 934959
196296 94467
495231 223050
309318 815624
64525 557696
537497 403318
308634 93134
969410 22086
633250 771715
814093 641227
563575 355130
931775 651599
695630 313352
670980 800398
131452 105366
121417 306358
540195 37931
884437 224468
401858 183041
66281 935661
683707 926224
741398 250803
936803 837174
873629 770445
966171 559747
842460 999481
214898 927772
717240 80804
164634 742238
947178 571112
630799 461711
506483 267348
379849 447552
618055 209386
55281 365487
246318 666758
322100 937428
413385 401914
207296 960859
250808 247123
678726 909807
730158 584045
955057 203845
606638 593878
851759 252105
898257 603890
762136 957719
426377 508132
589839 434366
812185 483023
678630 504902
233829 906172
906388 996652
289740 7091
741807 134453
419569 41357
953436 985281
763605 239349
894998 6941
492332 207328
436699 699329
509687 356627
358772 983779
948865 536345
499029 387546
105518 501787
490901 982056
148667 134086
29709 271820
566969 879973
474452 111531
969746 522593
654357 762131
315770 54707
402256 905663
332946 324741
56898 558036
374933 924269
96526 362825
564610 378791
947844 753407
640702 289854
477768 715624
320632 76007
109833 447053
788317 935471
686071 763364
488664 614536
474623 938364
568840 104847
204760 287282
215416 482236
965462 694746
90986 547909
479167 692824
359441 352560
599950 362189
946609 830220
858228 285073
424177 985744
586737 324463
248359 503765
871560 380272
643792 514505
453913 441593
569929 781049
34916 965151
876048 111795
964810 20101
686921 580172
839833 372330
847760 271615
157452 924271
339809 478608
717082 653409
487982 365082
895761 577585
663372 709423
181099 829790
753958 88333
802247 730079
766308 898389
439915 729050
187495 48808
744884 654293
463270 174142
853827 288287
454850 440365
434534 23766
168372 616854
637169 743304
616410 672466
382557 453891
414196 944455
606068 750914
539428 980121
600961 44990
706010 446999
337446 761949
401729 468292
530921 951739
251938 334961
55843 356013
884570 853262
328031 136579
306726 347238
786210 402606
459777 678587
772877 651277
579767 362585
30509 598424
17772 755084
829759 844330
841748 381187
432596 606312
962910 673702
327231 182088
502158 481750
65513 131756
136076 850990
952200 86346
392482 668597
297148 578226
85981 279027
691670 211173
713363 281580
980112 617107
176227 655964
820781 674503
696341 142217
921813 705721
659144 213750
718664 607210
499159 816708
538185 439324
514806 71900
723047 502929
86242 658998
734514 902531
124502 771326
972198 117874
150824 236896
120431 743942
439271 47271
614123 376967
599693 231698
861593 870677
139931 598696
639772 648401
523623 306037
219808 706580
33850 142979
654116 900558
13241 809749
158177 246764
138213 146867
10128 968173
706288 153426
385541 314843
865957 48497
865756 712990
625124 1276
437989 105047
10613 286478
75543 939976
271759 905805
36657 36192
485714 575253
912161 209153
308971 180601
710800 893712
818691 582684
664512 118637
802570 812539
682660 211866
111215 158845
498748 163765
836113 957393
849610 981929
246746 726449
503317 603896
343510 735316
897982 966717
403507 208742
355287 457320
196687 48072
883194 709500
929503 588587
728582 26476
908700 789909
270678 768406
797664 113974
62350 135547
629631 643274
790679 440205
297645 213580
659223 652703
864875 690248
456050 680645
542784 226859
789101 826940
340236 621592
299856 243714
371232 474774
139189 861203
68784 328895
863106 738352
308370 685827
525647 627115
793342 295655
96289 318665
821814 720870
251426 837162
760130 640142
652347 270366
468145 622877
503330 379206
439765 869698
803466 425005
987694 525612
796181 670248
239326 960727
771442 753840
349512 806112
65595 49768
164213 313497
337052 116226
710994 989908
847130 379313
671045 865355
363146 887975
575942 417434
601914 164765
847226 997078
506080 300541
162023 307476
579212 917340
377878 896973
522788 87745
744702 174565
736989 2562
250467 188363
636044 535214
665313 572323
571902 329313
846091 886701
202025 170851
821463 784566
168779 602361
865427 843235
111956 384582
475090 213660
423018 335297
832145 290956
602043 803943
693085 721008
16113 383252
547933 324071
468946 199333
738319 388121
852844 720681
32428 246143
66459 76034
887826 147596
367783 803864
807960 78641
105191 646523
115930 478679
332721 811515
400102 81216
801043 849020
821353 958779
358716 949919
581595 868584
95023 249117
757652 245328
972745 965348
255109 532698
548165 322447
400394 944276
749997 490795
281866 686238
537089 477210
900477 276075
147058 156829
576098 588674
355861 426886
404764 670238
402477 365512
221142 388682
994055 391086
166186 547915
370238 65802
6921 537295
30127 117429
53735 621805
974295 753099
430043 491602
793845 641191
801435 971869
774748 173979
587500 132712
298802 779393
331348 290810
339851 862956
932940 859755
411933 935928
196509 766631
668019 21061
177852 745298
105548 278070
714037 25513
192631 994675
627533 45215
65152 627372
63451 426109
281073 626024
113655 151008
45155 319398
499993 225921
711419 683891
675029 179400
698221 535513
727100 54520
590605 560195
691942 16945
193979 894482
384625 36240
667934 435189
506031 934773
885447 490857
227086 963845
47063 220848
819596 337899
644352 14140
948904 777887
642329 143138
681595 323405
367279 443785
4722 677131
828841 89985
288779 343085
854538 305923
20689 562382
998462 685560
612726 302521
129673 698671
872181 328752
506685 699461
537735 866041
801489 238675
255079 504017
949139 755819
148708 377281
319008 691000
375010 871429
628747 345793
201351 606621
317275 580244
299156 861918
728039 720529
313633 221100
780582 885527
193947 338384
115848 81331
973532 944107
604819 955811
737359 428648
34289 861031
222410 965103
172281 693791
188836 946297
158520 412260
193970 277011
791119 338003
538345 875266
375119 408523
866069 955521
88052 56572
547147 315766
372359 451194
745853 587838
896414 197285
866268 914839
659129 493248
301735 596676
440419 141681
159810 499447
267344 179514
725698 884069
518867 801429
842364 776206
937721 928235
514659 87239
229302 249412
233490 630379
105594 204241
847356 215684
904332 595190
3846 209498
366327 478292
77170 495518
692659 498320
822709 291886
812811 190716
413153 967192
633574 772572
942943 82448
721484 789894
496032 60859
275069 614825
180935 95191
940750 961569
127261 673478
630796 750105
972273 251416
191242 838105
694462 153431
762466 136341
270184 92961
140627 935918
781555 362420
837299 249623
685197 925969
247663 409237
924393 358778
861017 488758
585320 904797
852340 306671
911884 839025
472129 159616
416405 474111
178411 368527
159579 896679
532098 734306
43641 834396
591641 605323
111095 745016
817074 920392
719096 860326
896917 77827
298510 384949
887907 966421
571682 970987
762342 578396
766301 446373
677877 830165
836595 779552
672260 78284
349352 848241
37008 633110
949353 694457
968623 329098
664679 854053
538519 585844
911751 22595
601533 102592
951974 325756
830766 146270
366951 105034
521626 60432
400307 939238
497059 558975
409555 506663
872767 724144
806008 595824
133389 107363
712395 674299
84276 400560
941235 552078
826682 486450
649011 480900
226765 619174
505053 503661
682906 348881
800215 662796
52799 79702
432337 440911
314731 709185
941613 9667
22077 986872
295836 928162
443992 913182
691168 599270
243736 208214
448047 599171
114860 723829
632835 992541
353581 885753
887275 943557
742968 804727
321540 134623
571794 566191
752712 989073
169740 282238
639044 761946
814247 214291
157320 930510
288960 29128
353651 496803
108471 104954
59284 686869
495596 529088
628078 45361
563201 28613
577853 559431
737642 86694
852660 573685
250576 417791
5638 881233
880590 460684
190862 889690
740263 484458
974719 54333
506129 930052
437601 536022
526375 623317
124381 13143
397836 731198
916404 424355
260712 409078
587415 530317
250357 873323
988208 810345
209377 144568
521844 283245
454445 475280
613822 878253
150331 110965
411226 951909
342295 863627
323143 187190
352343 764304
885017 892319
784857 561225
47556 138932
90907 31223
724808 803798
652890 295500
618203 82357
103221 703316
366126 16769
249592 41010
501680 676931
269277 330973
712716 372551
139127 235850
869676 174381
288832 10691
821168 523586
56819 783562
778440 703369
304730 414209
485193 959614
966943 961950
518612 65330
605999 544248
44852 749737
26116 737379
938993 29511
325334 195648
722622 789021
161810 525363
205836 171880
587034 380008
379721 47490
792848 884105
199169 991331
286461 76498
433526 939650
526838 821387
648187 679080
414129 96752
933221 96064
594339 297282
570030 818330
856354 591220
451370 458133
55853 875364
979757 282102
714965 594948
845841 577858
775308 574254
198965 275034
96214 374718
601667 555085
594407 867009
780479 905935
541656 875240
965034 516341
925710 441718
103807 842404
79235 2051
192278 379221
953769 387407
876497 464056
289922 97339
318885 395063
961123 266644
851951 367392
729090 511585
155525 137160
66112 266073
344567 383725
389060 501487
945788 268263
304309 236491
261220 144299
303396 539535
538882 949473
383517 963364
335896 396490
252144 601188
279495 434852
263176 527143
433835 717699
827718 107757
711317 390093
716371 820266
781578 750446
90664 283775
862434 165993
96373 747585
702548 299143
985966 786451
108793 336893
788324 297120
81121 978281
981638 123539
309712 811036
383034 230539
355575 979485
430617 322478
969936 919695
484874 667105
140238 797090
264487 343177
335908 248344
172355 665485
543174 732170
26457 670351
49246 710324
433717 972335
648779 842164
722919 721452
408540 472717
298768 333892
202227 273375
681294 602995
367714 104060
453583 695647
578398 531378
221478 881523
664432 970042
636903 582560
150665 288144
303744 889683
678679 299180
527006 969258
765114 977203
93998 422565
277793 758823
201174 314919
574549 429980
901424 826711
761540 475014
489740 786488
766623 851203
400850 454318
845063 849781
662291 657405
914674 277119
975332 209910
506807 256831
472059 642241
698496 45297
280160 999356
500347 740443
49159 167647
702415 79176
630291 398024
657592 854911
13611 524353
362981 225694
358436 152359
108656 983904
651313 928655
774778 417284
602550 186161
602486 657142
133535 166189
97312 648260
255870 761866
754206 423795
587978 132522
608159 131187
804945 635093
917765 52750
162605 905535
59472 904760
637028 780262
368326 602147
272046 928517
970735 955608
175748 78101
335756 272455
200607 312225
777317 794619
852763 206858
219710 350810
673097 368429
576493 309166
128802 316714
346899 359705
669626 914012
916318 763941
927447 399790
636880 408793
921587 527954
843684 810519
479524 190559
361439 915615
230280 695516
90708 904266
370809 685583
374265 642635
399731 943146
179449 463904
886549 682759
831619 30189
245467 722732
358001 365837
523729 518921
901195 287183
568152 915831
437015 681355
917890 10605
343142 467588
218710 654676
809419 814711
105164 464181
204813 418946
432982 118100
25362 434573
436596 960966
991531 343778
844835 448004
44513 559258
285401 792905
910784 127826
234967 472997
168320 600449
379467 277879
365501 854457
785245 262580
627324 664603
642714 39401
2006 432249
499954 537165
519734 716392
197240 581142
917382 312872
47532 318184
233554 995147
143336 283809
550239 680224
717866 582466
574901 751212
401873 295769
743114 370393
712049 577292
188870 4326
158346 250355
664196 636587
843181 62949
207253 287218
881437 525103
393901 443784
878203 857411
683381 515682
456217 362696
633624 95208
943645 579984
111157 488581
766520 482079
40258 52140
891377 345519
21645 207009
412533 902738
128807 523690
858951 602834
583772 118276
698268 852833
280125 938501
577365 605116
466762 410928
631178 309066
224597 407722
824200 170979
359074 407099
885468 972616
271222 296984
263192 439114
780633 914525
321516 325146
183658 320541
801556 351514
474597 52826
69445 597639
349432 186997
242478 829346
967340 198900
119311 786477
283973 597957
189089 358501
836594 808045
845131 905438
941858 457190
333073 450150
616246 532820
137196 181977
786090 919792
144557 375474
341728 39173
249475 762324
31599 556397
495414 282161
719095 809329
894153 653377
576249 832080
686788 429280
91924 226100
641382 172026
363286 935348
428117 871627
666605 431359
796681 532828
617623 949585
785770 371653
38921 313117
783147 232836
416416 700380
558699 49912
99177 558572
382517 565525
607701 933210
900205 378511
563710 325305
471425 14641
286756 599687
858342 390814
350431 882337
240527 498244
238415 358049
322628 517918
309143 533140
552521 833677
210374 358487
757778 148319
731686 37924
798948 617376
141406 753810
303896 711318
586580 109216
641182 381613
74738 753875
660525 929685
562213 503234
409550 997446
598124 942557
595232 108573
544777 658270
179286 204752
759776 936692
60844 354591
299405 525573
789496 973220
758493 443448
137967 227279
803260 336667
932673 264548
830716 328931
796518 464948
537711 125283
951865 681737
100731 855844
725331 555150
311473 368905
890651 758458
349165 360359
975578 583136
680525 127933
132587 759120
828033 319788
148906 537741
866240 118808
122818 540574
210928 712315
435 35510
296157 962065
299059 449748
833538 152095
449631 498231
640382 801260
191948 950811
810894 681420
835065 441770
975654 730741
870547 797766
542914 938549
124145 642574
287571 602963
923475 408807
158051 877722
589275 888838
343793 540465
570121 950764
935889 44681
522792 873469
756830 360491
575151 442220
395324 677919
867740 37327
319615 237716
236575 667608
282469 254047
756941 172426
546273 226816
47665 442608
196680 236198
633378 419244
830034 71325
739977 131770
170679 715608
429666 558601
62126 793503
653125 619646
773735 946460
203734 462646
627347 398608
699656 140491
22084 502631
460918 706490
186372 608321
185397 561015
367979 78715
417221 38231
73033 123802
749233 364914
580587 675139
580319 297617
716127 567647
533207 212887
912343 937086
312548 917016
820831 724860
905116 866216
153139 472241
114818 19436
43536 755458
296120 463439
569084 11064
202552 674897
410085 713664
740170 712268
317405 121118
214197 485863
794641 225197
425276 210625
410135 682139
770649 990343
529802 527767
507616 32096
637165 681517
164857 144222
330571 25119
246044 20194
856052 297627
453824 639262
556361 375628
690016 164720
950754 384369
749705 986485
225432 717502
671439 134164
160982 354811
386818 625201
363730 277014
964879 664039
151235 491866
310963 631621
91037 636775
181179 820939
481059 555939
143962 746794
518398 207222
905360 813817
632918 754792
154504 202721
556329 996603
481408 379612
186469 371289
876834 231679
688164 725844
426197 108026
352950 374959
620528 132330
88873 947206
102666 670310
868143 530506
913413 253041
254849 678582
124098 338225
530344 457372
619316 421211
645168 606302
389243 392741
397957 60752
300147 122879
248487 206090
630300 614076
590614 285205
680122 306054
615734 696480
47079 163238
423651 66752
10687 627178
774982 203228
195910 464192
162482 957982
276210 582558
624843 518125
408314 385038
7531 684285
203933 592365
667209 414300
991134 241232
659470 904634
472534 475596
397897 736426
6348 472741
448984 718792
650985 661574
57908 583072
576461 935826
434249 950784
26123 445572
560125 127315
697524 958934
511223 537483
50100 299718
311531 498045
718324 145993
623937 777065
142571 124814
337500 58738
661924 984215
436310 231753
362285 6863
795129 152712
236461 944196
467414 398222
709423 668407
664117 558573
105708 297521
741620 646436
117515 349330
58021 777456
402139 644793
324237 291771
165143 578436
61870 202413
253179 955868
142101 169610
121311 481555
687462 113532
493837 915738
964510 874292
65142 410587
893043 651636
652739 19461
218036 468157
267847 117982
484257 193084
564992 163160
712116 555006
423145 694898
752271 20280
210948 890602
303589 606682
519837 241501
673381 212822
984747 900529
846153 434310
807097 559545
33011 312804
735461 922034
593791 809725
131637 887798
233448 765065
157535 39283
374385 537498
702992 388281
154337 217832
890211 65535
902692 501968
66640 344892
429162 285973
635400 301336
917164 869675
399766 133143
294093 89646
536555 496157
603620 90059
366860 18627
444118 839629
69314 88680
877233 744338
979260 942645
802316 956714
311274 113042
540723 621995
256752 290452
875025 663392
180508 181103
253514 62289
619371 718895
150448 887900
845939 755304
361231 108180
900376 182382
707213 556755
53686 595188
936897 199964
583682 988693
938416 580164
260616 964745
645894 798888
489300 617725
428399 786629
82598 783910
524779 196806
745917 664708
540638 684007
835713 501292
286160 914556
715323 696964
914388 860857
458659 37234
870842 317989
507041 14873
745806 61895
270818 272888
706140 79106
199985 244409
438837 992431
869157 2391
490655 564652
937380 88454
99683 870368
927170 182257
634809 383030
117211 209248
714156 686908
175606 584836
422178 429859
454915 751140
294880 306328
508868 241367
932829 734971
728378 558057
53432 248419
630060 130366
621622 758852
520441 388460
321830 572127
292805 220876
277183 7925
406770 56935
635083 405692
138556 10107
252191 838295
414785 142386
394765 628105
221933 499370
363942 643858
465954 379351
967635 898696
219101 640416
352570 713295
208390 55818
561553 555285
679555 488656
919001 784233
824647 832623
418857 287469
662586 319889
504286 796271
580206 15497
504728 912494
948716 726851
376496 843976
870567 678720
598781 788571
73185 438786
40064 513187
960144 437195
397528 713177
771496 490015
118857 152088
274009 374396
809013 166537
614703 265831
300568 710677
372425 43837
152621 226641
952179 367784
514987 818627
457779 595834
743801 921573
3048 294394
943896 191111
429928 67967
884184 216726
948516 173375
833936 970665
819677 722392
560597 296222
81822 395769
305772 925636
720698 788247
359577 407840
296526 362343
355572 86800
618417 959909
660187 883650
803453 403443
52847 752491
905766 230022
812025 264984
515780 26720
395655 931021
938304 910574
336795 996028
801910 972272
545310 207288
450956 453561
60879 426772
539789 685881
768392 307104
19122 737545
808494 710008
904451 125480
713710 928546
900442 364654
39310 915278
533151 672111
506832 383223
20602 275901
485319 306916
45322 164226
816164 817158
350906 428067
602778 119902
778638 868285
623813 346786
591807 307465
788122 877086
296146 606296
525569 409428
601119 869476
290624 676856
527570 205629
379448 364050
1232 860521
463898 496610
676490 268168
717765 875675
460812 138085
434291 237611
5307 725103
802688 426400
578706 707587
353890 580468
540905 636387
424421 204922
619374 279025
370441 255587
274752 100692
420895 588147
114031 273393
852628 834139
780155 150822
377168 733479
359663 145424
411234 332583
940103 731824
526722 379527
310559 48406
430783 720028
935862 893736
610402 395954
283988 70011
507718 54787
342760 629261
947207 127031
399094 178435
66176 188755
633006 112815
331576 115771
682271 20238
799094 753084
687847 308942
363954 517287
269392 493639
214748 773995
234460 484619
886618 690667
108950 657138
329084 715125
500893 915812
532300 389373
115041 353651
790132 219569
850887 892576
352656 593519
410812 671041
335979 438556
471349 144863
247025 455363
429678 842102
761601 610473
936268 756612
938921 274362
201910 711668
119454 285114
270227 360565
972010 845983
126435 764994
931024 705371
6551 74361
660026 972591
936090 855488
333118 77009
382582 954036
437696 177702
794700 142820
78557 713271
559786 969004
72044 125922
372574 231745
972840 65590
718681 346194
329685 554066
802358 565309
868156 629064
555402 275629
565604 856030
60096 371557
354860 258275
875555 321291
880066 172266
341745 422734
251202 471239
149608 996565
760811 349865
948939 512729
129927 83234
409023 98139
48542 880965
551870 798592
885997 70070
176608 199481
588226 543098
200287 486076
237447 240582
111328 539673
160838 517760
43458 705763
721095 172273
774076 659160
619634 529710
928869 572238
632896 713407
852753 99858
486785 935931
499308 895858
383374 650049
802883 609486
275413 144433
644725 243344
482831 718684
398315 178310
61371 783229
341749 316160
697325 892393
1662 862627
273045 61738
717065 324807
842114 678726
465273 614985
568687 723651
985393 311391
910125 426372
902535 873759
264152 624087
908329 499337
515231 272007
706674 794112
199871 819616
149338 938686
880173 582291
467189 97353
471330 175240
308910 727050
992657 232289
541095 827940
954726 674356
285215 178824
674955 413044
24832 460323
943515 67497
465891 619758
711147 29058
902705 786604
139550 484192
1499 718719
339976 617852
781737 103037
649453 227272
94705 600363
334164 471074
341991 936322
196464 176403
257831 445997
148861 412046
360286 117386
50294 560220
210214 57473
924615 644055
541647 709197
921216 479032
393199 437342
162658 679458
373728 470806
108426 347288
748197 246902
598479 664787
92723 525148
369635 927269
165562 174019
876224 775799
338635 674108
926927 120371
634933 999488
970502 807907
438618 782874
757890 815677
525695 577500
544792 570756
867453 972776
945050 413492
235117 927200
1427 628511
869999 407590
876362 137301
648244 866054
989104 931437
790741 150513
925734 618134
936316 497769
824704 613336
112421 376337
475066 147103
558845 654018
725420 442116
832746 228278
659711 645934
322522 68556
964681 109012
734685 178329
560525 171643
105993 367503
590586 789295
543380 915341
242632 934556
694235 300794
446998 850060
293306 841706
953963 593751
419961 545617
911686 609023
439664 233530
99320 568032
989199 549434
240098 595808
734601 788995
341501 699942
975389 75140
600885 863601
337047 717005
457846 10774
375276 538978
668058 693893
951831 742216
448444 764508
637897 375005
838681 233588
176561 738700
605717 122488
616988 75696
37751 21192
484648 105095
877855 210047
431837 123520
788144 222121
667854 543095
907666 781779
734174 135442
460722 602537
887858 765459
131317 853842
959383 369145
253386 37648
775012 169027
459529 678227
619757 960232
134265 344441
989905 268512
9289 606682
260761 314300
807218 997651
76087 716512
930973 419699
83166 792526
170640 985500
204745 780912
463865 255536
901078 582290
238905 278683
120186 394584
617657 91412
354207 748470
281146 435853
979831 353902
839029 872403
331152 558577
380095 585849
770234 691708
79133 442236
589154 977047
408684 704760
820192 805168
836295 485786
128869 957160
450499 713474
490424 542706
749165 615174
906419 20439
45574 528175
89053 967505
145209 365575
117652 639541
439155 855452
210626 455235
605814 602040
325946 799988
899606 827170
922046 451310
817698 192380
147593 848966
440848 569735
202339 915728
44717 565638
566812 741835
45271 870498
469481 861944
110261 389826
574791 951853
573661 5200
376348 828758
822821 598765
808700 159219
167648 125022
717976 634231
697231 869645
893292 75293
683827 219339
948257 855099
963949 900959
400502 93039
281734 322596
354146 489699
169099 45867
918322 104578
60095 713364
856469 743360
854033 627668
870262 847210
130206 79365
37765 37011
666629 724776
496752 964462
183940 318190
623863 620833
308787 235849
513525 495770
602957 139238
189787 855149
393209 100445
371834 114306
985104 189712
85473 576334
457362 282432
727712 801997
420798 250781
633154 676342
577684 1416
578039 921382
515244 822696
528818 598012
741747 941115
694667 926533
782314 699923
523532 394490
57020 590950
873999 433489
523509 989536
864249 93130
740367 245087
522178 601556
426688 638498
703429 806676
19697 589917
409071 334258
768911 449462
727311 17755
858296 110766
302760 820931
21143 432080
712865 252881
797304 440999
473569 254496
613164 944740
625688 972790
807043 267867
313856 29368
203395 970179
674278 918007
809942 228210
684833 653072
545649 153021
568043 850234
293069 54634
506358 16590
794113 168105
829342 690811
532995 763369
294546 511770
888393 479418
652626 14646
934749 38963
211477 639051
529280 23897
443819 659911
280865 840303
17577 584435
152023 188311
104744 35114
147224 923099
484968 631170
238218 112336
193406 77942
572974 189238
623842 561424
825884 533343
564128 70848
733749 823370
789123 129326
681076 279306
871197 864820
427926 685888
844465 254444
514777 285516
243204 465149
507568 277169
477911 320783
473562 889828
205455 765520
777514 603897
918093 368186
99587 103607
453537 605490
746612 238020
95908 895072
710801 73039
468876 417940
982258 238477
384186 136710
68019 310041
565891 645271
166656 491653
906850 116837
142805 428416
322142 553108
798982 615881
690590 382302
777850 195361
219155 775637
530126 915193
818889 759931
625104 407657
42523 517928
643308 264579
218411 762287
203294 566324
119270 228268
416367 452466
17413 279865
511696 953996
623609 182020
132481 205694
154212 813494
612585 865293
823515 621168
489928 701324
756313 181580
75055 807858
539897 787939
674591 506188
211833 819840
208304 819300
419249 346902
44351 174862
32726 564666
725800 199861
77987 349632
837508 823469
269359 492737
945776 915750
203831 934607
302426 680118
280410 865825
537938 700713
548141 960607
138205 817917
728576 172704
26831 838599
200531 45881
526908 189173
799253 141217
433572 337231
719543 502989
262309 820894
810897 800459
825190 368366
219234 352625
246826 178511
923993 374184
671198 159009
325710 739148
44740 557546
620586 483392
29828 99444
318916 438760
773281 4144
248672 564648
867028 472528
595203 759655
107433 66826
189055 795005
170590 388276
505698 849058
849416 109178
42439 458444
530896 472310
675229 210466
973106 736329
960771 501535
902567 392512
774732 132083
291819 64143
178290 519577
922716 372573
301494 221969
797936 975148
41842 571770
9896 783834
702359 972456
860159 900009
420226 188087
902374 232242
756285 549348
719036 547039
718457 310593
461495 111532
237046 954811
691421 553067
216070 524947
114677 409906
262748 666460
584053 978464
55137 151433
264968 460318
232285 440839
385892 93822
376150 246728
457052 820334
809922 134030
670662 760162
240019 394427
806620 643182
879222 758948
434879 389977
33566 590755
445401 862757
234403 478340
227194 448296
354715 654133
789734 41752
220495 185691
554248 857175
918610 227525
853684 442472
345436 184361
232844 787948
34662 520928
739381 887271
270441 668844
272118 828424
858759 143806
31083 709637
988171 365480
756370 454806
806390 61772
38157 362852
549620 861476
202226 112201
420358 607266
817947 20901
8828 282974
525437 594093
911368 688892
510047 826774
829180 682068
934266 645599
613066 773063
111549 272796
678605 714849
120014 581423
181699 641727
702685 999654
750246 703247
373253 578333
688415 900878
363481 350703
225014 225777
208457 544524
297195 370884
836298 376402
335048 480554
377860 296122
481632 896874
836307 257904
564037 286339
634162 447394
940609 914695
927833 852435
960768 533358
204986 129632
728676 99748
713381 765796
76627 238880
313961 995930
131463 278899
731613 123286
399846 600249
841993 815781
673522 978507
925465 965469
172115 78537
479681 855874
146169 663651
330560 180742
203200 379544
372647 832750
381735 396247
721256 801774
870185 155689
216788 667429
992350 660072
237896 516315
198047 777219
483409 874122
186379 456869
985202 719225
440582 132410
275415 332605
883033 475231
547966 712779
180994 959890
475297 919425
599327 731835
996944 45883
163052 541458
886503 479414
327312 928988
993009 789069
465163 200634
688607 778369
235886 757809
566827 575092
757518 900306
347341 109636
456017 891736
932917 512149
73686 219815
45286 349029
984758 940355
661139 820275
585467 311965
957928 213838
609133 862731
685563 665366
113752 349850
178417 500211
723154 401843
120642 197653
205604 544852
811568 716603
603490 742889
620594 497880
693366 889089
417925 140254
179781 644919
957661 600092
60244 216868
872594 839912
34539 810937
220780 679454
370040 118910
832470 511449
306153 975782
629099 169973
272703 572426
760023 929798
588134 715669
796751 39818
430259 321717
626717 427617
245865 361909
843095 850995
155174 127154
592468 118762
358523 269363
512552 175699
357145 685587
3117 385644
811134 529319
624855 108883
241772 916251
1943 721115
3522 709589
759827 205435
666394 506424
40830 844999
862975 620118
959622 794863
329641 137164
614478 698446
929124 893769
95479 255624
22117 969957
736790 591990
308059 18230
679108 652511
369196 38170
526793 853579
68947 109468
579362 334888
851460 151890
649301 403590
297346 832794
276876 727058
361777 794606
198909 804515
851239 536740
625280 511701
885503 310274
759227 326513
269295 660100
361949 266364
681785 397535
176952 917900
509058 847745
390348 748284
643013 564529
418094 475565
455816 186695
265427 818427
494773 772979
975499 560247
661151 774662
731167 294966
163203 741597
439928 843827
422190 649179
21617 696209
793111 169484
769568 965969
819074 654117
15901 218426
947090 617463
866225 932174
28083 340805
900796 294841
986162 348741
515477 932183
49762 168004
446200 169464
29362 964639
291324 358355
57117 720139
922944 232054
883080 927560
383961 986482
54251 914106
451467 159534
92137 449076
591909 384867
504881 748887
646565 252055
507208 656015
164725 560255
648775 456802
613840 184124
228626 496546
837350 53828
910437 646198
124480 616132
911754 21559
100470 133162
947298 182082
683188 223890
436926 56246
163317 492358
598299 222855
820397 711843
714099 482279
601516 195668
212921 537959
300393 380179
232457 527888
897844 919218
903418 749849
203218 891978
577117 737316
465404 918496
202352 312640
457714 221125
116603 176379
133708 22682
419653 796642
29033 372928
468672 213422
467690 13874
508568 293734
827178 346065
525368 639083
857278 492658
769215 337354
199598 737697
533020 973593
534326 611659
391745 683288
678646 196877
968544 404762
840935 976289
733495 517677
873084 431630
245186 366734
813278 252526
49494 747095
829858 536476
157279 180578
347843 109812
752978 53487
903528 942135
448912 319481
854579 328835
230289 939217
860185 605887
12327 862214
497563 780929
318334 581476
809306 838330
845874 509976
882745 972775
813982 878710
349410 782581
285458 482107
241323 740727
328861 185253
3049 810670
898664 727122
965821 734173
909972 53093
536714 125227
283241 504391
114503 9792
458872 998970
803929 204872
419497 385394
762789 645362
866757 35164
604684 770459
654033 172743
697729 877089
890112 269224
542111 161901
253909 737179
428953 700871
911614 61915
664210 212805
517121 165115
851302 290012
507554 606953
84922 332081
771010 319007
571535 520886
983689 235218
309015 653826
352422 561422
228287 699856
678929 849990
869102 293084
999684 86112
74566 49355
723601 920194
970299 184858
882538 103953
487289 468924
253757 475507
518304 752849
281120 713438
906589 246853
467682 752186
234736 152581
728590 29207
121232 745980
910078 554130
796994 629261
669580 689140
189925 886326
505775 237649
880876 861335
231176 493052
774981 941608
525278 672118
835442 362331
827820 533929
142733 82921
300082 907317
635837 472046
291221 352606
974662 53970
780734 300285
681652 913402
474954 790498
162215 553672
558595 556242
951252 121448
16695 428490
94262 20113
958201 753987
132420 376050
65489 331948
457312 415192
988448 991534
205106 43785
509451 761830
929263 40804
992848 975076
487683 712919
142167 965878
334552 615834
160387 692027
893810 496802
240781 676548
402029 807689
65265 911711
957361 785560
537715 842967
391467 560171
153892 794557
886683 857454
291577 830670
324134 320084
322704 611557
257075 746652
686302 79816
95954 82066
68061 289815
493874 931465
721539 587928
515488 411185
382534 826148
249381 688292
836029 428651
89734 108766
295732 178889
892549 216963
919200 123883
651801 807544
668109 827571
678710 395705
32906 674112
945602 594913
970512 510712
208466 511881
22975 52639
11271 441463
427700 633496
237396 118176
357538 72358
370503 925510
238274 229080
114891 291282
922370 365782
689168 482306
729291 107163
916379 964318
396845 858294
41190 413190
742537 279003
291697 890942
112789 725472
524236 630488
234879 376320
595915 375424
630588 133917
397921 809460
58186 81370
806885 933017
346785 128889
452359 113048
115225 290966
58757 799796
672372 808100
693973 983098
217881 161635
400162 470447
959930 550921
728673 551395
845283 267770
562996 516978
986488 601036
232302 285065
209022 434551
111639 62233
132070 547952
253450 827628
643943 267360
245360 7198
982119 470926
355050 387691
311534 664136
883140 630387
418230 351053
667511 485385
428633 807726
197596 197155
232388 639506
696942 605872
453253 209438
931345 619728
393318 961784
761899 393348
842860 539268
476517 194779
446465 697955
634647 275902
208161 176599
411024 758492
987049 966921
