1636 5 2759
276232 990852 2
205015 525056 4
252405 312376 3
241323 601800 3
847936 233046 2
146858 316141 3
152035 787239 4
324479 31727 3
370782 229849 2
52336 3935 1
434103 726581 5
391690 447301 2
29870 622160 5
517743 367793 4
733969 807605 4
658179 81687 2
619096 664000 2
765702 373780 3
895956 5299 5
59255 675291 5
150274 773376 1
699188 326948 4
431127 606045 5
84930 60850 2
441119 883596 1
921845 546146 5
171977 336534 2
460614 70157 2
518624 123139 2
352269 626752 4
364828 312597 4
392293 793472 1
652562 871259 2
260873 284495 4
959135 958201 5
41533 334172 5
148102 198834 4
615060 880058 4
228732 472515 2
366239 651488 3
499694 406618 2
537682 413242 5
261142 355330 4
863293 227705 5
57580 964633 3
961507 540408 4
128329 750282 2
971906 184426 2
74924 811842 2
756250 840979 3
78202 386167 2
704270 866422 4
451315 205914 4
991258 293861 3
40308 85790 5
781607 302698 2
327937 251352 3
987344 550949 1
424787 680674 1
947512 142811 1
282944 198042 2
512319 222433 5
294421 394932 3
929571 726892 5
701807 161248 5
799128 17160 1
272174 525740 5
784188 604935 1
75110 497520 5
205440 933422 1
49709 341966 5
93299 724658 2
588952 546100 4
509790 154312 5
196663 204669 3
147211 796551 4
306928 2303 5
199249 867378 3
968495 576533 3
392116 825491 5
36162 390478 3
479762 530958 5
414038 903445 3
89536 329118 3
364984 565421 4
941506 993439 2
811658 165607 1
221998 426857 2
771768 964532 4
16649 495867 1
375088 702540 2
280219 870821 5
18240 826703 1
972716 671252 2
101122 259922 1
650630 911415 4
73687 656937 4
237770 818380 2
401238 234441 2
164024 888497 2
375418 631684 4
788962 432351 5
148471 886218 4
90125 84653 2
789566 969653 5
287486 227929 3
347548 737862 1
643426 737091 4
363126 493013 3
756263 997512 5
670294 81044 2
371258 108319 3
348649 280192 5
946381 659760 2
662854 74397 2
52505 448801 1
804470 280335 4
181509 728859 4
613615 578590 3
445880 515654 1
994401 146707 3
432103 504346 5
617389 834704 5
137976 750612 3
418870 930396 1
345166 78261 5
480573 901678 5
10512 72469 2
656448 502350 3
427889 566093 4
167866 203264 5
441472 724487 2
526949 918345 5
722370 118284 2
765441 567656 1
537425 276048 4
456925 999495 2
948313 969171 1
102584 822558 2
66365 309989 4
765589 190327 5
880467 848495 2
154660 767139 2
339412 185673 2
641613 131460 1
422076 792655 2
316524 312267 1
974723 543332 1
996667 884554 1
697827 235969 4
85034 249973 2
727158 857272 5
597061 32796 2
547630 805170 5
232386 29706 2
976362 183008 2
282811 75508 3
888981 961984 2
448498 978747 3
455268 593404 1
114950 171997 1
648436 79958 1
425463 760045 5
10123 329805 4
278113 833025 5
189966 31182 3
96562 246321 4
999738 191879 5
59759 84917 5
992866 548966 5
841018 288863 5
503227 293796 5
822745 481003 2
497228 350924 4
802748 660065 4
127424 798119 2
386991 488373 5
944139 55733 4
647614 409160 2
684639 391307 5
316452 719563 2
428330 420929 3
984423 374540 2
586373 634180 3
713280 363204 1
609680 356453 5
893705 35165 2
782568 173849 5
771534 318750 5
712068 480828 5
710028 309546 3
190410 281111 4
120613 592680 2
229115 624021 2
235405 644522 1
571719 486941 4
137709 341629 2
799957 866209 3
33201 349292 4
611120 341900 1
734786 454934 5
929166 378784 5
949322 557466 1
443644 244595 4
572397 786311 5
548065 912217 2
847448 689090 3
525090 198268 3
974006 239155 5
78241 470117 4
199498 608744 2
417696 670610 1
599287 133791 3
278818 321122 1
507176 201090 3
601756 84805 2
781056 8350 2
13788 443958 5
715486 251378 3
509585 854494 2
995901 347039 3
779513 757552 1
458781 533336 1
667331 123809 3
969705 405448 4
727748 888257 1
238604 346063 1
747293 881912 2
227209 356602 5
466094 728802 1
975000 118762 2
844894 615847 1
957619 712043 5
226623 554975 2
841376 465217 4
573076 166918 5
351171 357570 1
256465 947328 2
620320 153794 4
274629 891015 5
315084 145875 4
559478 687034 1
732442 114456 2
641439 128848 3
881611 69374 1
617476 948656 4
686317 150171 2
297872 552187 5
766423 861176 5
142274 129463 2
75424 28258 1
258936 742430 5
830715 326221 1
878561 812748 2
998936 9643 3
46421 596655 4
233519 724771 3
264674 653472 1
936655 761293 5
485036 470219 1
34214 416681 3
502158 537160 3
562074 222654 4
406922 959095 1
939682 559181 5
419000 416757 2
237839 572312 5
320935 89779 4
371008 909684 3
123263 842990 5
795367 814756 4
523051 445642 2
958175 656260 3
664628 83191 1
195081 381774 3
18054 946632 1
767490 370416 5
447191 917075 2
6321 531180 3
873312 758880 4
118020 151115 1
609082 828886 3
497982 636159 2
78721 523165 1
353333 466129 5
761752 980381 2
398357 66531 2
557504 151074 2
426046 895177 1
162840 165377 4
14630 880344 4
547070 580526 2
606229 727026 4
456327 913520 1
740840 510776 3
667341 259412 5
279872 30237 5
194380 68307 4
461598 386390 5
634344 750478 1
405635 184956 5
559509 322903 5
969187 270390 4
283136 757200 3
886271 742966 3
11506 36166 2
48420 813391 5
37865 555225 4
165670 979108 4
892234 809881 3
729583 938886 2
588589 393704 1
120330 913149 3
109316 940151 3
345006 467436 1
24108 440756 2
938700 164755 1
296821 78226 2
343474 666475 4
357172 638232 2
631308 248564 2
744878 974783 4
479190 22809 1
885461 957254 3
148115 177701 1
764088 328573 1
446790 311015 1
263502 676596 2
150343 780665 1
734766 684279 2
66083 675992 1
412384 236953 2
508635 716002 1
723214 612334 3
462039 229430 1
575668 172378 5
671696 19516 3
154305 612917 1
143302 307060 4
873869 861151 3
453652 288834 5
401500 353994 5
835980 758067 5
183333 429124 4
927073 896880 5
748789 185356 4
950002 587807 3
770617 251002 3
810801 600433 2
433974 622213 2
786502 648580 3
545200 835274 4
680652 305029 5
796468 143054 4
662003 210559 4
801197 727169 4
839967 137371 5
899828 962468 3
638411 430311 4
775728 723189 5
613623 761946 1
866926 674341 1
594848 449764 4
747730 350816 5
79278 198070 2
345391 257411 3
466956 865760 3
338552 399345 4
534818 322457 2
901708 196181 2
900630 401923 2
541328 655881 4
48735 934721 1
43755 832880 2
432489 890159 3
662301 753757 5
598129 751778 3
82694 230118 1
717516 695313 1
553335 741093 2
551765 450998 2
52201 758532 5
568180 554651 1
273218 657013 1
274616 270463 1
887112 563477 3
10541 422727 4
88047 255478 4
457267 654394 3
869164 862987 5
305487 722850 2
316061 308204 4
784648 799823 5
55235 396891 2
703003 812724 3
37359 89364 1
168267 552314 1
257334 260735 1
174537 949353 3
698462 871032 5
345984 457780 5
301506 500378 4
451431 724022 3
762398 16103 2
531681 580981 5
304547 289916 3
124602 747502 4
937577 636316 1
14596 935210 4
983856 389791 3
167891 993631 5
969378 158740 5
352970 970682 1
725705 800459 5
642439 260266 1
432331 880154 3
496500 215832 2
247491 735457 5
54343 540738 1
530940 127067 3
192437 577960 5
308402 126219 3
879607 415171 4
599433 448732 4
936572 357863 1
328070 78066 1
345154 737412 3
299199 931182 3
765304 364566 3
220745 365886 5
492310 407272 1
144367 277098 1
23998 340472 3
43936 371568 3
586977 576847 2
363938 121657 5
630757 19979 5
363703 833432 5
825743 584862 3
88321 296300 3
964976 227558 5
230983 653445 1
219173 834553 4
779764 397627 4
542934 173342 4
257504 405238 4
698736 584089 2
604662 431525 2
963069 467989 4
395954 731075 1
477764 149666 1
155013 293469 4
380072 903177 4
446190 119696 3
572514 333042 1
858149 397987 5
927067 369804 3
171123 782753 5
883158 133864 4
151520 403760 4
155754 162538 3
7619 647357 3
753692 298061 3
849510 851913 5
635642 956112 4
484041 434926 5
852393 320498 3
612804 362435 3
248578 191747 1
383241 815345 5
373635 350359 4
759008 972308 2
693944 398237 2
562695 470462 3
727255 288665 5
434414 857495 1
619443 601216 1
137437 960799 4
202431 612871 4
706988 611228 3
808031 647253 2
981331 693289 2
637180 765196 2
429675 505545 3
725163 880970 3
733854 513457 1
812770 408472 5
796946 801517 2
630921 231156 4
113585 851133 2
812384 499585 4
318990 558437 3
226714 179446 2
899230 91452 3
607547 868747 1
567084 412763 4
992548 782769 3
284739 662449 3
51788 78552 3
913082 606677 3
910119 309816 4
341973 746424 3
937959 122647 2
730521 37026 3
763802 941202 2
902977 10695 4
635168 177677 3
158055 745997 5
331291 308515 3
255919 11728 5
109965 841854 2
825406 490372 4
878508 176398 1
494285 504009 1
47994 367790 5
262335 48950 3
911501 719210 1
509039 139704 2
631196 549430 2
675132 714394 3
88627 873492 4
94249 213220 5
891377 646265 3
87351 329392 4
194187 798426 1
285325 749419 5
277395 521342 2
845663 272710 2
876283 704426 4
306175 445577 1
750243 71671 5
543262 166819 2
740762 242051 1
176819 202749 5
848118 411758 5
974283 992290 5
474007 262865 5
70257 90497 5
946299 737498 2
377180 969369 2
738466 708602 4
37057 35853 2
511683 169210 3
792492 968822 4
662419 358956 4
289986 73413 1
190873 35952 3
659451 585931 5
215315 706491 3
383730 29422 2
145470 784425 3
428511 492063 3
815902 359496 4
642990 447809 4
573460 403532 2
597120 678785 2
184461 205947 1
581008 992015 2
249614 815324 1
85320 105575 1
769184 365466 1
442602 458763 3
976732 63302 2
335178 756308 2
942177 398085 2
996976 166503 3
303973 80231 2
985128 240430 5
660843 360498 3
189945 95589 1
430085 677576 5
43458 979122 1
671255 303516 1
502531 424582 4
967604 287661 3
841154 970888 2
905609 501067 2
170288 815895 2
539885 349154 3
201395 670589 3
703896 11582 5
501607 893924 1
728098 355831 1
465626 522734 3
892946 388925 3
178185 741892 2
666675 971110 2
657949 984834 4
749261 75218 5
407991 128613 3
349580 262203 3
468476 158586 1
229472 61407 4
387968 599027 3
714174 269608 4
329604 72023 1
969412 639461 1
450307 846591 4
708126 142183 4
116244 222821 1
565347 984738 2
182897 197692 1
804594 318051 2
757925 264717 4
82905 681101 1
123567 443503 1
551724 837122 2
750430 98510 3
869086 692848 5
935700 41829 2
481000 659090 2
241857 92593 1
508151 614445 1
845148 683594 5
885950 883794 1
654260 898646 4
599884 248359 3
312421 184972 3
438388 631056 2
798837 872177 4
212869 569432 5
392850 630186 4
714389 833942 3
137796 548190 4
367387 801515 4
337145 152859 2
616093 147221 3
475538 766387 2
499038 719138 4
862661 764644 3
351584 817008 3
964480 267020 2
134336 181488 3
784378 552451 3
269992 810313 1
37242 897368 1
885621 123571 1
514354 841772 4
532 641272 2
252392 912152 5
174100 451726 4
216148 593478 5
928306 922235 4
472199 432906 1
38989 269327 4
455191 465328 5
141976 410781 2
669750 579342 1
208092 240704 2
55222 445482 2
545988 938397 1
23206 365331 5
593325 119025 5
484075 856317 1
781883 330590 4
739474 634396 5
726968 976732 3
911298 101135 2
432880 411199 5
704844 597230 1
835608 780706 4
6110 967979 1
424935 574347 3
941265 928088 5
186618 563294 4
114599 948360 2
5284 984121 2
955444 850626 4
396814 306043 2
45400 694436 3
779545 688850 3
616466 627216 5
166755 655235 1
356082 408402 2
84737 460753 5
799563 717223 5
385382 705727 5
917244 855858 1
952534 294055 5
94626 394840 4
749621 493636 4
17083 115671 5
666942 348813 3
766776 4721 2
747277 378078 4
977334 573281 2
681524 630591 1
148902 504017 3
242318 356338 1
523378 680917 5
747491 1290 4
35048 287273 2
504277 434111 3
70640 957448 4
92409 358064 4
979592 779713 1
314733 469628 1
150017 657876 4
955137 992315 5
77553 241880 1
344273 419617 1
446452 530271 5
110108 683927 2
65027 848952 3
582583 225966 5
538618 214923 4
974104 300620 5
87529 671644 2
96467 427382 2
782417 644456 3
354229 106619 3
654812 549456 3
664457 665577 4
11063 942222 5
557990 600250 4
393058 145554 3
478430 103289 2
802572 446943 4
359723 181765 3
676689 303526 5
750725 516414 3
611908 542800 2
557690 193330 1
604302 752740 3
264149 258582 1
807489 834419 2
686109 539883 4
988078 789929 5
817348 176662 5
420985 293503 2
408359 4495 3
638055 818499 2
624612 785525 4
968708 997242 4
544854 149766 2
133187 193874 5
162334 107087 4
195711 970946 5
516724 202292 5
240172 275302 4
114353 383694 1
785831 672483 4
432443 453141 4
413985 591065 5
345790 754199 3
323748 843425 4
153694 15006 4
721640 759575 3
146877 923050 5
400917 448468 1
694076 298658 2
744171 627618 1
868523 666017 5
57814 51242 4
956600 460925 1
557183 600497 4
812255 363900 4
952831 245654 5
49113 470041 1
459826 493817 5
7127 659495 2
87186 780902 1
471476 176429 2
263279 283313 5
663416 899373 4
805157 365535 4
799473 967643 4
877315 753967 5
154188 57207 3
630174 468239 1
387500 171251 2
464014 129584 5
407066 558263 5
351686 441479 5
319167 276832 4
846219 506140 5
118823 158009 3
587086 301800 2
841768 533661 2
55921 765466 2
384302 656077 2
76664 778757 4
960865 517571 2
750269 21937 5
546327 9990 4
462725 555724 4
673000 211071 5
135995 654174 4
422813 616833 1
222227 851487 4
776677 377273 3
459272 154956 3
113606 444378 3
187956 453954 1
830863 613635 3
846636 553670 3
923327 548239 3
778293 841050 1
265319 222171 4
88317 547421 5
828782 402988 5
998059 130280 2
518972 230103 5
928661 117719 5
424502 880140 2
882221 887903 1
451340 394988 2
483801 951421 2
729346 415925 3
437295 68917 4
921212 738215 3
759105 741154 3
591862 877640 3
3797 905550 3
954679 383193 4
239695 249739 5
886579 906356 3
889701 178842 1
567353 589739 2
999539 783659 2
849032 898368 5
533084 546037 1
576784 228714 3
865323 352581 4
892386 360495 2
553508 187357 4
796984 937969 1
986315 458198 1
205069 469030 2
784323 648773 2
709461 660686 4
705604 265939 3
198235 63806 3
936574 8197 1
488784 707926 3
256676 454699 3
914493 218871 4
690635 883883 3
589440 59513 4
567295 331450 4
421580 662099 4
574096 940034 1
64604 1549 4
983094 728086 4
345504 819254 2
733545 719032 5
852621 486442 5
770644 100159 2
513559 313836 2
371563 514605 5
263545 377784 5
819304 977990 2
51836 251977 2
855381 74691 4
989852 54644 5
960593 913965 2
734053 772592 5
272367 203887 3
176344 609167 3
514122 912878 3
262454 8430 5
724137 905036 3
924392 907975 3
512130 954771 3
738684 919464 1
615773 107600 5
874218 773836 5
745491 51942 4
416193 728867 4
654187 706452 1
252686 22007 3
124224 724994 3
161748 901156 1
775688 255257 2
976352 56916 3
279315 562962 3
45576 352439 5
895940 724788 1
581549 477244 1
57944 785945 4
47874 545222 5
649438 243119 5
43718 432331 3
524220 330682 4
897393 221093 3
910930 597523 4
998561 749914 3
594782 213239 3
768500 193109 4
638758 176938 4
723154 508657 3
483058 552315 4
511216 786306 1
594986 373985 1
276130 330507 1
545877 178161 4
786646 892096 1
731975 432758 1
291501 284329 3
472696 951850 5
190433 709765 1
607401 555543 2
944914 613092 2
676843 563989 2
756292 723419 4
121297 961515 1
769370 157428 2
58033 340615 4
415759 732266 2
949122 779511 1
120972 565345 1
912917 327379 3
507222 555815 5
629975 812073 1
505448 745611 1
428757 158613 2
934838 972247 3
29600 195634 1
556320 924630 5
534933 226562 3
435373 122491 5
111247 350981 4
999967 698892 1
88966 739805 3
657114 643351 5
391789 449735 2
788129 731779 3
654950 368018 5
595053 643867 2
628938 98693 2
831615 266760 2
804224 595949 2
214113 271266 2
845381 939411 1
593870 973029 4
834289 202515 2
951044 605926 2
384594 41616 2
103290 55713 2
842381 919306 2
337170 486537 3
749389 544879 5
907862 720825 2
53564 288803 4
781603 725413 2
402562 848245 1
703505 887810 1
895735 655620 2
682298 766540 1
408366 216753 5
813447 411597 2
549087 658071 2
812837 10353 3
96398 543393 3
350963 437506 2
498084 398145 2
221814 854493 3
191701 956266 1
294077 114453 5
644022 407004 5
848767 234857 5
17367 495679 4
852213 917027 3
911150 395798 1
715740 454755 1
842454 865918 2
103256 770254 5
431014 116673 5
84448 727694 5
471698 8369 1
110486 754606 2
158769 510618 3
833148 458110 1
843716 757210 2
177643 650271 5
216035 261104 2
394914 538217 3
633440 733734 2
885997 373214 5
200395 946253 4
742876 550671 1
57765 956248 5
492668 681146 2
82676 592415 4
447775 273122 3
73251 560854 1
595019 704290 2
553504 332155 3
668764 185196 1
509400 546886 2
4893 807799 5
368690 246 1
351066 927690 3
914756 805360 2
374887 956427 1
341568 148909 3
595510 968298 3
675738 635151 2
691425 190930 3
50710 606898 4
282384 516419 3
127604 286495 2
117459 284644 3
124515 672079 3
69994 49569 2
978304 569565 3
182578 247884 3
582020 177060 2
817925 54012 5
485284 777093 3
374470 644280 5
693666 640821 5
460834 430906 2
594314 29246 1
466097 547621 1
873636 906734 4
393607 914063 5
647335 586326 5
119732 291739 3
969011 780074 2
598396 302384 3
227266 644905 1
462137 321982 3
840857 711869 3
141832 75917 4
629539 834563 3
974028 92068 1
237495 33804 5
645051 670079 3
21444 321406 3
915045 926856 2
326447 600144 4
455240 967158 4
201158 910895 4
364922 816287 3
244284 895841 2
401754 939999 3
150460 195115 4
444363 903670 1
505987 671927 4
291322 980524 2
579692 611375 5
849966 781044 3
874293 355871 4
626217 916493 3
62478 126001 5
306450 875323 1
799861 656864 2
986405 116154 4
366750 231321 2
782574 846436 3
615700 71331 2
218074 168779 3
95541 794389 4
513686 387687 1
282475 739346 3
578981 514784 3
445704 235147 1
864944 908714 1
326521 107868 5
175934 152335 5
545228 34591 2
554644 778524 3
485998 30293 5
289794 132842 3
812384 630522 1
306960 849944 5
50885 328984 5
514343 14974 2
125593 102645 1
814629 804520 1
267957 102631 5
187735 892014 3
560180 488864 4
439089 688275 1
41820 695332 4
779770 702413 3
684369 827755 1
515438 258530 5
213255 534842 4
126842 316644 4
528885 141900 5
149627 322964 2
349257 807892 1
593327 181079 2
699762 310502 5
779621 343381 4
592192 767532 5
557060 973482 5
27438 557027 3
578426 681814 3
757503 874378 3
928782 48860 2
494061 102616 2
875464 123549 3
609586 637628 2
105046 459465 5
743380 312342 2
470301 27387 1
509936 857878 4
210779 607846 4
316449 340987 5
720354 932499 2
432972 510250 4
595345 981612 4
847231 651651 4
900586 404238 2
80850 758284 5
117875 247594 1
39442 490345 3
72295 337464 3
836024 978297 2
697114 177589 2
608825 700005 1
343352 799366 4
959243 741108 2
701752 507794 1
582987 293209 5
695786 770620 3
727693 511157 2
401470 154378 4
339446 803082 1
753926 756059 4
346395 419725 5
329330 181917 5
42920 204264 2
189879 206979 4
332735 423388 2
639907 552469 3
154726 85913 5
739563 979798 4
592940 570244 5
174288 605660 3
982862 765385 1
985762 949013 2
456976 135230 5
303439 739096 3
911253 660121 4
65952 111419 4
587853 203066 4
808542 33508 4
189281 661344 3
995009 244446 1
854371 484989 4
185097 230352 1
182625 761342 4
13884 329247 4
274365 509155 1
387451 627875 4
110304 275367 1
599331 212043 3
862975 501715 4
952540 187262 1
877016 819881 4
68386 539966 1
442153 682838 2
271139 713832 1
106945 233050 3
795645 167995 1
872255 824457 3
873206 387742 1
550374 998250 1
342036 826739 4
450667 627663 4
754620 349703 2
332495 946956 4
326083 419373 1
355626 505100 2
259521 196214 4
182103 987648 4
100639 798006 5
225476 721869 4
950847 684665 4
24622 991337 2
768423 440407 2
757070 955212 5
503559 491999 3
105979 81099 3
116891 951525 2
449157 921744 3
18549 950068 3
59456 523653 3
644183 997387 1
931763 190904 5
131973 548629 2
544474 756627 2
153273 927724 4
46415 744489 1
6547 403034 2
894034 428537 5
699227 806480 4
532100 922537 1
109639 603270 2
154979 283522 2
226469 622986 5
355708 158655 4
50137 645913 4
187443 897278 4
14391 762337 2
225278 241734 2
309697 13673 2
54185 253151 2
796396 310850 1
876366 195182 2
779172 546512 1
691174 760647 3
790912 176860 5
574016 178052 4
296218 250690 2
331198 452544 5
124113 190412 1
952146 627861 3
489519 634488 1
247088 43184 2
993703 882047 4
184003 555509 1
871774 325977 4
396971 379902 5
81222 196343 5
164838 864392 1
595449 750572 1
492004 35017 5
442442 892052 4
222601 831758 3
60856 95950 4
920496 581264 4
420297 786105 2
239753 340813 3
735356 90570 2
554337 164469 1
777697 78559 5
246107 61727 4
193194 546360 4
655424 953910 3
712515 215329 5
71814 695273 2
469632 31676 5
564031 254517 1
155882 444190 2
51891 504561 5
358260 298112 5
840474 378983 5
756296 21786 2
842913 880221 4
529243 729497 4
16153 417715 1
78205 764818 5
629602 298317 1
247726 982758 4
477732 324990 4
710227 763117 1
608977 761905 1
633279 508305 3
384965 276803 5
852739 746501 1
981894 394603 5
164528 440646 3
850452 589338 2
603190 948586 2
446191 130564 2
720312 973491 5
149963 958565 5
943445 866326 4
775186 16102 3
879840 195476 2
213691 782065 4
49589 794897 1
972379 882805 1
647453 627288 3
878593 585851 4
404864 166405 2
921122 66894 2
591133 637698 4
912993 208096 5
898647 688159 5
327838 256435 1
438327 636393 4
398569 966009 1
733808 947754 1
908844 598195 3
574245 256670 3
206073 958053 4
508438 827005 5
437591 170017 3
217560 195662 2
306321 548549 4
804266 523174 4
217805 380896 2
767331 845623 4
346807 162712 3
653830 678344 2
153766 410753 1
650333 838031 1
238784 763903 2
372442 967421 5
886197 777606 3
209437 387506 3
73402 964595 4
775883 910248 3
680596 536939 2
130483 791643 1
463499 924085 2
853111 784973 3
387442 75973 3
568515 356060 5
662657 944662 4
705253 913346 4
772732 483500 2
167931 723596 1
499681 907530 5
861088 42438 5
407228 885691 3
246591 434872 2
974831 187671 2
210054 266375 3
427312 732602 1
810796 622771 2
56807 293575 4
345739 319218 2
653355 693255 3
18904 838896 1
159774 39211 3
909418 589218 1
372273 386832 3
852321 402272 3
46637 490824 2
254402 995999 1
251093 400987 2
681321 398757 4
688713 633202 2
143480 919622 3
79003 226028 3
299561 735672 3
193074 752680 3
53591 594247 1
889565 537454 3
578201 272252 1
722432 502694 2
159523 252994 1
869920 839293 1
786250 981844 5
304958 995404 4
195966 36272 5
956169 246454 3
950080 848979 5
855723 668754 4
262309 643527 1
716935 285888 3
924812 815757 4
897534 291941 1
935842 17888 3
956071 850074 5
905863 769789 2
431473 24515 4
985132 931268 1
250357 404525 3
159863 383551 2
475108 626806 3
8870 748338 4
208274 611281 1
814155 55772 1
531164 646933 4
424645 329996 5
588533 508646 3
69640 498125 4
848138 882757 5
207386 416865 3
191192 313000 1
954103 728089 1
974834 663685 2
758717 649569 2
190975 238192 1
189235 934924 4
818486 174628 3
340019 799147 4
674635 67915 3
483530 710484 3
949533 223509 5
54641 295086 2
163123 712761 2
440729 542070 3
27613 189782 2
658797 417558 1
444021 464897 4
32902 394204 1
667505 199571 2
127082 902985 5
869434 398374 2
373901 18308 1
489637 987537 5
754588 369029 3
645721 618600 2
70801 397027 5
785605 881381 3
735812 932398 5
872594 460620 1
952410 772328 2
294273 940012 1
713017 420881 3
803887 811023 4
74015 270414 3
746018 735611 4
31894 182990 1
481001 699718 1
938100 132531 5
557945 251409 1
90681 786552 5
446992 452734 3
390554 630230 5
957008 698273 4
232323 125588 1
354219 684075 4
815153 791433 4
5661 921631 3
311033 301113 3
943199 801879 5
346995 846516 2
321096 684591 1
822236 447784 4
113043 831316 1
595640 323164 3
923971 993004 2
106577 445856 5
887039 68006 5
742 424585 1
659155 796994 1
819955 665098 1
199003 161652 5
51710 214642 1
200368 155779 2
530073 851073 3
632936 248105 2
864847 267893 2
572317 409111 5
531223 389658 3
762192 382497 2
462085 105115 2
302363 265916 1
972414 624671 1
985788 337010 4
819028 712034 3
604782 126761 3
358322 444136 2
697703 740334 3
912058 640367 2
653498 443374 1
156087 964574 3
221861 436530 3
694479 462658 4
330197 998170 2
203928 494741 3
716332 604594 4
406755 345625 1
812105 316029 5
827518 742257 1
841787 660584 3
609065 677819 2
875064 815144 1
16813 811748 5
574498 501324 1
547449 810430 3
716992 480930 2
837719 328040 5
328743 735868 1
714313 575184 2
352662 57161 1
944799 437364 4
895500 713611 2
681998 956630 2
809377 985638 2
512383 716835 4
353977 597462 2
793502 643129 5
400364 948152 1
654758 98160 3
144909 317000 1
335287 395639 1
73594 124251 5
164689 599026 4
115129 110384 1
62154 416978 3
248084 126135 2
848188 746330 2
146552 499983 4
747067 321803 1
565035 341021 2
235767 524734 3
674682 839868 2
121650 149769 2
882033 22950 4
793260 771894 5
790386 86495 4
479602 728922 1
756284 914043 3
821511 239051 3
318193 34688 1
511708 442830 4
784251 268989 1
586761 957118 5
662780 639238 3
430606 409452 1
892954 631865 3
555012 406706 1
241067 345260 2
349988 139168 2
941198 79841 1
790477 228398 5
148075 577481 2
986843 571687 3
72733 809662 3
371955 207440 4
963255 359196 3
948119 80477 1
658201 277329 3
492548 364934 3
578795 387293 1
589450 748289 3
735676 810490 4
143753 279275 2
401324 800453 5
548828 788314 3
923211 706546 2
664197 535699 1
523575 852966 4
217639 570738 3
837765 532974 4
444165 403457 3
739372 612617 5
690242 114129 1
100446 824287 3
345723 518163 2
377501 594487 1
172785 320621 4
915615 138162 5
411537 184556 4
702149 176031 5
270391 547363 1
843211 572024 5
984749 931747 1
557138 377445 1
706963 658796 1
712432 836541 2
788944 919395 4
22182 421372 2
10648 13447 4
243354 837480 1
220897 779478 2
345713 551459 4
509037 487741 2
389043 112040 5
330019 655718 3
317868 129109 5
108562 555532 2
814606 530489 5
759261 363010 1
789151 997808 3
168096 681733 2
827897 428812 2
538299 664682 3
332674 584478 4
704453 492876 4
828937 244136 2
163033 902623 5
300649 285701 5
226436 939106 4
327964 258085 5
299660 351893 4
447889 978889 2
551343 618028 5
350058 194867 4
904871 426179 1
558658 12758 5
871247 258951 5
159193 256532 3
209810 498164 3
399511 592602 5
843721 961064 3
441138 329324 3
201876 896978 1
691377 833337 4
126796 792621 2
270582 502730 1
538403 43579 1
96640 781112 5
631929 88840 2
222368 108767 5
687195 64709 5
190777 291570 1
856675 173494 5
729702 121857 2
930145 8338 1
10655 116394 4
267544 301326 4
412446 147263 1
527437 278618 3
288180 953307 5
912424 119079 3
916245 140635 2
769470 779106 3
884161 223604 4
203474 615769 4
538144 650798 1
903135 745139 1
265714 169289 4
793661 320531 4
802014 49489 1
214262 49728 3
152520 204202 1
67528 728992 2
987941 514339 1
137191 980432 5
1375 913368 3
651372 667999 2
333957 613993 1
265069 691719 1
41586 617612 1
587542 65568 5
483727 578565 1
726278 530779 3
538811 907364 3
273969 184594 2
297079 462476 4
996814 804868 5
747389 979945 4
632429 727876 4
295864 878167 5
490525 780441 5
950978 734459 3
393915 732893 5
231047 981963 2
836156 459990 5
598741 4811 5
216397 262131 5
578492 779583 1
859983 503021 3
580311 318811 4
858997 618865
369679 903325
78390 577756
976153 311386
979105 611118
257176 585927
752515 70644
974501 465678
242373 368778
394218 487837
139490 273153
691661 301911
448658 565585
899528 451459
858957 864535
530596 967288
426893 910998
975179 707511
650723 100732
877277 75382
25814 2051
637414 86378
994011 263782
651804 34802
615783 223828
487114 294673
553776 865305
114518 733059
869128 624164
725610 873125
295013 864186
698279 943574
267456 752406
820789 199982
327226 590332
101084 125664
364839 812299
818950 656541
792619 508959
110076 681829
482578 129219
459820 861050
661148 868917
62093 197892
154382 241548
93903 149495
79438 416004
250273 916066
543764 146289
851581 109392
23657 58807
656688 761079
167302 457204
840400 775984
444218 702908
679537 978603
13898 763694
68153 833154
593422 40928
609530 299868
957643 789103
694668 264118
14434 434497
887646 380120
28086 318625
53028 991159
912781 746802
272198 427129
161051 30304
719324 418826
551815 116584
503721 402221
685253 474160
3449 769907
647909 463539
291719 368872
942587 585152
739896 712969
418205 288577
146753 456504
188652 650777
179829 227220
999842 542365
952768 693863
841755 851701
50158 5970
962481 649857
403504 954911
352840 391897
41231 399769
215438 745133
831816 525710
991628 140117
596676 792152
735588 594135
975903 296318
330422 428134
611331 565340
137716 331030
223487 42720
926457 275857
828442 135233
291426 892874
206962 910787
963683 951266
512261 402818
3476 530596
869128 436844
646051 372011
329261 861354
499709 803429
750143 867669
825898 974090
73511 348573
483329 216615
602236 329824
468044 590410
763478 779920
661933 117688
603485 407077
655487 951401
828292 991965
858666 306348
800601 925675
498004 219582
659640 696137
623460 439380
272163 886460
429737 792090
776057 640402
454819 509088
252670 802393
273701 683037
104163 541465
609216 509473
306823 572365
783577 318254
205409 510147
278305 214708
38550 229183
341431 428339
817682 853902
671764 33979
819159 645620
876911 167095
802407 354342
15686 926683
350062 462951
350584 611948
172613 893840
2552 711855
226405 625089
998983 155690
356397 457333
828950 592603
792747 704468
934200 164231
471658 117907
507230 133154
922577 273672
12776 449134
472049 612981
645799 674873
721080 102587
412641 954865
84066 406773
277046 147928
749968 92
339819 551829
177890 358784
116532 180936
277514 714119
318275 208555
794192 188382
977011 859717
978622 956858
911002 16073
351236 926672
398555 198848
799549 239630
73916 498817
549107 438206
358972 50390
421957 318173
125112 656185
265754 766169
670313 781216
164763 524780
456957 73723
871467 59838
843002 525941
686518 94565
698417 32101
589665 739996
943118 323985
988446 289823
128147 811521
99658 219091
983858 192343
497694 679910
163905 267281
774857 879678
601631 240587
728083 465482
852522 382466
88233 821750
727400 404188
687802 124425
605647 736824
613948 667886
979942 60705
84114 523103
113809 972959
313158 710483
277197 700766
602987 206417
625124 608794
933526 408558
917973 189154
256679 926669
213314 516685
345816 743551
576449 795578
395350 558768
574453 156471
514559 557859
812401 328480
262032 198575
723540 539060
408330 787697
333396 471261
781109 258604
36722 285870
164589 375138
766076 114835
207782 738548
403635 191133
156039 381011
223541 252271
183664 617241
11433 629941
849010 328364
658399 193364
764620 648385
67688 180279
834092 142765
592481 630859
214385 564359
135331 992493
554779 320270
52367 70671
46810 661859
834804 491612
44617 114455
169981 680987
772954 340679
50387 884707
765937 896533
807003 698613
361238 290434
271269 108197
677426 411558
809597 545560
884753 472847
934574 306737
144593 635944
87145 765860
544312 421816
380170 514340
808303 285527
226323 602748
513159 578808
107334 76212
140623 1648
478271 851682
48457 168537
267198 768433
683564 675670
990582 193853
790119 374919
252101 732561
741123 968684
99816 307555
245720 241058
158042 58103
941271 207942
781198 92596
420167 285463
115496 245469
632218 158269
843719 452820
987700 807627
64574 515321
187874 140938
788053 156058
499918 341650
999739 25264
338018 902945
668921 722510
26752 834525
516540 865137
682001 135049
26728 998416
307507 122960
141759 581632
456586 850147
931251 463365
212396 29727
87206 253480
56217 929419
121494 459359
728343 788635
909562 859456
533885 840768
923193 362298
311956 775124
964835 315118
314193 390749
37561 440566
47850 459269
899135 522800
490424 135187
471391 710477
816509 229997
988928 747186
936496 282914
278876 107749
332439 249224
270164 594902
875184 402984
11358 482165
548414 757519
868179 245593
909373 214614
821361 473787
279796 908363
694504 27438
903046 859499
899164 879170
728395 402363
566131 900272
300615 45236
700172 851303
715271 979276
71560 130446
636424 518524
803335 810264
650180 967406
15828 136054
149759 650818
891281 148153
90557 658043
356653 762774
746855 762187
300040 781376
96068 688238
889182 641698
387392 753880
230257 906713
172910 989801
435827 849299
729099 57711
815660 254964
645615 802333
682100 139320
533392 475414
725222 764095
372545 136331
807196 606795
550824 868067
963947 202716
876736 359268
439067 579394
306825 594225
559242 713712
384791 569452
566800 184728
246291 650161
349167 657059
578513 276074
689158 130502
530885 452079
362521 293880
283887 648003
990646 599898
874103 203144
954735 233629
771703 3773
45454 607067
52823 35502
802905 137408
416050 402651
245182 392740
624522 913901
503724 489502
759488 165875
753566 548528
112609 876232
99741 255472
287170 388397
738497 883817
423362 854669
112117 864157
259458 355340
151639 382600
64254 523858
970120 36525
199022 887743
359346 70313
542208 418888
693639 941209
734113 612430
754029 881910
852103 34135
920490 599354
14073 868878
276550 276018
465735 202977
388060 109078
540417 455422
546756 515293
123918 469315
402540 2137
578750 304607
721336 483820
502512 854916
721694 124198
423147 864789
983196 5686
634752 100418
29303 684506
608373 934457
44214 724641
267173 153943
852844 246233
744990 125497
215822 851964
663113 15050
330310 330868
678804 66412
384243 360259
48185 587638
456724 419724
258251 793069
565755 947501
913637 890038
860982 103848
926874 919957
971774 314897
941210 113671
6479 347308
491400 815714
694056 418206
473168 57138
980340 497335
177100 368604
695097 350717
755436 965366
50436 336879
855614 507771
634792 884400
418099 683326
693191 217605
396424 365926
178361 732739
41774 939511
178088 110921
397795 90991
114331 587976
154272 846053
493738 97596
443254 419194
941589 637598
436100 182959
363362 195066
219602 471749
955129 212449
568089 316754
889796 10631
576164 326559
869545 347228
410721 714064
869689 8797
587098 312757
65600 250893
212631 765774
826168 574797
141115 929894
859140 954309
219567 448638
980041 483765
348356 23096
170811 882128
458809 555926
883498 611031
420277 22157
603896 336533
772400 850526
878 26195
241890 747681
106027 24243
56185 173376
32554 996117
966913 721827
545968 844988
486355 492763
267054 873935
578352 105866
920456 617047
412769 975205
937099 602415
775601 869726
497675 294278
763049 418784
46410 934775
558723 288538
462524 455462
602866 77922
139834 65689
206799 89439
244937 781881
158006 179723
320249 753083
898954 613802
293148 918668
636767 434799
210630 200580
387501 310565
938938 919738
91424 244165
195078 551413
346147 512278
338775 267508
352921 995741
659231 581155
308656 976977
813226 679271
165446 495190
414987 997894
116084 640032
594782 772833
773876 246718
470274 853473
27185 931090
675135 446194
945288 39552
676447 935235
155399 506681
375840 935534
79620 103208
648064 564290
984626 896714
644628 938421
545362 321615
944615 550841
487880 101392
790060 786542
385115 511417
32052 661019
64226 991172
489347 906070
380235 817045
794394 273223
895307 923546
631467 226320
360211 981167
582737 636685
622315 912924
781638 705833
134921 447857
855996 431234
622201 885092
802281 538362
806864 517331
849787 340178
792939 743087
706246 539910
107631 421352
589405 749099
605590 413106
275802 891413
662544 725418
68856 998075
972509 127139
765982 323419
124010 991822
196482 603671
517325 487470
804096 213997
512097 123772
113747 291167
109747 727829
968355 518615
147895 573614
274507 203007
106910 762070
811813 271548
881833 293472
321851 610449
485439 599688
461548 582141
607041 757721
7178 671241
972939 544543
734052 800547
672792 125899
465420 765015
656532 595106
791690 56498
279848 33920
692891 545649
834704 989403
480301 897190
959396 671194
309606 693670
766810 518299
666695 144397
429826 628561
748657 561537
426572 969139
583356 403569
923274 238211
558640 897028
364920 951776
284696 646781
706456 337114
690230 134891
391951 68272
940029 751786
105156 667868
190468 251780
894778 235449
753582 242056
824993 956864
919890 424130
767654 781083
805159 395588
875555 798613
585783 8853
723659 485537
490038 318520
645197 984045
18403 634099
144001 116864
155905 943738
661564 472327
246394 157823
723269 113923
292031 2393
62226 776829
137685 881935
349032 654468
903184 159576
28337 114151
96223 209636
591463 964663
3234 854265
49114 366958
820758 778862
448523 961049
158241 131699
666754 100960
245693 75384
605306 458965
601226 577130
176663 931585
478195 469203
131476 631968
979983 789449
297955 353520
839540 656989
281909 40570
275442 363065
573487 359306
676195 121582
395256 528575
887642 239095
934050 223959
863812 845346
206024 984126
210163 374353
65063 91149
727016 481383
143514 949439
411182 980094
256187 100255
112859 889694
989197 152958
562419 39553
361518 258844
776793 359006
693008 617053
284050 486820
178346 248735
255156 751092
256478 510770
51944 91836
857021 423979
456702 96495
907928 559645
914798 871679
136933 460167
928899 437142
380907 738208
83524 212881
264806 525195
376438 666793
279085 753357
298774 963782
378032 489462
590013 77574
485242 542576
231066 833039
148547 36423
220339 945561
541214 381566
348520 378617
633656 329073
265512 315313
521419 539772
215035 581479
556716 614634
376736 116910
172398 886600
143566 968454
779025 771975
505827 211674
648362 44761
749138 298438
78516 578938
555661 582832
228954 199245
329137 467668
632526 830922
500200 3542
50017 873630
521810 728776
588872 294367
716336 700308
351031 276272
431594 254786
497961 842452
425533 469336
220071 393193
905875 757102
507760 362452
869289 193786
250092 710633
976484 986531
281636 510479
172377 245496
674284 539912
933532 551459
681894 243702
772020 74766
139150 295253
222788 202679
177615 79995
783815 140373
170859 15274
27561 544864
112606 297342
261867 37905
219774 70855
345880 29582
902829 412175
26801 909677
82488 443750
255620 485482
763381 328451
25503 707793
56617 836630
382453 316759
312231 161894
155551 7850
441197 140760
315523 447191
654908 346364
156919 607051
24012 876642
133116 277585
813627 429911
581941 470902
599385 410654
26715 74013
987457 344815
176608 396999
130852 436806
316001 753224
891452 260032
539763 315375
138540 249977
253185 411786
831008 773048
108742 26278
432268 243128
523099 126426
181149 179071
210629 784224
773667 996103
717722 854948
77507 708364
627459 930099
534360 264275
880554 790706
108995 45405
324119 110847
498281 288120
815531 966172
708657 600098
422045 299555
702830 180628
179093 771116
616987 90249
429541 947571
122559 291609
904786 31671
165505 387381
994201 955868
307233 104487
307743 552516
671251 403757
912740 910841
483418 313916
37210 695819
5362 454222
349201 398718
44126 309281
132687 267349
212097 908440
527420 836644
522297 56900
978118 587980
467300 438429
992795 74500
85156 867305
650310 475635
538691 852812
254892 537
755693 706459
764793 737331
919799 963015
932651 412133
178768 888196
895712 209234
559016 329477
769443 622980
875849 453977
594137 354124
504124 275050
607940 230474
11217 161823
773789 917296
817494 781246
795890 939447
716244 426763
840129 408664
628642 518585
724173 618076
903649 938724
957837 328172
702229 29053
283537 417301
247013 504279
207613 12433
578355 203580
510293 218209
603227 183903
145068 586919
85498 388628
404897 544242
420726 445340
787928 339292
467636 567468
742851 32257
81040 967966
335589 556405
307316 331932
652365 927485
555130 758866
759701 483247
349298 429871
892025 719849
811893 483897
136454 310581
704657 474861
202172 141804
181019 257442
296127 121418
546427 38708
80032 888967
950400 659453
940572 593716
66675 192423
859014 79846
713864 541673
881716 296598
451985 114093
319790 131544
103269 460232
920508 562856
141752 201433
83475 562855
542321 617004
314636 807488
646258 680991
349925 327052
406893 729083
544149 192858
696764 539868
499529 84401
250456 612453
673571 806165
705883 201318
845541 501185
893865 948690
922414 477092
782825 686438
129527 8375
466874 307803
9033 824122
829609 144009
455231 666698
969332 454593
71416 418867
473560 51212
237718 116400
869366 232451
762659 693274
958446 376061
442885 972861
324330 577161
70538 265978
150483 153464
388343 310536
322127 969517
376910 801571
528103 233772
462859 529962
46421 791606
997376 542160
446207 874476
15388 275087
101655 42497
216143 646756
993571 383722
767977 591224
776116 405875
726010 893865
424487 915209
936171 336300
32167 446713
699642 943783
408165 334349
417147 107207
126861 296542
699515 263828
841457 4150
814068 138668
180179 69877
388301 157886
319260 67343
127249 216777
344001 745482
299727 146470
300413 673509
918013 474803
80735 213883
7814 523359
190566 986926
414228 392736
535615 660741
792188 991551
143429 928209
839480 519598
814819 569999
104352 736251
753770 127252
164283 632264
113188 711171
183462 887634
940556 317212
233548 712757
789971 729880
32880 959474
579269 303365
698624 154980
663967 772532
325800 25678
535497 583940
281757 638951
264081 219001
406732 560034
161146 787737
34286 452404
376280 34404
845773 129512
232899 157012
152656 360887
938282 650515
338227 371922
932734 226054
31683 403582
52361 914736
28559 24327
63794 898553
913656 822451
967799 47576
726840 404795
209518 436874
371978 775678
132305 679928
468703 587725
218126 512172
33323 798385
70609 671723
38462 674741
603622 218865
843955 529605
943530 784359
220614 275947
669998 213355
207970 961789
994353 139438
254975 93836
194468 967010
283284 142623
122149 315399
319781 554202
821897 941049
107433 69596
76315 631145
404665 579641
284191 96701
78506 471386
664455 690698
400724 373610
198864 744905
729604 381070
929178 818729
799962 562280
471381 557721
160405 924093
51952 856249
735732 224222
233312 453493
341558 509013
27102 592397
266000 783271
61383 597239
785794 300380
109741 631650
714268 742582
614162 884027
206698 304223
557439 713699
601812 852334
708171 28703
579343 395914
694035 39795
529773 405711
742915 222875
242344 169389
584964 535324
835710 550365
217574 291007
318808 869724
479627 525013
484885 447899
760382 922715
739989 318033
673970 917071
752368 698999
844863 570903
646808 204267
399880 667257
715221 761375
461795 728947
613631 626442
423648 268323
975092 607470
878686 743434
637957 144917
508991 571673
151377 343955
732700 354856
303881 879811
515547 508374
223785 960016
254680 931792
57467 881725
667875 472320
870703 706372
24246 374439
577138 667047
184014 442205
412711 138014
881196 647305
50303 838724
704535 223211
292243 112431
851753 46305
388581 8862
378553 55276
247318 131787
872704 117127
403541 60902
429113 117906
900975 350505
365864 519075
674418 122938
619142 292111
540630 865979
134915 646717
975287 91930
160472 417999
488582 416375
482408 996381
388094 348771
936286 442310
523515 608459
242249 621284
814879 632259
81794 222592
499463 647898
422574 567718
749164 76150
794537 783606
974903 384033
54323 644719
940817 75314
996139 748214
103788 474350
22561 194610
487652 934380
357988 615880
220580 105419
405495 220629
200387 223292
929211 501056
198505 777925
120492 228225
118574 157629
323524 563587
994306 200249
89700 248150
145641 414626
968935 987288
182969 484451
615380 773673
833085 958513
564581 834553
815643 824196
188597 863029
887616 193175
244499 131583
295713 523277
852372 18655
258099 165464
693031 43278
322154 649390
268612 555066
562213 470861
532839 479956
142708 213244
696942 668042
645371 712798
765129 756656
788885 13740
705312 106986
518552 152299
636482 52020
697859 70830
296072 298935
511081 278284
998911 944809
136779 119372
204195 687237
440500 500108
666113 859937
335599 233908
980367 861203
281179 801222
241510 664225
382244 813742
296878 656070
773049 484690
156264 402812
345873 310793
393846 539065
477229 111535
162204 505420
518140 285481
885387 99751
571068 370700
775521 197807
11773 342014
961844 171217
114605 337897
365322 97528
731404 140291
288048 919777
277907 911587
988080 746444
260864 751547
472237 306293
402992 229306
938399 417401
929014 357834
73983 912046
606203 553341
91587 684564
13624 254118
900782 548013
52274 474268
678221 861550
115774 989585
671733 999201
926005 378734
916733 196917
682463 780125
905582 930189
579275 698467
331275 170029
478809 382011
265283 191342
990367 761282
341159 308448
59041 830480
707297 875329
871248 106655
996335 611931
786365 119505
841226 200776
450093 751101
953513 950999
691829 875763
773369 757789
837549 977710
985821 893667
497406 688249
55522 528649
711423 894255
413987 837272
414189 911115
549231 774136
524717 490863
84361 724355
692894 285785
538607 569878
712636 578530
596367 27571
359308 82530
980162 163623
160062 960377
536080 184944
79786 8763
537929 746585
366769 64125
626020 732443
203324 965315
701813 125341
125102 766356
571289 949459
312946 108505
221040 440002
202242 186843
661099 151688
334463 900940
376527 782423
939907 602509
748425 195630
705401 784281
449037 987691
578556 705905
749677 439970
613163 425582
223889 195052
922731 635029
957512 685038
412012 728808
472551 155565
867248 310789
85680 612219
927556 265705
412457 740797
883447 762330
41838 608500
875555 152003
348232 549159
186640 438024
825792 346643
215885 629000
79465 560763
8108 85275
824724 486123
247468 126158
244158 429660
457780 985624
11899 684302
387739 964340
645243 614391
740885 51234
808189 131898
25650 821940
462372 254875
71114 420134
587753 530303
288480 448879
465698 107948
652124 227659
837078 464659
410499 828582
359426 439200
978485 796632
653874 85390
603597 507233
603687 629662
213900 907893
66407 257488
793304 731951
657469 154951
546748 889688
579191 110862
196012 486405
81791 116556
504346 445390
675877 231502
775614 463472
530891 637486
245890 374838
831124 189447
232262 608908
331030 495548
144500 73075
164032 294574
491687 391439
929616 79489
356040 324910
863587 850247
395882 264615
907144 453146
715244 532216
710569 337885
196572 23588
682055 763266
782470 37252
988345 649043
622779 46662
321218 491140
335119 55440
33234 124444
931278 200687
339823 19085
175662 791782
680797 421223
388149 80166
19527 733051
693422 554741
510140 426654
148078 515243
876217 633696
299222 624414
28334 822782
46193 431103
164135 550006
238934 291210
253570 232181
329491 112783
59407 646580
233154 389342
553123 143582
360005 843229
696160 302060
454237 518892
640029 778052
200281 833211
962853 151989
709553 531000
88554 968960
257507 52444
440736 16802
373544 100492
47464 899550
390493 292144
146026 835236
732864 666637
705551 26347
392868 106614
182434 670220
62255 448388
311392 870886
2586 602102
254122 958213
409779 973432
796540 526418
54159 885274
175269 215552
365261 457274
534433 384994
106933 812617
788708 35877
911751 289523
710129 955465
340768 530556
341053 86101
513244 270800
344102 997311
116400 87771
184449 227306
262171 356359
766208 42218
678459 868792
835306 812576
227914 134189
915133 359413
974809 941334
393913 46467
491616 67661
544817 756809
669526 52448
652292 804308
364202 993154
18422 396267
279688 375060
649831 1711
244405 829264
966382 440598
921550 372358
536704 272749
569185 321228
947751 705412
676707 247112
299860 550242
567179 343000
799443 701779
42801 301758
446278 989203
900175 572304
53608 981484
414094 824457
422947 156174
69590 32168
983459 255754
72681 521878
944130 209766
768775 283798
837078 243151
490107 847590
986075 857642
573275 834712
793797 511194
594425 300409
170185 560428
468380 555343
821055 18748
386860 426826
16680 408608
678727 641865
721427 978515
10780 92814
763477 464458
401743 979320
151767 916298
649401 192620
387206 535582
531579 181617
619520 290156
888262 924859
769183 105839
165642 667309
96510 696187
290979 603432
138419 463710
113182 527210
753061 899826
13528 398642
924946 255389
206348 112369
492837 577286
581714 788950
13563 236600
553238 707165
530265 615170
802999 261104
236196 671590
813357 903512
232936 636003
507686 740711
197389 245007
473048 859098
52745 894325
481108 757045
618680 199296
69995 440079
917364 140928
648702 121916
973278 572434
319610 259847
64671 626818
714152 225038
995948 193279
727394 570292
873933 758658
720980 864505
495041 167978
762624 733493
881086 447136
685995 551550
945378 142775
772158 970074
960556 823728
786981 917157
252896 275684
960839 770895
816233 548517
217507 147110
469120 939088
41694 605186
357098 956508
209858 290215
192035 948750
156930 840926
71529 595771
160767 363365
48511 110256
919877 100506
370319 810383
499338 456544
481911 905916
316288 394488
356807 382938
877403 405766
643533 693698
123925 965196
103801 510549
442614 638336
752841 858276
237193 323934
12488 614711
672004 206707
324581 764777
15757 844800
650721 225036
1479 359136
762380 667948
931735 842272
9848 449228
252111 330581
374938 855985
168914 298518
940063 572068
954976 80340
336602 984978
535026 814623
739141 424857
525901 256204
768549 590626
447803 848422
494643 144982
488420 364321
845161 411663
797934 165980
58190 652015
66125 813945
229788 564617
582674 282905
861965 49219
291113 849435
774914 433422
83138 978132
429418 656164
340157 667984
726507 800090
784974 663469
345587 303810
605527 942706
539827 814712
487435 190616
135959 343721
528973 643733
525798 653458
112731 952115
130984 824981
188813 616386
275950 79474
248537 589984
576549 20217
296497 329881
650132 645107
60031 326484
917284 434769
995977 699281
478073 668624
633801 537831
531968 960509
166729 602681
350057 6715
509157 914350
786548 463956
138376 873076
860699 102905
116904 488532
987541 45340
545836 72633
465675 691146
261181 578398
434694 785851
455625 224524
143131 811667
295893 799275
890501 799012
336221 74232
343915 818823
942737 764105
39167 904922
235895 145571
146276 207858
439623 452992
638411 542893
164532 319806
362549 135049
650695 896575
466992 859583
129347 520784
72271 331656
373685 367476
990626 646815
84699 79870
648356 935937
886275 508189
875062 795489
171018 780625
128055 263032
735817 523566
672219 329885
787490 717549
981764 246917
703964 311736
338363 269236
66343 902483
310794 500590
296885 882529
592580 751474
405258 83536
408845 874808
885400 374957
359298 742753
197194 45786
562819 133048
418334 611116
439223 120357
68312 455211
252361 925152
7041 208708
155085 785739
37728 677799
813736 990555
933824 83746
673508 335497
819156 595206
175119 340807
115316 285601
557284 337697
167333 865380
552806 703404
431896 181418
695474 697361
864940 507039
843201 107389
971300 445756
761570 202393
765952 280765
833916 893232
313228 559148
458012 512361
894517 284967
464845 679674
21595 590132
323846 933964
886496 520848
969948 840209
487755 295395
463352 656499
794503 699283
159550 13403
762319 876781
450510 813322
411652 544992
919216 318672
145599 697988
863287 350978
107276 431403
388187 555223
264981 692875
424842 667710
692892 258333
69638 228352
965674 48104
5621 211452
40469 335700
921270 290335
955191 379094
514739 282213
151618 897303
247944 284474
23245 284220
502016 676086
692235 23478
159158 40149
89843 564565
277710 911455
900593 820705
565221 629882
899937 380907
860019 236410
584972 231369
383929 749239
264967 420728
464211 820608
859955 494872
742711 100855
423612 661692
199867 164125
487365 660709
907604 580410
782359 906841
308585 240519
890966 233652
990513 471714
543140 666480
77124 348834
165366 18875
646583 418930
373884 916669
127051 427354
114129 501640
284819 731876
223401 460325
792653 161035
851623 618671
223509 856622
520816 49107
396071 260102
436912 34609
95551 358730
749219 590937
151505 618419
465561 266454
310734 459504
225936 437847
947226 173105
600595 762249
739153 35154
676157 335467
558282 666665
75419 252123
907275 882868
286156 480156
587712 568744
143873 909280
638273 232097
354039 924806
81052 886499
235374 29998
256720 14126
236788 549155
554472 996018
332392 56882
761948 971219
746119 490403
140842 992095
766326 982298
13893 495764
78397 672010
101290 372973
70774 457266
616500 367246
63101 791978
986273 16252
951827 673829
619282 510177
473586 894351
983221 549961
812251 710764
484700 390997
718776 733149
844307 639227
169736 327862
331228 607531
929772 53890
590346 540122
917702 249123
897266 985551
642019 615989
649757 839536
350366 945099
175675 310164
703252 176085
464309 175337
22562 772312
949123 843567
479032 690425
40037 971339
929548 572008
389528 461605
875480 454724
936469 172606
736414 137581
272335 935946
99958 11970
161228 530329
770419 409544
745568 311995
597816 672575
946229 197695
310599 533996
910877 232059
242033 187085
193708 834518
242247 430636
763248 640527
593306 554777
532924 489802
854333 123379
418135 336579
99117 511071
540443 642707
80271 428336
624977 262982
813058 426082
275178 1577
364641 421960
243909 364974
222117 13182
121778 244323
752734 248152
278259 876166
35799 18178
419471 604200
988256 168755
136842 940917
529062 1707
407062 450812
771700 909060
160944 588510
399628 842851
958745 214849
29548 707897
484410 258124
440480 776831
730518 622094
686910 879906
687463 922767
566694 373244
94520 565876
62642 723616
284065 789104
667023 689773
848780 508993
228290 531823
790776 596155
783313 800715
580867 926226
49200 662558
428982 280406
609025 892382
764937 78774
520363 798889
313591 525515
547831 833817
143094 50778
549300 539742
949583 106319
373391 728513
970197 176428
611370 324628
506633 799465
648539 481226
817593 944502
737646 822567
607527 568985
211754 625289
580351 130424
131100 615719
173957 444223
657086 471946
492131 94816
135756 262595
108907 347486
824941 293215
360284 942169
673838 539828
221108 271697
976909 664251
695559 485377
610943 315206
458039 702268
706005 379425
736280 920903
848286 454169
862556 546926
246047 521376
456705 57272
105626 712212
249409 518806
982032 725493
282587 357044
817311 185298
344206 257053
622137 691791
520749 759990
849665 973132
658954 709725
161639 366074
179446 121284
472355 891213
865044 663985
886905 632381
241829 971831
567570 462484
455529 140954
531707 754289
568186 709651
705242 684232
437876 443317
422199 674273
320816 155577
999797 764462
778587 443664
999661 363453
59194 936036
647330 298270
291035 52512
670786 487131
610010 970918
333318 769589
245049 213750
27289 233759
314715 826213
304013 11590
840180 979310
516811 78312
37188 765687
607089 597881
882483 568965
64350 26282
96400 535671
374198 856056
175274 753273
726959 468845
154942 534751
882068 295980
36723 489740
697937 95303
835505 823624
832915 985257
671581 855038
454446 673524
677755 267960
171353 59575
567686 710356
883813 306714
660055 798279
306926 911621
124200 859830
439767 821549
632805 289269
539908 381478
282666 712081
883091 939590
186186 836581
309310 861740
133321 483562
146670 866640
109433 346244
743795 994709
340659 138322
556990 942440
640087 739228
714014 435114
41089 534848
622533 146660
307975 755276
321735 637080
276683 734406
613036 952477
8730 729429
466369 110379
750394 292554
260912 482511
839050 112905
450905 304642
406221 169576
542904 152989
770065 19684
248702 374988
89423 372380
975030 99436
585246 839407
140156 123587
30463 121019
516905 901126
16666 220888
703509 846616
744236 955409
454023 48634
680993 201774
714 351997
829760 55648
969490 29701
185787 443335
444239 881282
295420 588216
717057 577336
181206 162065
2068 426363
358410 445551
308366 246283
340005 93497
445115 538185
284101 480823
715973 408739
368140 570453
886660 669730
365343 88729
701998 531470
70340 89865
37052 782104
612216 743296
80324 800263
66623 527879
309278 557166
906465 24378
713859 425829
670303 887760
539303 151019
123138 902022
429882 701533
775830 194316
217894 540243
3717 464191
656899 685699
962845 866363
81045 16950
252133 850393
215361 886613
680906 846586
455798 903766
117584 104439
289482 74459
710004 552107
178187 333024
975438 569996
677500 244550
630645 233498
98434 626606
678628 689784
354485 16893
814527 448783
664658 973830
76632 768273
966587 660859
504089 231076
515398 72342
944705 588945
918807 314064
251402 723832
128540 385647
787316 946291
730470 121814
736454 2757
217139 831595
311427 473209
309041 488231
355158 733316
13650 467881
698455 627166
512897 662390
810304 225349
577151 681323
727465 105599
138293 758805
732762 329008
966961 990854
468387 129044
662386 230054
608512 61203
604240 526855
784167 846955
784469 772493
164191 110365
127341 292885
658232 98877
737438 547323
788108 701655
832688 79753
499567 348443
506842 304750
799520 915378
688250 396195
54643 62961
957776 627147
587133 177363
103736 644797
323756 751931
724427 796598
11670 705302
939366 996293
897676 191087
486494 566318
345038 334363
374459 604596
145173 584251
756830 948314
582565 352824
556846 588266
271458 46416
225619 969174
216525 360062
858122 55763
549142 742437
812628 157998
860203 610469
406789 269482
782382 429372
858963 399720
57244 639264
537280 496574
115810 129716
838562 156566
853365 883937
71131 675810
276550 826093
520739 350666
588001 790987
177892 540595
956025 959876
24685 717231
127868 894140
518271 763375
905120 354631
526193 745961
679214 667332
142704 129496
427405 969342
752675 66439
73188 213956
17696 804803
218265 829630
309680 695021
890760 854332
260835 374778
437675 593799
414072 609012
816761 434391
142210 202555
776104 415632
312566 832068
438318 822591
864247 685172
148657 679981
417430 901066
69162 261323
184253 783074
937811 885947
755474 182583
101215 383763
94034 324583
400049 202762
972788 150190
483495 327094
542345 70285
350210 755486
87159 147067
722433 369748
503639 348541
333035 299728
437370 364781
785629 121712
950719 19295
30886 886752
560466 617800
448691 283872
366132 573285
932701 206848
603785 843622
859041 903763
460041 498731
428014 191005
646603 207122
67998 409852
81211 754761
905908 545358
792537 996958
188494 492342
906247 190948
94796 335885
375996 182505
383247 208771
455138 895156
561683 957134
606509 903730
971111 476516
263537 92204
263061 396034
967511 600233
683882 375725
178006 687922
823523 245150
550128 427322
325457 78863
491115 769622
122144 472752
453764 911961
539634 5384
286654 372612
694733 607342
604227 421819
455028 751243
427537 873549
684075 285241
924274 801634
283825 45030
949966 914011
803216 54090
394888 538191
987822 510603
610003 814964
799935 54107
559158 423750
126700 622207
914123 623795
166090 607274
669647 164551
854340 877917
603370 472969
317116 120688
302092 378789
695681 415479
328583 238737
287178 565236
94162 786779
873681 569266
482502 826595
838198 688225
922920 268797
354632 363489
173256 10953
188381 926851
71159 506853
183717 881520
157698 198219
198338 70673
326362 806097
122253 173182
870623 375502
421364 611622
620110 679010
417997 177292
461147 995450
670342 272945
267334 562430
14528 726656
668732 284798
847070 166245
993757 594808
50131 101559
643648 21425
568431 124514
919303 421754
167155 265628
900260 472201
103117 956381
443377 56276
191853 685883
686735 970318
339500 153342
382572 874491
101396 310065
951067 606844
104767 390347
662515 895080
325084 101262
445063 97176
709831 820172
807845 286880
30709 869119
766484 247694
923883 490633
697391 592798
949270 685716
538920 522047
793307 366972
898570 275580
250130 508310
230873 688075
892507 234492
481874 813655
503858 570449
961110 675763
915515 935954
149689 627342
460130 952186
558851 928560
73142 533946
72242 430606
364572 735870
719460 120812
747420 533264
421091 849671
406067 522003
812320 152441
526830 722782
226115 348062
403731 517834
437369 642272
95628 676286
799770 173951
639898 574677
864067 451600
952761 574934
604010 749580
49573 899910
13043 282270
995884 688076
823191 335207
861373 102337
592186 127370
40264 395551
888070 123866
298763 575749
7450 622638
779704 725530
583292 239956
873389 296827
573964 690960
877862 722018
745075 281089
828459 923494
902482 279750
316695 34805
956196 680180
254583 619747
822807 619977
743488 612157
614780 411173
309030 12681
815440 611615
207194 349287
819639 308820
407739 307863
190790 530055
262276 70133
373215 449620
444777 885964
108423 481650
811846 906901
923365 405760
255094 350585
567716 535252
938123 326841
197399 632122
527970 494222
2780 853268
331785 422580
219623 360212
447044 524288
168838 528129
653941 868364
839593 22830
310980 287631
688989 375445
316013 189062
930215 800628
493895 777659
923924 896049
619166 753755
376240 819040
204181 390531
522146 874347
740768 959250
264487 982841
590153 417584
124641 524011
257350 724121
177626 982915
827286 573499
746526 769875
990444 929053
950441 755569
123350 937596
675766 32489
24413 573523
48951 661702
853332 98660
407679 897264
580685 81308
840296 843305
279685 109024
184197 265203
324594 486343
664278 128114
598816 961377
682187 321657
609999 704541
366345 276672
375102 167861
390186 213927
464195 617734
101413 649046
932797 867824
224399 154043
780391 8866
713370 125949
849519 259300
887696 266786
339643 609672
70909 165083
788650 430323
93775 560205
522245 29454
718218 766135
650254 740048
519730 145067
704937 462981
175233 202391
379703 258809
657359 591912
156523 481532
803786 872632
1051 705020
86407 581533
460913 520642
893354 113706
552231 209451
409177 937221
107475 730247
603087 760837
870188 829235
801632 948918
392550 265495
839287 579070
927059 323149
676665 18190
402199 54494
375022 933927
747213 416206
297989 271506
118584 387228
144662 688726
165758 675522
661349 763216
194139 663926
216677 916446
565905 631686
364545 585442
271576 454018
624990 872891
790961 350983
387966 889555
175049 848001
545515 189849
708683 724151
623849 803693
843259 645173
754783 574959
275631 972421
186721 56459
240125 866599
95740 916920
450784 476996
690644 43427
119154 168407
820095 548725
649768 37222
903616 368803
558484 546140
666263 616113
76440 643115
521859 540309
46652 202812
91775 870016
507184 494055
4858 561207
10765 19758
888060 320192
731744 97710
823529 694804
743518 514073
575003 424935
268323 978055
189135 857017
192085 957362
64159 729426
537292 38521
569252 653537
661202 553484
862270 542835
831843 762347
515592 753531
320793 975017
131750 942924
621839 362351
551342 394146
861111 894326
636683 27199
309976 104897
114428 923099
203031 994271
268157 832203
686505 384043
304184 425996
44905 342657
577340 638143
179287 408732
399505 326616
52981 470781
722574 37914
17610 79363
150428 229788
88020 519601
15605 263468
143039 67408
567376 36241
523850 666452
622602 336815
985106 259215
412983 183656
207326 287116
458293 73655
334000 89700
436775 98044
225400 460242
434798 41846
559184 113027
464436 633786
701641 823056
955342 843913
652898 518174
825433 923063
980930 478782
614040 341103
873322 645950
441794 841305
657947 267285
134073 120165
581444 718938
321574 685919
418873 556487
147107 862214
123522 37464
812130 216634
256488 609644
571781 930652
903688 14723
627774 749528
743494 578586
478079 223192
643404 945838
932616 768450
777856 753226
236167 26032
920294 518694
140658 201678
493727 505424
969852 136828
540047 929079
642145 671399
878612 684705
250758 825341
856918 334338
56297 904298
528549 766733
773402 181354
470418 3051
378293 184405
471012 351442
178540 583435
484304 763881
72728 199896
533523 151555
792447 32669
495394 599872
475007 821906
21672 134837
397652 279319
849987 51292
524777 740463
790756 923389
818317 934286
35742 809609
347322 894564
105549 198493
984271 197655
780887 244834
75548 941605
963089 661462
761691 39251
292692 507830
390648 166976
353986 353951
262562 982858
112084 247436
474643 668265
844290 277129
175237 221382
838051 620188
798670 601189
485045 514119
761021 713606
302331 95097
443130 69546
178965 879150
763983 142983
350889 309768
508392 784712
275041 450951
79715 350950
481899 447143
694873 650388
52438 774356
913627 230157
739421 288892
423722 460577
548093 537505
884187 384706
372037 3341
516304 897461
537919 142913
566525 571860
176004 507413
482402 895752
815676 560742
61285 812850
675574 449100
586813 124351
818236 142874
254442 254073
967508 339779
98422 162087
654954 68509
510988 701538
109413 902975
484112 72707
479498 428379
626861 653028
75396 941478
104167 236121
880288 548638
464848 376530
345487 178688
339894 947869
224836 783332
327675 118339
847302 471643
288629 443076
463281 695002
939127 139140
285749 32161
398466 405334
580064 153475
168720 968717
216736 758326
676722 769276
34480 788859
732905 361612
32874 822265
174750 515793
405887 960771
850938 184412
391766 647321
86573 981600
243061 769274
147059 32240
916029 203792
926383 107841
479909 971702
960791 395642
219156 710530
101513 156210
191695 30468
682640 645227
448412 212675
845005 258752
19793 949048
376318 388901
360337 275638
167173 937319
447393 94888
890099 871197
71160 451804
866942 216189
168804 805845
87674 877549
105495 883378
293272 66659
367097 849428
136041 300341
183206 726939
367301 644612
798666 496060
292975 671888
826286 711039
422948 785450
11833 653007
389107 950100
821412 1299
807345 312882
611332 839970
380850 909451
842868 261793
655913 412347
148285 628750
552044 733764
697738 650026
415120 843999
908745 312142
649412 825344
655802 28175
131953 90924
422827 359069
875595 483732
606555 558171
374660 820655
779290 672684
343382 642518
319013 784431
739740 606682
986657 375554
470722 499574
405051 721329
975005 310403
59563 95934
234362 469070
719476 638378
734655 549057
385807 665587
9809 5090
402004 172318
832672 386985
763161 182342
509328 624416
189645 458164
607589 409261
232301 910457
284070 296923
183989 750140
679451 467436
227850 603284
479257 880953
671231 415323
602943 926877
339137 467032
531485 705612
856612 351141
311921 589320
220216 446574
650426 314971
