100 5 6702
188839 370908 4
708132 66037 4
652262 958125 3
425822 878118 5
861084 633400 2
221536 529449 2
265647 722866 3
743322 355727 4
90485 198169 1
846368 614789 5
846001 241815 1
305313 996986 4
519144 732190 2
190696 469448 1
736714 2167 1
230120 700341 1
34902 150168 5
843956 779553 3
503128 743676 4
186638 52132 2
391031 302166 2
158117 2187 1
365312 323427 2
123073 379771 3
399128 178021 2
652327 40606 1
344304 606097 1
217256 68590 1
633351 874430 1
279460 173678 1
333557 636181 2
188173 930259 2
154700 5775 5
977761 199658 4
689753 496347 3
460586 651308 1
243702 303072 4
818372 729023 4
751796 55109 1
73750 132936 4
996021 350383 5
42712 807594 3
194556 191203 1
612632 702663 2
321558 579182 2
427461 299261 4
964839 673413 5
638069 355335 4
456727 911905 4
226329 111495 3
414409 244004 4
518357 217080 3
765741 277486 5
838545 932768 4
227235 601284 1
132948 90578 4
497247 622943 4
990869 152876 2
180733 893590 4
164876 882751 3
732084 140806 2
383569 226766 5
975887 35524 3
676560 460535 2
863670 296512 2
756997 452123 2
185786 259534 3
696014 361452 1
251463 470790 4
613241 621791 3
199816 196003 4
463044 560171 2
393712 503818 2
697049 192256 1
659797 587825 1
384547 155384 3
664513 910179 4
385370 408080 1
930119 668665 5
893894 21844 5
36236 427255 5
122525 660761 4
996785 8036 2
704666 215690 3
15584 659412 4
970677 481334 1
975030 14412 5
687469 933404 1
45497 223144 2
65611 475200 1
818482 890791 1
262349 60418 5
279282 189862 3
306763 772257 1
197009 759565 2
427944 420266 2
858974 751368 4
672625 117426 5
131883 626111 5
413147 179971 1
966159 213851
282317 730110
687218 284741
336845 583890
863543 385418
535641 659109
901111 154631
936372 350417
122263 342237
49906 993305
503997 136912
61914 185728
79714 646484
146029 784396
229446 894768
769396 704968
844468 995168
843671 161324
922315 733512
576511 418894
805235 825770
859104 591111
242320 764493
975491 353038
275444 161246
832052 698530
14773 867701
161780 275337
639312 406860
250652 236253
360358 423499
537901 841439
301051 828661
918028 137763
433165 974568
267107 548976
301510 848202
320806 9905
134168 25618
927730 969107
758317 165133
783491 191503
712477 491373
149660 821243
915038 533475
521980 538225
130931 14963
740904 522821
274239 789199
428740 604170
668863 946286
200797 241761
691164 366040
513728 556867
913974 962849
215591 463952
859727 402062
977166 524545
938163 780347
970541 801237
690902 466489
531439 615128
249473 498959
527599 498626
57484 415349
980547 734556
942268 244737
928719 73373
24861 589811
352038 453085
415955 601075
256122 356357
684922 85976
54524 625670
222652 781940
60664 934735
793788 288045
266843 931516
8728 86937
625931 450498
358492 792063
604218 537868
306498 993876
724282 486534
828048 82760
759666 198735
872365 180078
922926 454017
867652 814116
658551 932600
767617 979959
149490 639678
885850 791241
372473 510297
754947 362367
318960 990478
698107 658190
528193 658731
254734 830369
109470 522733
950298 469925
469119 39092
891171 402775
280742 212939
440052 14693
314095 212352
169728 516778
796334 604710
459043 757182
487852 301910
490131 285905
67258 252938
230402 788720
518132 688918
777817 21557
751708 143587
275626 118677
427707 189494
896072 779238
268279 819196
347164 962798
388991 515470
196026 452287
885604 400894
891268 307129
575211 252084
678583 683307
216170 80956
317549 829534
519084 345331
576185 855904
420668 679930
323871 946070
898748 947679
37421 151021
310653 144216
13031 639467
357402 911683
23223 757226
779767 374119
782052 593898
369899 97498
384885 540311
505902 337918
132321 120510
35344 63622
548143 662909
708056 885880
814967 626917
846818 334370
252529 13436
436609 817932
519980 920704
753160 752285
133806 11025
558873 401964
582877 985108
88719 712699
590211 201659
209462 909188
807141 559415
894791 195130
303446 100835
932241 568307
863181 815754
941166 485106
558977 534242
560783 158750
827121 981437
930197 7439
287799 589954
902476 896413
344624 177865
645180 167512
732630 993834
252067 565938
515671 966760
891465 588407
344971 861896
698477 247995
961803 432286
940700 70859
239708 370433
153354 902096
914963 222346
326448 416296
507689 409650
220435 537049
348949 697462
638542 624453
350417 981387
30962 18050
826845 780229
306985 376563
496221 100625
770771 519711
554062 951111
172201 878352
867431 312356
614880 554431
1631 875610
798493 809451
559450 187098
416179 949137
917194 767152
141022 396960
387211 722640
923739 133945
964781 899648
502770 570601
130118 349785
465295 308469
735998 526785
608690 917605
685429 693861
358173 699722
485186 924392
741511 127876
871236 541631
358738 944661
884181 81177
153759 901748
921925 12609
294980 474981
574038 364450
5519 329733
533332 520894
527772 973064
845237 982420
27418 383486
962797 535056
58472 215413
685176 196752
341965 259019
764322 536666
199732 68655
193915 372164
783807 804412
759347 636685
173175 472267
815710 395731
662034 100772
939840 842371
143873 491597
549503 337272
967091 625654
681434 8886
147829 529063
173621 479238
508676 645845
456099 282106
450042 519503
710672 16228
996392 449329
17991 581603
381400 840409
973472 667651
821999 919986
19849 822859
4320 658884
626304 430377
421851 381054
130442 666084
5304 959009
585250 289611
127310 899922
922727 177989
258859 684033
220076 525858
772151 144047
567022 512447
43709 692321
337128 800109
117037 587418
168814 70406
482601 891557
783165 862151
111956 674452
893879 147684
355444 538770
123452 662314
557880 214264
723718 719380
114633 473534
320958 39586
720197 510359
855097 841778
179727 24037
433570 695001
313506 448604
676669 100000
976363 590768
211155 638564
284595 683424
902601 853313
224391 498222
604352 222167
93348 775924
35318 620547
457524 609242
254967 410209
751404 33131
566635 780857
666898 477769
773418 138176
385743 165733
491626 151673
928694 995992
890169 347504
993304 804954
478586 486761
744901 541127
784955 156517
716056 268540
81476 790032
908825 819050
631647 593110
851879 994566
483730 287648
260782 25991
652925 425393
931278 737820
896747 125236
532262 570072
627265 879425
433734 286090
500328 378204
185116 898391
52525 682597
10844 90994
831672 651368
181540 221560
373178 612696
197718 659532
369810 748770
704718 694563
534840 850631
131823 161587
708718 483138
389868 153803
433832 408301
93119 922429
807052 648573
819818 781860
666517 899608
460245 951117
973392 705861
496180 875716
876599 496631
663828 487789
646235 843230
997792 309507
312390 694830
632728 861174
14265 481339
955968 591500
583382 313859
385442 355151
95410 324730
661271 420843
102719 477345
809733 756360
54441 766122
144541 876756
317703 369393
889944 472661
855270 488914
915678 128665
553351 711052
977062 821761
290655 563465
145006 15806
111444 958668
409328 670823
765466 16150
338522 801168
683172 461792
323841 276130
182123 216793
149381 744401
570443 479590
170143 636596
295918 620640
601254 253474
589291 690857
20570 44274
811318 442401
275169 58553
193358 701367
449214 132670
846087 743584
82843 337261
320733 201784
226486 847383
590526 241000
743629 386966
477212 789269
11752 97978
542996 674592
582992 611561
128866 300057
975414 561713
370225 53333
483867 350028
416450 675624
682859 232878
843727 633733
844385 53553
506771 724557
595956 82585
807109 94421
431795 364941
516724 513723
279367 921080
638204 609226
204861 133026
529256 8203
769883 409040
406547 182722
579162 863016
804666 584267
868668 704222
109438 457682
689193 767747
417673 239796
315047 238351
933228 791326
336212 560027
670843 192436
678738 788725
938502 113052
676366 977895
519505 837665
323661 954861
317217 32471
234011 323462
826803 272202
367094 93779
356858 94954
588625 536865
865850 625578
309336 811147
80862 949403
65836 733977
40534 20653
183171 926735
247525 205151
833135 72063
79831 577888
346994 192366
77302 395066
869190 931367
287590 870557
231024 422762
70691 317300
595701 151899
704031 440140
63521 63278
441655 957520
510652 426547
634062 958103
684535 701446
817160 765084
649612 264785
278486 199192
382753 88829
77942 430615
622041 727183
166 334771
285808 610232
164914 29685
435602 463917
330851 868560
325294 386725
610384 244068
479867 842034
280060 830751
192011 773479
977734 732416
810454 701424
125986 382853
403384 600672
423202 924630
129155 573255
372957 94338
833572 128879
374762 155851
436841 711206
543945 520906
781307 796458
635281 220407
9752 540513
749314 692421
914206 111598
627360 47252
615889 916846
962628 579050
726653 148341
547736 969333
525564 725067
482907 16318
556065 921968
695405 274091
606819 954761
342242 706218
280459 717129
239587 867865
41065 810678
483518 893555
737992 628211
704184 502919
999948 29011
570263 740970
140720 379503
632695 163004
792451 145923
828480 368777
842111 42054
677269 532163
436086 131530
441293 882446
278889 392457
168528 560526
471722 53802
286198 906047
67114 121086
958548 275477
973963 667980
284063 887631
227460 696015
571207 278380
497168 200351
990413 711798
678325 834684
900776 73402
318528 387106
787628 536291
899040 713705
656705 419349
913166 889538
127282 364467
322519 11942
718640 431499
484828 969487
269732 118928
707300 449892
679649 192337
230564 582121
177869 346067
493025 823273
62323 996691
688629 778705
266916 929620
974005 916342
873241 672244
709229 913335
532005 743368
744768 211183
419832 354313
4423 626429
236586 180453
168069 174464
244519 276056
449087 744273
890092 780027
346383 112592
113730 722999
336966 305224
378650 901825
598509 837066
750182 835812
534820 983175
573298 781416
260796 793808
541680 696267
509700 988544
988018 669776
521655 225967
73983 461763
840318 677730
531827 563859
931022 448215
4278 749520
951697 710345
691027 965767
219304 853093
813192 733584
536798 309292
833514 115448
615733 421551
655566 870994
760600 802157
978423 871308
877471 578450
712670 986661
765687 386410
268873 409148
506604 595278
306991 400208
275010 395562
40506 771
726707 501806
685121 871699
174017 146468
54931 401273
328616 199199
524003 935683
442115 62414
547779 739150
310818 676922
781895 130190
689271 178494
10467 50342
582130 149225
999937 225949
576321 715561
197014 133008
94150 875478
928852 723373
184365 167210
380527 118837
184948 833829
427657 971880
491806 449880
318435 64884
928237 257750
154038 846043
728658 757634
103866 419844
214900 176081
297538 263891
444343 272010
253019 357631
406016 156158
376611 976
179493 149502
812456 395267
662867 138587
564270 883498
835769 342609
98957 610433
262220 339731
865426 595431
455436 46520
777588 333402
572666 154180
17333 228215
343521 242261
972664 9135
598457 977781
644584 427419
399289 138740
976187 177527
600942 412229
740922 211513
952649 763974
873698 345326
202745 187902
184245 814242
62510 468125
913842 476552
254459 69850
572718 556710
776042 103741
956364 762404
106004 45287
704683 270620
787435 580445
628883 755795
585928 542550
765831 540366
12184 296366
38808 367902
253511 979883
698670 483191
915926 420353
185336 649739
74682 323465
133956 186564
94644 259223
238074 62417
765166 446996
148218 690620
872156 978212
941074 384581
181706 73353
493026 674701
704937 205195
546798 840394
65031 495947
217536 140316
801966 875513
40839 321028
446969 970119
315759 742710
295464 133867
975383 770122
599747 50166
85185 873530
611057 134464
704177 811638
238288 663692
850501 531438
68974 948114
479375 4624
819662 181811
458316 144300
981668 997541
91695 236511
280298 185340
976742 323681
244369 660832
868468 4309
184302 525763
19021 767694
704564 290784
114794 526707
374510 849091
781587 88436
150954 677168
650669 388965
471999 603486
329145 777561
158943 286935
770854 36568
351212 5876
620188 24786
657444 291278
764333 1604
199156 799651
44994 675814
124565 875406
346369 654821
415850 577343
103357 95930
644680 254501
778824 72932
254303 192040
165172 4308
462366 899972
788368 487259
125777 223404
206601 935661
651748 888016
853087 523462
303974 859402
487657 493081
854497 252818
177377 189436
561664 522904
645631 821352
495537 744464
895821 994717
701968 69837
92652 778801
779544 35264
135848 314565
589038 261945
121934 672876
624333 943973
679755 960215
384530 732322
420395 67383
830738 319986
792704 815478
132976 226538
398741 907398
505450 536737
954993 117292
613785 153920
29215 996742
887287 445056
839472 201002
139029 780254
524213 767094
494669 505071
929928 939465
594631 631276
11922 614245
42113 495486
982433 926169
792214 247933
315060 376610
900126 524485
632593 300864
721591 982617
889910 746421
965275 697830
782434 553186
308016 521553
879433 361244
568107 93671
768422 469000
151924 52629
443371 504245
251289 224394
466615 752587
842709 622931
637801 928641
817189 72475
437661 130747
955803 219471
986113 515047
825822 413403
173727 764133
883456 887942
811275 720302
368548 368641
370117 571799
365321 405161
483373 439979
23668 940652
750256 645311
252989 308174
20519 986388
432509 138700
209974 437851
447275 73906
49290 48171
479789 700569
879985 929546
19007 114588
62776 465970
280203 220366
545484 959680
273290 416509
906099 437737
992537 632103
547779 803482
512715 658627
741405 221840
399990 877152
74040 532735
742866 113888
581188 767350
865849 578573
630440 559899
500875 606715
106991 79123
843104 991521
946161 928100
16674 967090
300422 362725
978667 379164
519305 286833
121418 595293
969243 353571
212675 415054
529401 860497
679255 435755
192960 710370
158729 352364
577154 969563
826899 425860
811245 918970
201539 444608
40786 864625
390420 50751
772721 685005
18614 159975
973768 719387
905687 165382
175872 463845
765654 211420
810744 10556
252453 896501
97445 207953
989943 725971
548890 523022
932780 24530
582966 456180
118901 260745
565066 770860
571163 528696
910700 266487
393830 313479
493725 39346
115604 282474
245154 265294
595089 150451
751273 546433
33288 173375
584125 618715
315001 768107
758253 130795
388540 662717
995213 995250
486338 688947
981282 62064
257584 550671
368315 459705
994960 979879
234314 310403
678589 929999
421076 165500
257118 947467
443583 716071
785131 795486
357706 698899
76394 740619
11240 15378
539071 193917
864796 192169
139879 56711
59112 413347
979369 253437
294251 71868
834705 685210
327753 275845
215040 239424
520587 816765
238092 350438
154987 301723
90911 900447
393447 502870
386876 700961
301335 873381
524858 354048
836093 213004
309267 467593
103132 682116
840367 930536
255293 653619
600882 122981
709780 307871
531841 951160
499233 416493
693976 676001
47629 616304
155455 259475
331806 711508
347266 332147
236235 646460
984703 620666
934519 125067
645727 368554
734737 92844
61749 127981
294391 51108
78818 865731
687721 448857
370120 46279
275058 445540
921194 852958
891109 993778
749095 81491
478471 876724
611321 294111
226984 356655
273994 173478
31905 33250
610897 595053
580233 664317
272359 394177
884581 203705
799975 528650
811682 901978
874711 812574
648051 546702
207388 509451
32062 520971
913479 822042
904299 674838
2346 753322
113710 537018
320149 417992
9648 451735
141812 191743
891399 507160
801909 851744
694763 591237
218355 886628
150104 407639
364903 931651
309776 568899
716680 464499
562383 450384
247179 461631
591275 292326
62629 600829
337459 123792
277646 710640
950260 330089
669144 40132
338116 809543
841985 841593
79717 910711
359881 983917
556183 11435
605157 763599
373071 872560
28460 175581
605251 754721
15319 744786
527565 851479
219412 556535
385307 250823
359340 60030
323871 398870
327493 893287
653351 321700
465401 529590
783299 54246
508544 986925
621540 273986
354466 749684
336632 299248
367430 38963
306338 970305
46081 998235
995383 616162
992101 257816
12819 737094
451801 680100
651869 55054
667473 230338
959341 788410
160134 692567
95554 39112
987155 530510
745494 763122
506046 638525
374364 451284
536231 769317
771493 950196
766303 897539
328870 424313
623678 446053
732785 456141
742611 967393
110588 568143
206744 890790
991927 214697
485885 279879
199126 255597
597123 361208
813344 248359
467638 106481
158835 335606
58251 435226
600643 531419
900087 651950
227674 380174
936511 241667
608693 339681
728516 523961
418225 135952
505948 480701
561992 973650
215781 486469
550191 150101
21419 962956
505715 488109
16351 576808
305338 753038
421810 778419
646761 296827
915642 623906
179643 592207
904450 118285
144063 510742
211870 726579
858795 117235
423895 752958
337830 819894
387422 619776
9685 547881
602329 447697
404540 227840
252390 161481
692904 287557
134504 322570
55940 940255
642225 483149
377258 601625
671335 530381
880146 378964
605097 594436
262262 849279
944031 475676
977867 531027
442466 434236
18506 867216
548511 34283
340307 64756
752919 507755
981296 51465
272927 873364
103397 510500
303612 336483
614040 827764
706818 791611
189217 626953
605058 409296
439210 668587
934205 796937
239504 453398
994169 975337
886810 787810
598968 445639
392303 145493
468949 982645
192632 930006
687785 864417
689746 333046
343924 92709
547328 751644
616004 379218
131872 427139
45943 788917
882106 671635
241255 817205
145196 145729
92510 901224
652485 900579
770543 865007
425699 93069
981636 816286
76586 757184
810271 692048
558381 987320
503487 834535
170139 657882
897988 457827
61306 548506
110979 409192
996818 325114
612866 900353
820192 916924
233307 704044
140920 572956
672989 727148
183419 12439
802126 741095
61575 963662
115524 530313
937787 388865
865652 917688
650872 537387
172293 3412
334158 503227
127015 340545
972955 163867
668465 977855
398678 148240
778369 922095
969045 436670
111500 998020
116776 753672
124919 385965
491657 393282
1805 246458
253597 428156
43152 758303
76102 674029
867197 362672
537556 160822
20168 650436
401206 994086
312154 505990
198614 606004
934613 663493
535388 44918
908060 533244
139695 727187
629013 649161
918364 793488
783365 463302
480287 398187
157201 344315
318636 162944
576389 243081
92212 99717
29030 910555
5261 688394
569015 459348
340502 159878
637682 528628
502705 345046
521726 628188
817067 642020
953407 731029
936570 941089
472277 393412
230362 738099
52673 133604
592872 241637
438899 683332
567841 649113
803766 11616
613651 634188
343612 470998
771606 408117
126199 401476
80269 255143
195050 844471
393578 146767
817356 193565
769016 449540
838189 322999
840876 652656
37303 404955
566342 271803
353811 303058
208722 858186
49088 208437
890455 685728
972656 933040
237472 588524
531950 394996
789247 70534
976869 706474
405984 328851
348629 449788
373543 397615
932548 297585
689762 11932
280282 877591
957403 289274
739204 766648
583689 555223
863233 211338
109859 797457
317884 385726
45079 876964
446295 535722
2839 870199
550586 922909
217179 533216
111704 528798
777868 763628
739722 690125
422352 832341
290240 955857
19182 218488
966134 192867
417463 581741
863233 465285
776606 692283
220100 480330
540790 208338
683280 363581
725723 467249
992327 330581
993908 749316
113739 699671
214082 71553
781912 872382
464855 843188
911920 31441
170126 591459
17583 13507
485127 82505
64743 528301
778659 147472
987604 378
890117 476175
813257 808701
679624 632857
366919 791122
148835 236426
381543 916300
398182 583218
515162 230979
16222 881541
727155 179265
439874 98900
491912 275533
104970 405
478912 751315
35035 864651
994245 799692
284361 614731
320862 21614
565149 743906
76982 425178
669985 869566
54249 198234
116645 319675
19069 588364
857615 126677
236200 883759
666522 193025
385627 714713
848145 246896
639435 8070
119090 208787
141354 904518
457480 122835
80354 963782
339143 923373
413483 678571
894009 138290
236121 347280
396034 348802
78259 187366
569082 888224
295791 497501
266655 583885
395963 375007
960131 485669
689824 40574
63023 330877
528406 559593
706965 195835
949833 333209
154997 232140
562564 349870
144529 267830
93297 397083
633541 966380
322913 813387
882875 647306
861385 904939
685091 475931
912114 937666
383673 79160
722173 293924
129779 220235
329198 304878
188523 921868
132028 939568
900579 397502
274780 631991
635861 136857
258406 595701
133355 646326
865347 187123
460221 969619
686197 723823
48470 848791
596813 265329
324687 534512
538843 561714
91183 780690
714166 4879
453425 752659
568548 496943
463597 161012
278915 455940
495286 105884
4335 559348
773482 595149
823651 923133
150214 341976
645793 125257
118709 232907
916713 710669
737146 609881
708914 638334
545837 734729
125 594420
835242 443153
788699 931015
734868 687595
333146 76077
231221 491456
963592 320333
640739 504656
486182 809987
95801 143910
357218 243909
451332 271436
305306 339066
245504 240810
651275 784555
289426 263661
86685 812125
458111 304475
392095 69758
944541 818298
557796 690818
506947 83225
970779 40336
581881 838464
122154 749557
27072 402854
992256 2407
549033 613298
244007 936428
461429 546095
448647 591032
755925 730365
516208 13318
585159 438309
462049 721888
244078 810459
137594 206177
899785 885051
479460 114839
685159 409361
712036 832408
854344 348512
783709 173993
433700 538481
888127 186289
678049 267445
942410 416283
983626 701885
192700 200164
534199 179424
290179 515525
162552 916785
738738 597830
916937 422912
696227 559110
153229 668492
927621 447131
569453 995913
536157 730019
837920 457740
596834 471392
525311 298807
868412 713507
867596 333961
679087 570118
788315 53964
598003 203632
50481 34008
622763 528628
21079 954698
792263 454952
829837 586016
462746 492588
771599 23491
564986 20886
569456 825329
812475 68003
746028 850066
826605 462162
283042 574712
175596 347757
389452 434362
616398 917479
127126 317496
341329 303138
354418 528796
494675 908377
336077 235285
433122 862059
536157 93932
529173 713597
175737 573800
532816 10885
292146 123698
729908 427524
984885 185949
22120 563304
967559 633293
50790 371653
239994 532533
207844 313094
73593 523270
208449 425495
486428 150498
2032 255022
44256 553197
603181 507270
477254 591229
80281 818213
879801 758649
972290 317659
744249 327152
770836 54403
843200 905955
90007 275447
950787 364783
806483 171321
954482 121840
842896 746212
881819 160546
928779 731297
481402 503889
745501 771281
204609 426859
91193 14016
507653 665161
5429 834827
742198 606983
504620 302029
537301 128331
471739 451931
405524 489239
261549 102047
593026 591081
755649 280125
474820 692355
763101 589497
94247 468612
535765 772985
789942 307317
483102 749705
703967 226889
282647 826357
69958 147164
946411 939482
116315 225994
50720 13190
144388 508133
549405 687559
700785 847761
288860 602325
899340 270106
929226 724996
718325 459687
726000 135178
956582 702148
660017 940566
322548 360525
736038 766441
722959 658058
323569 322062
888251 819905
992774 442714
348238 885795
990361 706548
623426 664833
338265 904007
656331 885443
979660 191306
667926 646558
825921 203594
580614 400897
198555 844490
119802 832367
308501 421162
145041 566556
386903 852061
562443 654582
6878 617157
892568 636272
13784 240239
16066 239246
100677 924980
767503 460809
754000 568125
653906 561605
599421 988356
404719 271449
729927 252930
634663 83286
86540 262951
819122 998884
672779 865136
559550 658170
620849 547207
698310 796445
67010 909756
203624 919001
922731 326127
786009 586268
945292 739628
242482 486858
343554 985955
798871 70059
820980 25798
56822 860512
270731 466589
979385 377964
280615 523852
40483 721057
919149 406165
464838 371240
180228 492029
115567 152426
798925 364695
517343 895734
972260 884689
996386 833738
778405 169849
829668 414602
462075 587778
226524 940713
195516 645970
177798 239635
21008 528315
310240 25363
492490 463781
530736 173825
135598 463623
324311 445225
377683 209167
934520 856420
619885 743647
104678 216386
370135 23050
950952 644651
459142 45592
580203 658077
144054 68049
931966 680064
807575 499644
463568 556584
900404 494151
920026 636494
754130 425263
892014 313490
975010 580709
299755 236077
276288 786377
100486 81378
787569 115518
416994 317177
838421 83528
539183 997973
189055 692080
140705 674945
586648 715830
338540 144692
490544 114143
632887 4938
181541 805826
257514 963097
177085 925599
771878 729631
975684 302613
948580 769093
176335 910156
714367 534702
604223 600397
324171 268577
616745 934919
118356 430610
222381 634709
806021 288369
611760 595296
583275 191862
545499 282723
73069 125081
703113 806582
601669 894824
735447 260975
468599 542994
879612 672643
48961 799230
194872 601938
585351 921226
960847 424940
746985 377810
495353 51246
740913 960923
13158 700720
820429 340527
742176 958236
875620 977802
788499 111460
265257 223915
900721 791884
646553 946614
434144 302889
211788 530356
182138 921051
658829 831497
332911 305469
711281 507401
875956 290956
376953 331405
406534 99540
773618 826514
68036 587311
572801 340612
210248 76127
539370 372905
275994 657680
584949 678027
444041 822330
525606 916719
650539 605351
21888 904571
573679 17864
665781 307715
84902 430933
860272 998424
121970 210430
651781 518536
321866 68801
854623 603265
615085 344091
548200 548107
267606 334094
311956 794124
410242 254691
235015 443751
159462 115372
920924 405310
701565 545487
894283 401611
970340 753254
370056 199698
923856 569428
388581 384149
60558 796370
746509 922970
536245 140233
16176 148260
164319 841577
124980 269247
798543 459894
680765 467211
678365 365294
730909 161509
31724 833863
328872 724929
501555 877650
169256 195773
257316 527224
309671 633587
818000 307882
715858 756891
568397 131799
301210 769890
769240 671621
38673 33005
789703 91180
100806 166649
206214 654792
341611 215942
305915 860452
809667 327695
133930 991336
388853 383256
778939 548761
113968 273833
44575 748510
670839 558787
408779 197764
919309 951665
951978 634997
768385 505543
734363 578104
225558 106350
290814 379151
791236 45428
901353 142191
261121 271295
102627 91526
975773 469075
267103 815912
74079 106666
112527 20887
171290 632210
328909 812336
469904 920389
785805 610156
79456 644628
488013 471843
50409 652178
433292 345290
722054 902556
948239 239133
576100 813564
779509 840088
154835 669352
10426 663263
172424 656697
238295 818593
392683 101744
441648 227463
722242 126604
287692 532355
419538 611406
243848 411193
599418 527080
66812 624436
320355 82728
731716 67682
779536 881671
630040 665992
517220 552253
115647 82222
541311 650844
219646 561793
241455 299899
66499 641176
173691 417576
303063 892304
910763 608193
300037 616201
509046 835061
254229 891795
545740 996784
242750 401746
582371 948465
169936 794476
781421 637932
240893 899737
852482 232500
481744 359319
903975 769191
230387 148454
243300 438476
735448 378464
810372 89261
891534 971968
49924 766660
3170 777581
731106 717587
523342 699311
362034 666489
596837 633863
493019 82034
165287 216177
728323 967922
946327 934056
331642 607845
305729 360199
953346 926848
825197 571396
47211 573184
520490 641996
379832 351126
229012 681631
481109 444901
302508 267774
393202 933213
79594 788491
835791 526075
793386 317748
309175 64073
363986 203511
487001 698173
664582 943892
730657 585030
764806 60747
186489 500159
982932 283610
565732 373448
551169 955612
153835 353789
253915 569751
300145 837795
363398 748927
270569 404514
680814 230060
108715 618325
503590 143139
837874 290013
802805 666276
14398 773405
675569 564274
489558 732524
405969 73680
500215 189736
536632 735184
491816 563539
963299 718175
783134 683016
779470 752850
90277 15696
90760 494259
444136 771349
559879 627126
895674 556200
148233 909735
171481 532403
434167 396148
770416 249700
14078 645680
615010 710660
894954 873704
947407 532393
768969 317825
450668 698083
476000 69726
885078 360524
991898 699018
619447 652363
871796 573535
98283 65826
554782 369785
132249 497950
242764 725754
667895 300021
901666 456319
236802 416240
65261 922208
688188 766209
259754 19177
443173 577980
362096 32671
103686 558320
586763 851398
349061 400895
906058 599982
45012 803564
317264 121863
551419 627194
658199 889902
635867 698675
772457 227678
289105 656709
335503 199570
678222 60589
882791 121686
644416 575664
558907 700711
374810 334544
538037 872580
502577 774015
632966 953917
232301 267091
575896 389377
441981 720157
799603 294914
258979 110776
42153 834978
827959 896448
221288 551591
818413 380987
839981 265609
356834 850695
733641 741329
616075 934738
650616 159936
857521 450672
95579 832561
166240 91004
741370 99474
335950 499807
565362 699568
627278 344675
65385 678173
462934 304898
134278 300566
287437 901452
513926 483702
570176 199007
425975 170750
396818 582811
41235 548303
547581 817056
359383 945506
243454 243815
966719 909101
749809 364222
586257 982119
556469 800623
617358 167332
454820 791085
511132 948342
822928 718831
7350 962788
51658 846723
732950 491071
394414 37888
853318 752867
181007 689041
71149 268525
836531 470537
873133 235905
429125 685402
531584 242953
744459 198477
932727 730452
584193 854590
13367 783939
917928 23430
783121 633845
70658 324320
32850 791102
699733 409145
584041 670260
794022 989027
150212 709820
463327 467740
46924 673908
472164 117859
155110 646883
421353 915343
189293 856769
81346 469327
278623 491446
529165 926607
833125 196068
667027 80519
273237 605468
803778 977992
145901 998471
346461 521444
212771 630527
856557 498735
782493 663980
507154 669514
879960 955108
585260 278415
493565 976193
136203 627038
913426 465713
230262 106446
497730 703106
557787 816562
924156 802361
764055 314930
294444 680435
695153 710507
770213 684078
614291 736208
564273 401092
791129 711416
354822 18296
668963 722286
345172 158575
968373 340832
407500 666547
311568 337165
200264 567480
817846 161617
648500 264611
879344 103801
623057 359189
848854 625075
121177 434361
265900 155056
814984 592926
207471 361383
800866 839969
349573 300138
523263 409070
70919 814734
638941 360855
272747 844426
802032 494458
184142 619595
149776 366430
687081 184559
622848 158742
550833 934830
529956 951483
960332 781629
963944 133361
279567 462935
910129 959254
485936 753093
723765 961850
266764 317065
48500 917848
892482 56101
494799 5075
820469 835364
356593 329435
823988 176745
257115 953241
282250 75193
636901 597517
602840 652325
185225 67657
596612 418301
511119 751618
2165 201881
614659 716032
977256 781199
329289 645035
503604 752374
593551 79807
132298 468380
671697 313402
532092 458064
109615 470370
687842 367131
631858 814869
498238 524817
433410 572470
300610 230565
405125 705091
916471 700846
697131 915937
752678 493620
642770 351553
180560 428899
11535 520294
58374 287725
529005 565777
78910 857386
411545 963869
545438 991139
869717 42538
505630 333701
728499 699056
542120 32492
582142 293255
771538 645734
415685 551547
254966 168639
832277 737456
705375 179495
930970 743159
963876 415620
817567 494043
60142 240540
318447 721923
664112 464019
208659 380655
1410 953431
744372 967480
684753 322967
817594 283057
818983 138179
5860 729010
352606 319190
268302 882645
65979 402987
250166 150812
695908 363611
929491 740175
972993 567814
905607 196720
164064 224737
295368 837682
793176 268
273716 923387
627148 678680
867030 767635
54924 104373
904709 59336
566628 764354
296508 219769
654781 52486
128102 809418
199846 405970
75590 193033
410422 334106
429738 720528
130114 745001
745103 934336
621967 910281
605869 339060
823761 688438
830889 761235
73373 658205
739694 602026
410547 805804
179196 864967
381297 218420
785485 143193
47617 524741
194172 848927
306502 610233
475302 470919
518350 419221
239362 899174
92686 604500
795375 189552
396807 353727
576489 380852
472652 849047
515528 513204
653718 192504
739501 32837
724463 500875
623194 369725
171099 741850
670892 927964
161864 369446
221963 487971
695422 823962
912892 900100
376785 164135
638696 878095
375585 493957
231184 187275
590036 30474
259656 708362
462946 517750
434864 116256
303798 464138
829875 205661
723401 696248
65808 899748
884486 682003
486767 484125
835224 851403
700010 607871
541198 45487
690085 892087
784836 327003
254220 228489
731839 391759
451051 742904
683438 916008
50706 259220
567236 763916
112712 102653
244786 814674
141801 926009
719459 639322
895839 78642
868644 223313
242212 721589
826116 166119
349950 497936
752532 221054
782834 643319
704153 500980
481732 729328
191605 284560
973117 439348
718209 573777
32190 464873
805545 529658
547517 837887
978656 921663
983513 527873
513300 106384
806675 785101
619753 748463
80548 596370
223886 538347
446136 875748
45890 855329
168413 741214
533036 441360
820576 963690
795390 75815
515448 355809
108912 73564
504451 845078
190257 110422
420068 989471
632398 766055
693614 393596
103794 961400
94219 405373
216733 883154
316136 386465
902036 873325
550771 538573
86440 38544
798216 798450
437491 725685
258757 61262
207012 567898
720937 359105
341747 354984
31910 948136
816579 884853
293397 676215
692550 588102
380645 965058
973018 761925
428957 729797
82050 913460
84796 366564
612515 448178
417253 921094
280001 285770
223489 479162
622466 825451
226213 963337
625153 140067
217587 888225
709155 600820
808792 994296
676059 678524
370261 27928
582708 90581
76872 926980
181184 724550
595220 982584
906964 295527
725902 983792
318996 669207
377334 999665
715406 82518
608359 120691
421825 857663
157913 523398
610883 148620
379810 264943
683872 944768
805174 101271
923147 139023
630188 229427
952901 760907
553218 492500
781833 148073
426633 385628
122657 758395
376165 474033
438476 653690
46703 426593
953585 523498
821105 471955
97548 756173
228740 414791
18230 635743
868135 270474
213933 996555
312119 252963
227535 700107
662453 80744
214372 185489
544567 933817
89325 947008
723328 584521
954055 196044
388294 848723
142812 93186
564829 413015
444138 315910
588842 637385
836844 552625
590309 30022
365540 173099
104072 968101
598758 126364
817179 854665
459880 609567
596025 841173
516391 725716
289119 590879
790644 453548
274851 332964
751374 659936
363686 69317
273414 388705
883639 536020
213806 60020
141604 470699
648830 262772
940402 151560
730 788482
342303 242503
426226 780985
444201 916328
803782 76386
197000 32356
902290 941709
228136 688045
408325 393660
158303 686845
973881 579263
696962 458485
182408 975100
233880 143091
347707 319219
430948 523310
622339 961885
323534 341901
281599 606157
407706 873522
315205 476195
267265 886808
455961 639298
266920 545928
439480 955405
795760 453222
605841 376100
82134 378765
400539 967996
9389 566632
304053 285674
165269 876994
394523 730091
703652 106814
854099 822519
874559 881821
947216 545912
777954 575506
747870 264581
750752 586441
172270 531744
273091 8003
664327 693586
677917 223001
524160 169563
958893 307973
186314 896176
102282 221293
705643 683076
428475 271757
673795 594445
703346 62551
725116 222164
275789 221127
462832 638375
500351 752452
337785 907588
794768 240353
166513 948999
325057 761189
11683 833023
913886 331350
361558 733706
807454 861912
545027 576620
592135 128209
864912 327097
520002 671591
842687 509141
894176 160381
764115 969811
209723 329437
171191 799116
589452 843412
738881 66306
162423 562991
611317 703396
740197 874220
992529 465484
24085 365951
882033 303381
30891 192199
393469 208490
19027 378002
536778 323555
263747 268745
517707 678680
347767 445025
281015 433366
216625 828109
535498 411730
695528 543837
192014 421529
993868 844352
275896 352051
489733 967441
69786 50593
192560 46672
970709 677314
21456 252167
833010 284831
126445 427199
778100 780144
152915 256734
927902 446365
622026 455564
789950 728507
577776 250249
540468 924787
223863 781640
952761 178858
91602 932035
850814 438779
393852 225961
441220 529698
788603 410551
316822 927927
502624 823632
786825 626378
597247 720974
949989 985294
477672 882284
808701 528973
62713 92801
56598 133828
839719 673717
668638 533978
667223 311900
378147 538655
697995 492361
259813 341477
226395 652880
619889 848676
43249 285686
157730 414544
862593 331943
236215 845886
707329 60531
799487 133045
41411 564910
852074 83959
360330 306880
58070 902564
920034 280083
714931 666793
772849 146182
347132 97421
578618 732892
687456 508007
40878 320131
727237 68958
195957 829062
182161 784227
629434 89519
576351 347950
183606 401412
585253 709506
904992 522873
618499 743884
936990 868677
826645 885463
266993 128051
218113 450182
687639 356967
788783 289587
762336 305969
136015 623005
161717 743076
975549 330032
616634 487552
284773 344632
129850 756754
498225 221955
443370 748030
343618 246423
363903 72381
630452 874833
665396 981568
674566 782395
48075 477818
149654 96354
165888 763281
273902 752323
406873 484597
440509 124871
676895 703906
857562 993314
298454 855002
742619 307216
148664 331363
388717 868634
839907 670244
982315 758151
407190 415586
389614 237648
897505 465412
312598 758802
678177 213287
114355 717879
979038 760383
533744 236725
506424 54816
815265 948340
769313 439418
524972 100634
636973 634455
838972 349494
429461 588534
810942 976085
697518 757035
616116 390357
441000 515697
136507 517211
186694 93463
803345 624679
624665 932613
819686 11928
314529 691106
835596 128519
148605 506698
555074 12652
155966 272185
171436 796419
864626 783734
81622 97859
750912 455325
383919 839747
310892 468061
833289 689890
125762 214196
918613 300943
525121 495010
388051 69250
793119 888992
356345 796184
433082 206832
800712 847896
271552 334729
132751 90297
280424 206009
451216 903376
335068 511971
311910 174413
29941 450141
184571 377266
807091 441062
959847 31422
131739 286772
780667 600965
72256 862626
409792 440246
445364 611405
7235 440547
837746 550169
228345 864068
923703 511
856948 955043
917250 650169
26761 790797
927486 857954
591649 51830
979486 392011
535706 999118
117980 395041
269747 499108
284051 183335
680936 792820
388140 448205
379881 994009
286771 455500
196310 152693
116469 270978
581565 640495
549730 757314
813453 913574
487026 916303
895278 762266
37669 621132
504197 968372
670112 66708
150768 503153
625899 480134
993651 707394
543105 672295
459785 549512
694957 21596
841087 805076
949215 961693
110957 93093
796223 817830
146230 567730
540442 256274
979237 930262
892365 749679
646847 405384
160450 314183
130111 108611
111515 828708
581003 722882
468798 623676
310296 851403
245404 769512
529641 969386
777653 784329
90132 374683
124730 471354
644473 519369
12156 158412
526430 360766
100177 93698
180374 353493
837056 346377
708179 971034
449363 819906
159969 632244
993074 970952
652774 893506
283166 153308
53021 845962
766654 709644
836909 95134
40820 326045
996529 547533
656765 305158
508975 801858
117915 215207
19142 553070
684812 482552
470074 728661
925269 231281
512287 263443
168400 460246
533543 85524
807732 764600
515188 908890
447971 823246
549083 491270
252337 760869
771086 517281
317362 506090
568972 491687
512728 264438
464050 740629
767521 119035
808612 1642
977981 547828
863372 991480
605912 635672
106416 431613
392664 581999
374848 236101
886068 380196
267722 379034
10730 48415
353620 972845
848191 299028
973448 469004
825049 25813
343150 848690
444644 48515
989682 742737
339012 758469
92301 213712
803769 590420
577963 736572
51555 564782
447305 610581
874348 576244
893641 187615
553974 514372
712308 802365
864260 312755
791329 425506
942933 871656
695269 800520
480764 430551
243824 841004
273768 108270
20140 833733
581906 680136
264844 459777
373807 756252
809857 460366
905137 531861
651860 315515
30529 527810
435825 954234
371671 633439
259741 208623
690969 160921
795289 321465
472299 395114
104674 978159
594933 22126
853962 69405
324853 98369
212920 997176
948954 246278
690728 846483
347764 227694
11168 488764
112944 152185
61413 973532
915017 361458
435180 766510
340379 785350
261852 898673
557314 410419
419254 108586
612792 316842
891944 658378
393116 181609
580094 175392
263835 322601
981566 920729
162981 647746
701595 864206
313255 697187
396687 667119
931694 640860
716979 824291
176329 511032
480704 506971
392896 732283
271799 122791
564063 312153
171713 233014
333189 157273
635240 505370
769234 594360
645417 639588
23062 272473
142791 666572
886049 187480
382190 56558
438342 251051
89844 9434
446585 101118
255294 979386
84151 173645
249156 679661
262569 199660
913851 413098
630871 818346
144283 217297
660152 832288
177056 366691
627273 72204
312236 814327
98933 908355
348732 977044
830931 132731
626562 348834
27209 478615
518561 265033
167063 292485
768735 204604
645270 43423
658515 421876
749214 599347
426433 29785
716070 726894
71399 903676
990026 961822
581968 388682
532405 18926
742155 28478
548136 942202
251112 424783
565282 28910
859046 637765
840587 73139
678256 598783
585012 994174
782419 995797
773219 656366
583716 14877
86130 177132
878959 725102
452817 303431
314848 189647
5574 998169
23592 147254
345212 139925
261756 410149
342097 214860
196813 414421
629115 972590
449649 320968
790852 612
202400 831591
320398 522630
451060 130577
400887 41526
1632 843866
877181 425488
504289 724063
29053 882519
782543 430278
763760 395134
840037 604250
927016 191327
59347 893036
433676 853385
380493 414872
119486 485276
475233 599180
160958 189943
26549 400167
988535 591203
360433 576604
121061 894816
187792 124663
461897 522752
23541 536131
685543 821591
395944 470335
717340 279409
495000 3487
709253 805877
844225 87497
927698 397494
210537 884962
812066 260434
572082 938576
160201 386298
347104 97970
340413 516926
544841 248881
840169 646801
308628 565073
72808 104310
612444 3732
954924 703115
322705 814235
850156 342320
492083 146017
837732 983757
744433 887733
639478 839185
512353 648982
434877 879401
791211 838700
658365 240276
801958 9083
677754 138237
819943 156849
613364 366255
235060 565440
765405 780354
491519 785157
693391 738203
32267 476193
65302 966572
453969 975200
202120 545793
387271 427822
880961 309945
425103 346165
844271 920283
915272 538892
243901 103097
370900 695060
642110 317525
173617 236418
408661 795788
158500 4703
308340 228340
99423 68926
11338 687272
246880 170137
20653 948751
467105 750201
667132 687701
467381 580673
911766 639275
574352 117885
351816 514641
916819 600669
730624 561883
195187 338654
916449 553810
481678 483396
597063 647996
611130 917061
894516 505798
208103 902333
463269 598097
17963 807735
141275 361087
713376 415609
59232 468174
36785 973750
785458 250084
773438 651194
628407 488022
584084 446837
451231 364738
735957 666857
760112 29545
632434 268531
793243 621370
28540 490714
595280 283404
62608 839570
85637 487637
592243 836020
104293 340472
906584 346906
702008 511161
513871 61733
938288 906771
367357 827789
286102 624865
535209 219043
546057 482610
16534 188102
620239 2328
110307 835417
566 171284
819333 102640
650359 344514
57267 417305
878700 495744
365822 731096
321443 693561
976098 956144
591506 94073
829453 961363
529303 673262
164609 895857
397771 836400
85361 808110
625434 122721
297366 788578
586226 221559
939567 449822
557089 876555
983353 693215
254084 388160
927127 254248
230953 964729
695003 45673
690009 813009
255052 25169
993465 794382
928197 774491
422862 622275
987869 498515
736559 912229
886429 242623
192498 1898
234922 884545
592448 508466
825585 835297
251249 342124
820816 278826
230846 589180
654565 227822
659480 954030
524724 471451
423629 35771
715807 45900
761512 521712
348651 137951
96111 831090
146640 398185
915315 869553
736443 234994
642552 708239
824726 380151
235576 91919
408934 827388
439611 487562
760324 819221
835240 999371
345773 881673
773137 271470
972690 815658
447963 426563
856794 265292
113204 487103
400425 686143
871285 109934
371922 368197
495883 567151
547109 801233
943474 47450
23044 774575
945378 613960
161655 361366
40480 273473
952415 512462
590150 668720
937300 468394
900889 988451
986107 875445
658233 441886
317877 753108
84676 944826
954494 490532
227723 889436
421681 87547
275971 53052
765841 182036
766680 120846
493965 521805
211796 277002
159675 459742
683044 306039
153017 243181
175549 89186
329692 339553
69405 255259
920149 938082
340597 110336
538844 632156
886949 126622
20718 207940
192157 854709
421059 351116
745192 163728
44770 749875
534583 538256
730784 472172
375005 589651
174043 641799
993002 712681
609292 488426
967800 105823
74237 587321
373759 153565
846135 384134
249526 939078
112240 709995
399275 192075
321642 144605
716630 991029
607133 370950
526089 911385
154892 893629
360166 594686
991366 386999
892308 556367
488708 976685
146410 529509
345859 199987
159392 759592
945199 45038
439565 883953
909380 743383
406881 45860
932265 152837
623447 46962
457270 909696
623376 439114
413380 917345
54795 350643
575171 71983
765475 323823
159787 48250
709107 923318
477436 439635
399548 243407
640927 888726
492470 362690
568323 700588
599088 688562
558396 839108
241131 979372
316873 374592
218468 706769
400705 136152
800677 845144
843038 206314
703638 12170
254227 603301
289259 103585
654318 938884
489150 66200
89151 119599
3671 408563
248581 521664
413480 8008
439068 77756
797084 210483
858676 594058
801491 990577
784255 658701
627028 337370
921944 680633
514217 994099
125651 537943
109659 782439
957950 736912
809737 38039
475576 791066
754472 786336
974342 747117
823108 889460
171948 60611
597802 697710
56313 763061
943522 148895
811711 248075
18815 825348
918898 255907
743851 801505
899775 765904
379927 247991
62641 555235
330636 320746
470332 879315
346791 989724
216354 544551
117957 155595
960057 962121
69077 823191
343149 35511
470557 549507
810242 954495
442079 662757
612799 657969
29164 398944
252638 642219
211359 160225
267773 194132
157487 297132
735182 174454
590019 38456
173472 490295
431803 487717
721956 431523
313788 201880
891657 944687
585390 869060
113580 117239
436081 569473
827871 665765
621904 485447
430776 69026
241659 290404
397607 6728
182505 446762
489073 101979
539794 576278
270372 774861
788486 196314
521938 778527
986687 991452
117875 705926
772957 541703
477546 4512
449882 371281
804339 844342
69379 775323
556549 47933
141367 178245
526448 23472
301861 817018
430983 267369
846368 234027
706762 821600
126965 272312
505186 271971
387727 862098
347197 590551
821044 862333
77756 91630
92930 232714
97911 437247
895096 601359
568141 532375
770461 110773
286849 228490
641454 396789
10040 235772
173898 706900
672367 804647
922655 738435
477004 766122
922529 344118
475306 760404
671309 401682
543549 394746
22727 535994
620061 775520
678097 414768
48148 612960
323994 33143
270216 173296
722087 107157
436821 627403
960569 840109
985251 8177
131726 957419
569326 660719
361534 156687
962575 653375
450128 833493
645134 704409
506084 633678
301639 83481
926856 925912
610756 3804
65450 710796
286868 32992
348004 153237
826128 442010
471928 118301
775135 970101
214395 361384
9800 753276
520888 239494
992358 400574
978472 932950
573358 559678
708851 46948
261699 254203
305604 353817
67752 885152
613818 724486
117066 965154
227735 743014
252594 939429
797000 180200
346587 138499
789698 582910
39898 39055
615705 386906
487785 493905
267129 240846
720395 737792
736861 510718
376973 143668
309138 427335
65773 853438
338411 150801
360296 43906
582189 285814
900142 683508
569774 147506
348080 411158
681612 99777
824662 41451
133496 940480
846123 170276
363061 60640
244865 110829
399746 218849
269598 441657
856061 250582
489136 686163
582230 688350
658980 343186
220032 504162
649599 51743
158041 304130
509772 908515
809809 82484
604715 897688
15466 742444
965599 305361
348255 326937
793311 165622
502414 640493
962438 312399
876482 69771
186602 155859
495777 404686
990597 359494
884462 512793
993320 686693
432607 91410
18892 76088
521115 321997
127512 977281
425059 624062
778146 82558
855761 672830
115812 750591
784733 850810
317620 354492
181642 477435
459014 86525
747119 957398
997547 505650
255837 919358
463226 814405
55039 940514
968791 119543
467344 112616
757674 709518
642410 716327
321964 2085
570688 431154
402214 608914
869253 827440
543099 703490
528254 906507
662905 488822
200403 177889
985623 633207
290769 6658
605977 939808
935113 344111
597031 163088
925862 923423
1298 122556
223658 769609
149285 219843
875081 826635
269080 403667
695876 344799
518657 501149
687712 203664
733601 296304
14256 782323
362881 470145
888803 633084
576932 860287
2190 869502
203884 142023
311187 366651
251870 528313
493898 99927
974677 635827
679194 664528
201154 265362
349870 544557
333193 140437
494014 513361
67215 55175
233975 804113
831246 50301
227120 258507
282109 531734
328757 984168
126326 637020
237833 318951
11976 975765
365266 944658
960046 463098
33489 497438
204770 558207
765688 340110
599988 176877
811801 356528
493967 307294
370609 142534
838277 577824
44464 699930
207422 192257
886359 509279
487776 214643
378071 444466
760923 320301
362139 16816
266804 194112
369497 407784
358604 579657
899923 63568
857024 619504
861205 15629
652140 241955
515788 47470
139784 99369
426331 408682
69414 250696
732264 743073
301377 974316
831710 359228
71542 727058
411198 82987
799651 240981
199180 82398
83275 642240
590440 147720
234114 182808
661965 124383
764576 402459
115473 444163
79770 480906
191764 36142
486628 786633
277733 180624
500820 270910
123723 115223
677335 872484
281939 368703
779288 749139
220614 609484
421083 837252
903487 717401
71702 917652
633917 30883
555651 708650
759055 269596
751064 95087
181066 866749
522955 380195
958264 485516
420809 353430
114090 62434
976633 752313
409507 661512
305034 251079
791271 380225
65105 715872
284319 539102
749191 927762
116579 506347
429427 992085
53257 928813
338644 418340
634361 941362
878723 561905
884472 862138
215962 581187
430087 93931
481934 315946
774587 868062
14180 813038
957607 659559
957488 268932
502861 770768
225481 128344
846017 213650
421558 726671
458681 289160
950464 695747
849772 889521
16156 523509
678722 530544
233263 345173
445904 57546
712163 886552
14969 719281
980170 398724
66466 813966
509245 204933
353315 318111
293670 408392
67312 401181
412727 938761
521823 947236
133656 660737
260460 920183
973527 867692
740754 774872
632735 521111
465955 821295
723440 349350
884510 90669
858042 246713
542588 931855
730544 258563
839903 794891
861268 831238
446021 794718
32428 805357
537323 932646
426301 566291
161399 36827
350332 865550
200858 5854
340023 177965
140746 662111
215884 480816
875853 335587
202810 628138
93932 710225
993607 80520
344008 239322
516682 184470
408362 657936
453599 92912
249501 185749
438617 196737
804815 355703
978906 493041
420420 53566
320172 174598
895713 955080
582707 862614
739999 984788
128637 414270
376718 267676
145666 731968
861935 521940
403490 28498
587541 312816
143079 736822
257892 855171
891401 467834
585455 788078
177745 673686
983461 358114
982142 331440
738381 231994
703597 225317
143631 971799
649495 947550
744659 563574
606769 446610
828051 170368
277122 777097
736160 225872
513719 564526
801080 694545
71070 935955
302540 873701
827939 820443
895000 125283
823520 481235
177305 49498
535468 74390
154532 113279
852159 109401
226395 800502
680693 345001
152509 219092
257340 733712
821958 424701
251106 149886
150864 660996
495864 952987
944912 65477
104226 933344
358739 586093
303290 916861
503694 924006
791951 566465
214873 85059
789844 517024
478810 311490
121640 999241
907851 634721
962726 166130
177716 422151
847738 870287
180000 43461
107409 385407
704224 750918
331333 819094
695465 521976
424505 764439
616012 479545
587910 803986
906535 167656
199505 737057
882675 571915
523422 233004
752136 374605
83298 556286
814957 790910
325510 932532
723463 798484
453002 137971
42423 1456
414041 676381
187913 507089
918220 884725
840175 482322
419495 507258
216924 828567
343978 119047
42607 782242
444789 976965
336329 889112
867993 265865
230758 590795
916953 560161
113926 701227
300801 768028
890996 644553
880365 660775
723838 809954
2534 724067
948825 317801
760993 955328
771766 480352
561965 249126
802968 442840
908827 929698
992459 821821
482384 295010
906022 723311
710405 606232
438148 159648
279365 44451
452087 400216
254003 455698
820856 607957
768164 909727
650187 935511
995974 22369
52128 885782
461095 205320
193061 760750
154378 240710
943121 791320
109308 565921
941177 686199
85406 92526
147747 322024
320654 511197
843186 754968
62501 212442
726683 813346
56547 155063
965333 210041
228590 50841
453522 100678
569193 532911
555126 89391
656446 39976
747767 893369
988243 4639
82624 206156
362871 207127
310260 869107
72183 991585
112854 664933
533441 535678
167536 646993
721175 370511
180199 288464
738640 694498
125272 3392
720259 610120
494266 934037
927791 638229
907499 228910
153137 71039
190749 17305
267368 589933
664086 169453
678310 897021
172708 792124
877971 561129
515330 452526
474997 876908
567357 466919
833638 942933
160795 35572
714085 601470
974600 755007
527390 378367
155687 67711
444250 998047
203113 168880
432592 452438
666890 797280
56334 485698
479545 727958
253871 221001
945235 275943
48199 776740
333265 122013
577873 481931
69349 538126
76029 301608
470442 441688
215869 269931
942348 910885
913100 394453
566277 152180
470344 464343
987984 378560
404090 861884
797967 770207
580397 263945
945644 169654
962168 161640
947093 701378
126810 988578
217586 614433
165525 336074
785275 123125
693223 995916
893625 605705
738229 497303
728907 530910
951891 489411
321582 376099
47586 180166
442677 913735
31060 76301
507187 772555
144219 728150
634867 280110
216131 819933
156302 429392
114764 761124
312333 849668
758243 664273
901150 136519
763010 751927
317152 49777
819100 844187
569372 762456
307703 936036
472487 950706
120511 585867
8719 299649
331747 185368
590878 764971
427542 687350
487421 494075
695394 680702
795231 437328
644663 333958
690047 305880
854181 129346
286290 442109
578349 267110
96545 583740
819068 952651
558003 841595
421245 39820
64923 12610
844936 152795
696921 599891
492425 894428
697725 927098
952033 713383
102940 170436
608893 719199
19270 699112
207975 104616
994171 711295
964978 646494
937633 584535
527906 919454
397455 645411
714420 89736
263418 334049
894548 704348
956487 134339
350660 940859
538894 75322
867710 507580
812611 925844
375999 623413
566855 955075
202423 947679
293090 990993
979536 345689
983581 6485
767410 340010
83335 444464
680087 401868
563750 599861
581614 904993
17831 465310
464858 812885
300106 289504
630176 835767
99895 740447
485723 558327
588648 233352
325220 849866
44561 528324
538640 117841
521043 770691
185193 890498
565008 479875
738205 764972
366415 589368
113003 30128
28503 263231
661961 675414
58744 601701
426058 730279
533385 932463
517123 522300
851260 196835
492393 344980
865824 731199
365534 841594
653874 829994
302743 88244
636685 795962
164564 289345
422139 754203
369269 621492
929583 576306
599612 498646
312862 801924
791120 313256
587921 131250
897516 30039
254572 864199
821436 984977
887094 50279
300333 566378
923863 381378
258277 555635
542372 852506
498426 956217
792994 420578
866782 111675
601569 911635
609138 203950
900692 348855
672699 711881
530061 883010
990135 204807
113685 416380
894647 625203
579743 188575
691484 992670
730306 609574
92985 223548
706058 38080
48529 399746
564 909970
291132 694831
134114 286422
436671 383283
536125 77061
709448 181894
921053 914826
209609 745813
430938 12799
122048 218460
49689 704073
185205 546926
417991 576090
444482 261733
207607 815164
152199 927228
249436 431790
352458 354040
608094 690470
745433 536089
721903 203061
790649 828834
846101 806220
470563 783186
499573 172252
56614 482170
92780 994655
82818 613831
528142 924029
525271 778422
46217 494591
569917 846667
897277 910271
893766 798256
751183 741946
157972 147064
747549 362511
700579 969910
853815 824761
187980 21553
430961 77386
974674 130078
167160 205356
14767 248679
968855 255703
284998 475971
159871 720217
114419 337747
79275 466306
887533 104923
81599 508902
201170 576095
359864 220129
469212 295905
183843 690276
903339 709110
586454 919990
737821 653418
953875 607993
791685 723903
604936 300383
11780 63135
200325 864876
771755 717541
5912 899376
136933 61190
847609 992281
513958 19143
266637 16570
203911 891943
487842 376705
81962 422063
407229 663746
710040 415602
48822 422119
954850 182875
37680 776609
352542 4323
678035 950900
612755 181837
75465 116789
654628 56771
485130 416115
576701 468728
465051 943558
840236 950020
8646 505025
38810 714904
331206 677162
399741 553985
499006 550244
239862 3936
623856 785371
627957 239058
981165 196064
620564 624535
862073 977355
873418 415519
85400 311948
313294 995754
265281 876913
908140 38589
965881 880526
223790 859034
768080 508944
59748 79048
632858 845863
345948 602937
183261 943536
334716 798116
744719 633360
118161 564365
702351 334270
39109 257158
192283 622816
329802 112258
898061 269425
743557 95308
816875 359218
886718 192481
749064 75864
539841 102421
896306 480000
657090 559732
531379 637469
551075 457501
305042 419290
709613 437325
121674 744089
103476 897430
810482 204561
292812 730035
807684 46098
481668 835577
218245 187732
253363 823603
948806 706149
981123 824692
49197 30992
92732 863802
998174 527729
660116 72795
759631 950679
170108 976467
680175 896835
875539 198775
444520 187735
374640 75997
589312 700791
858270 268370
314381 496417
931736 467157
292693 236828
574533 47591
705171 423540
852003 861953
126528 231305
235733 764186
488060 962332
131659 611274
695642 752130
436657 353949
410553 897079
50440 349511
591043 218850
25807 626816
127347 39077
820850 515574
872122 694294
952995 846852
390189 193599
199685 312384
11981 705092
720859 985762
812925 910030
218352 374905
83043 110567
284679 991136
391216 386282
989503 961054
947278 642714
167786 556993
880359 48969
64576 462706
493708 228792
232921 921130
231 952842
411650 745394
973414 678421
190729 700447
138570 573280
381797 290813
981752 908635
407949 789133
853532 274997
830787 186607
898113 414285
451778 426657
634341 511491
192518 914258
521630 921025
349189 522204
799383 132514
394634 927449
965580 926210
555026 84212
412236 43896
193728 392655
535290 121264
761023 160312
383267 815638
253347 138393
175222 45666
6168 513019
304244 804673
600213 309750
588254 452708
369861 565919
77241 977793
241963 32778
385413 180053
417177 159123
332299 447829
967502 1789
773360 518587
925676 604705
185074 738347
100230 83826
550308 234806
287941 784903
266031 299952
982318 925660
2125 232613
645892 1000
439079 466804
126844 165749
704813 297236
478137 827501
980556 318305
735411 348398
162868 992558
533409 803185
507546 586216
349390 785702
630565 706806
15429 209750
12475 121676
907548 725847
410529 176748
17521 470095
651501 728584
830977 545156
586642 887050
501135 61952
144857 416772
446567 660743
970628 831948
432254 250170
830458 778209
437912 807836
588927 733326
516134 312919
54925 858037
386180 27896
361625 655236
67901 17682
139066 963534
944253 410297
709807 618866
463361 333472
79455 88438
845325 792956
701537 704740
592265 134241
803411 317238
792961 970192
421331 522797
327311 209456
738106 290111
309207 566240
754423 751486
129096 484824
610093 760109
891389 634040
570780 535131
654157 619830
804018 607753
109760 475233
381700 673563
138467 670669
779215 397060
20578 340016
586318 946357
883049 667424
612137 758518
199071 963799
984552 302572
427527 284253
297853 793353
928461 488679
970815 989303
553522 241954
15243 912825
80304 638038
230439 342598
322465 501630
172316 778673
772457 589137
491659 902712
307881 470784
42695 95291
569710 593856
784385 224421
480371 74158
182496 386765
273055 598848
973171 862421
435819 891508
937290 713991
889121 567859
554986 330329
819310 554059
616045 927961
367869 537273
130160 897716
339382 495705
285471 50994
244736 492987
769882 711687
682604 626535
62184 728046
921829 382158
883378 199827
9915 47833
800634 292758
10178 868174
541225 321429
101499 772299
541344 571438
626057 944870
426584 719831
208503 140075
188566 358535
957590 113615
147958 122470
804768 470772
13019 359291
720036 920408
956162 701627
205685 517208
76951 208244
243869 169760
700406 235487
447488 38265
210184 252387
883202 757052
53223 782851
180604 194434
238230 262668
736647 541849
940781 920033
340849 624152
622880 165345
417495 259713
114688 574979
148622 988844
644699 305469
118090 667791
166498 929297
806883 923025
381545 616406
373456 202292
873503 275408
727090 130103
897730 265053
457506 616873
297472 306293
300673 489140
14696 413203
251771 714535
844169 649175
6271 140721
692422 281256
151636 830869
273526 626371
70125 808945
531402 436280
736384 380260
51000 428077
340995 50163
552692 644899
841985 618974
651490 542463
529680 693656
58212 637032
548426 318435
287034 650397
817205 465016
514849 401821
531108 670071
34367 476024
83149 156999
768908 773278
543350 572150
183691 219653
275451 902705
656175 556957
976221 915860
68263 668966
294536 239195
943694 196519
172382 840819
298801 940657
359163 529061
187869 546992
331270 671273
541005 874684
754431 836581
297003 280499
711903 516660
223177 728929
386036 216314
647063 714512
422863 310550
672164 47230
940120 942749
749658 630523
181694 100471
104406 549757
112362 82816
818472 401831
106570 514073
265612 205777
236401 681586
665863 621317
663263 361985
165705 129974
402838 849651
580310 643841
322721 667277
877261 227511
179674 624742
877120 256415
75591 34224
482257 594373
318530 338399
151172 859420
102015 292395
38875 541756
554449 638056
608114 977104
395795 622047
206155 567629
105551 837564
66520 387572
109685 769341
880541 592818
104354 382084
468299 497984
165103 296186
941947 298902
736393 587867
662214 753754
247474 214947
523237 482247
144355 392872
567704 684958
746333 620754
689248 453233
845113 181759
436281 724013
546488 877413
498695 803316
409316 539872
955633 551630
846433 284808
208558 768092
572546 963488
561223 214800
441531 521087
346773 810920
913331 360830
866426 836964
886206 616506
758817 939312
248522 220511
219216 118995
480368 988608
142183 754543
250025 599462
476794 371314
431779 59897
714422 371073
169936 165823
642894 880230
780860 921438
85836 202779
700173 558800
851950 602943
245978 144255
506105 380950
723531 788899
988717 405149
605882 611313
277248 610383
570530 83608
886611 153323
84750 964834
966274 931044
21015 527577
474469 921023
84283 916681
387247 783319
901055 557599
605876 620377
491280 135801
110767 430750
673123 994110
897221 306305
232193 349167
626321 312302
526060 912246
855938 179276
116210 122046
26951 906193
292289 96078
272791 299844
338564 370406
972566 53339
601384 608113
859971 365451
694190 598676
674914 705999
831076 848407
648541 744875
136543 749743
920654 575174
142935 508470
317378 464049
500609 240910
985579 148606
577730 508951
216448 163491
55234 287772
638073 569097
792269 646777
440461 73230
291213 912965
322134 487465
312147 669803
872516 153144
781845 963510
630427 672771
766829 979905
48603 933778
569190 364320
236979 259546
993935 801611
768447 391369
998460 947749
997007 219378
33985 198350
167743 249079
199540 85209
229073 815241
81421 605315
66467 947783
507628 716532
863237 608880
767846 363593
104044 280076
687474 991717
989263 642084
150755 777853
727837 829790
988924 49077
334948 189905
572785 938775
774457 240519
45896 450680
547527 268617
746211 429669
73880 519010
910769 997807
296528 779682
40453 967981
132865 797687
687563 67859
337848 422606
78857 876705
710147 909253
237609 224416
520574 249775
25515 837095
227065 725782
957366 516597
755569 187105
309289 541555
74217 444870
38712 854805
419690 344108
537919 548279
395654 571000
834787 250009
499536 392690
196353 991967
799583 810475
939580 395082
753394 515940
764504 988822
492193 402930
264773 970429
622650 948271
903818 641081
841798 463511
707455 105324
72383 483260
294009 583349
815595 599897
868436 382176
694862 650607
155604 267826
194300 679961
613018 444549
703673 733179
799303 262451
210213 652665
269711 95158
509471 248305
851301 79615
441045 649208
816327 161822
936989 767760
216554 628856
691779 460253
420530 931632
431870 992405
408456 861075
703887 525921
17518 842823
482832 961056
468614 228380
777572 376934
524710 257082
418282 249414
274496 775555
188850 855201
746535 859666
902855 571867
142402 946324
980024 595750
751825 492324
629150 840326
774935 155920
498011 449820
442618 858990
288982 81090
353666 45085
547259 453015
143949 272775
788632 659986
98283 656006
747765 934732
497116 964157
115932 665590
367148 367020
292045 784570
572629 736062
673298 250902
703353 895897
682937 7054
244137 337197
229096 970746
980197 127127
130013 221519
39480 504886
317144 666611
926447 864228
285233 786177
665905 522042
541561 939494
587463 939457
383146 25563
954677 39382
174661 996798
854333 633761
419381 346496
615397 905695
982354 126969
68738 325570
591635 363697
491726 387938
27777 248959
124200 60377
937977 578679
695607 834443
462013 60043
280352 206735
879005 504548
949050 706494
950188 589612
790103 455874
235793 124498
535636 881316
216126 352230
813923 306458
338727 152830
668958 599627
947611 687592
683555 46135
589976 389020
242266 778186
518858 748948
557928 155386
775879 30498
521418 944397
757486 565845
725102 943053
238105 381163
464301 276371
844093 557260
689044 405629
402977 639471
387211 439185
51340 725467
525914 747524
826649 552567
967419 855351
932290 933115
959445 222645
885248 264019
543221 177733
474580 291472
148977 202542
233537 409707
130292 165367
200887 484580
720015 479814
983802 10053
987132 274448
600497 322888
339553 998729
141157 392580
839114 670422
7683 649470
889278 343292
692824 190900
470006 835569
662892 96314
906329 250616
721311 844472
234822 187770
444902 993215
379888 673918
351395 698136
593574 93340
813219 870534
479663 481163
313608 990953
932676 895703
779883 498083
671495 773564
737969 883637
948244 970511
686836 501605
86438 141592
859604 549196
324318 980004
173360 400594
19305 954838
25436 263702
216812 359878
489862 829629
899029 25232
671867 654921
184255 61871
41896 647257
177241 516456
557058 427375
850041 981794
976779 887788
794406 822083
586437 731009
327239 524917
149028 913845
301635 303745
821605 267945
335963 766174
528449 234643
950727 129432
716531 553619
503171 563658
319222 783568
762284 868699
547894 157120
833061 188691
234247 645076
261812 108102
590126 985703
104386 454656
571334 591510
128353 124438
364292 519696
664353 942716
690310 80134
740666 154930
773549 403178
27846 785856
810890 223786
436967 255256
883834 411796
631496 421937
257108 8176
402746 533038
517253 902580
313884 981815
566218 703296
164913 85412
209896 583597
522610 325099
416227 565284
529804 245479
537213 979476
828455 180228
377637 702041
895765 589562
904569 878085
719544 891416
614047 357182
585063 587093
404358 250565
460551 437737
331270 103033
44070 80283
432527 34349
624612 812823
307627 899248
46833 655141
272654 874224
290165 332652
402042 506267
982004 431481
220405 668094
173982 397195
849934 409434
479040 422290
488446 506099
219367 383514
909935 113965
416743 652301
878047 886379
647596 301300
19061 644106
128161 102267
282536 251212
30763 303066
967602 36464
416058 301730
719400 674584
846251 329385
491669 571466
707806 25354
227025 151282
88566 326551
276688 598041
707354 289932
897977 281521
191735 25901
804294 845722
505118 624529
346021 322552
107887 370683
592379 492952
332514 906120
470721 405220
123515 834268
843991 770271
562737 739691
843635 317428
444637 331797
599100 103854
732493 318629
620046 668104
74482 497731
409410 262022
455806 487401
835717 856181
287703 364443
164090 359502
124221 664104
957982 908348
834539 190950
963292 958866
449232 815834
358846 22548
969664 590052
235482 378008
526731 79732
883608 243295
897839 513044
101712 418812
215015 186545
529983 635995
990743 812115
813946 61790
680155 742006
263991 374820
743700 393822
993235 957266
925230 832317
280211 484500
312106 815442
474708 918027
717723 923554
37464 330807
306066 126531
548786 855509
46412 29265
961683 399790
204184 601854
957231 866182
919928 30871
832258 509753
38537 532345
468970 706794
6136 9482
70874 419256
44602 514904
658670 12501
8292 276169
122620 27901
324779 210865
899751 1805
535722 984821
380656 306499
254719 129617
785128 531737
551872 59573
853613 444390
388827 967147
99420 26694
213608 385515
632834 321167
508977 248552
970495 802073
584408 407237
140940 802352
939551 593779
991666 189259
231790 691619
983869 295877
731266 139163
912341 988075
23503 553851
476843 375471
152671 48491
701766 748650
805115 811307
291504 650118
792971 84598
614310 714142
991284 300248
135304 624738
22632 684085
921809 346830
149851 746697
702352 146669
66261 358188
250113 899323
950678 440498
870530 475389
896038 952292
114938 78890
540827 93282
889026 709015
282947 103911
188996 970652
327445 933955
342595 692222
435211 720672
990864 339119
107903 776694
87505 263782
913158 257267
220825 827804
46619 445948
855853 435761
553298 63063
54997 115565
439175 572231
536695 501414
163071 968063
999094 396161
332681 69188
537134 502350
296451 74946
511915 644106
886474 937533
245484 684619
978488 517038
375061 770193
279792 570305
928868 63000
481445 889047
54004 104188
452038 823620
13900 298966
405666 884115
212992 983449
860925 899910
701224 372382
788215 565959
336120 729653
777993 483674
816444 180267
402062 691687
81550 865412
604837 894308
537929 315050
941224 796802
360350 423146
394228 178544
249798 431629
954164 780043
317437 313180
445606 90511
644973 248677
583587 303104
352554 791486
301218 130151
283058 369914
855797 756781
877650 54549
765511 999459
994281 312091
721685 945317
770560 853255
952216 122350
783797 424493
131750 898715
902719 625968
867129 564693
707367 981548
190410 50735
659962 947976
401196 285318
121640 885846
233006 120451
724033 577109
996264 326672
339557 96108
567829 138490
946644 146413
371427 34944
119412 813777
723165 661330
389796 840941
741462 185800
318829 845394
549019 888388
513947 447824
363287 787240
635773 349853
553218 961337
273245 730736
667955 324339
954842 872896
583200 182163
189910 310245
656658 153985
174530 732649
495076 849274
233997 209815
102985 42461
62078 765910
599087 169532
917438 378344
710841 326955
839179 750325
565088 631683
197716 507327
87767 113246
450888 124381
647617 530059
482012 156813
121048 98473
999406 221660
25875 498111
867692 702924
320000 481574
488114 670745
924965 442539
223995 15667
834833 573908
766701 589156
304637 206284
144434 582873
857694 205834
244616 220626
109816 993910
1422 380123
431455 524035
434095 717044
253996 946776
167547 816711
246730 889642
398948 899977
534388 602964
293911 558752
692235 578063
753947 196493
196703 420654
487952 350140
589248 210134
894152 439964
459509 562933
267251 864348
411588 718133
269715 432440
919171 676401
180166 344755
51008 297655
855415 47165
562004 529826
19628 76468
679925 425593
566781 874762
150222 629461
591486 764774
368386 686253
420423 217084
389494 309004
748380 991665
524555 443243
667231 148197
834858 633329
897139 807780
826488 442545
876116 180659
359973 459181
906755 933074
460791 980147
56142 874949
763200 484986
78012 373328
289063 445732
867878 320101
474695 706970
589031 913682
473483 497642
96012 255293
102834 483185
227028 781844
236003 208154
953797 138857
332768 179410
148136 37901
194244 953684
358439 424069
941727 470533
376434 400542
970387 931016
195500 484023
341980 245626
898358 844503
396819 962995
566725 679025
865868 863537
571360 970123
717279 440833
835136 326525
585898 165953
23696 805415
52880 835610
937286 775788
961463 569847
161458 463428
598183 458997
427708 838502
516454 980205
140183 654043
789544 343742
759264 688855
87716 578467
230958 664918
831369 804053
435106 888952
6505 419468
605665 897486
162280 254853
461896 106245
779899 939247
555003 127855
347523 269412
635243 217740
769801 244386
214198 166562
862499 71188
254864 528504
512716 839989
329425 348721
89628 43748
633804 707741
104888 84823
763921 961963
49526 262561
51347 20255
779399 621296
885444 375773
701497 354759
420058 8751
487759 427033
196493 906643
405069 313746
48655 361779
856049 930033
269183 108815
934156 815519
871354 335467
100028 182607
615548 486461
289878 475390
853077 435614
937798 592979
456952 16154
233835 698157
731900 38543
507512 985287
318311 905793
267122 107220
106156 194859
563603 627204
22824 783476
651266 403639
738879 268042
137968 430088
841407 418382
434226 643714
402476 193872
459919 573282
322826 991052
31337 614786
56493 860628
277146 86519
480357 275184
581192 500539
824151 250047
788817 215226
1115 23821
732281 515506
488841 29614
703585 218461
693801 962921
11273 400283
630115 913122
862176 80592
360549 542883
643688 535623
140153 96227
363394 881736
573471 520864
486871 382906
89440 767315
766498 902407
62897 871720
910516 494823
54580 935711
784606 36847
614491 191632
506453 811951
480692 528322
13828 272349
459985 100123
744488 739797
397344 174262
458942 660275
420216 497808
476976 944882
408009 194978
601220 896610
268507 521949
275370 698454
819571 64309
699487 502097
919345 153866
119762 894698
125317 902386
673816 895303
51308 97147
468346 392333
133154 932603
615620 466680
269494 270444
847657 367474
61640 323845
210252 780601
904511 205855
559150 785054
904113 563120
772297 610296
696211 966565
655990 690655
629557 159906
337451 394374
28300 476477
936374 981891
258449 507033
962544 768497
957418 904810
110934 856053
760419 543750
810403 615565
892375 641551
251975 89458
417116 407202
333544 178677
42907 403650
259430 267020
321581 258272
849145 850080
415708 940771
751780 880108
832773 773087
178705 372151
298229 358162
798132 774001
235714 527021
864096 241592
82553 203981
468437 543659
526448 917228
698756 352924
616881 396734
206444 751855
263646 236682
550553 31656
179192 531877
785608 302748
119211 914743
115326 745067
146245 927585
725837 368344
885755 306921
41933 35196
609965 300996
74124 496119
857839 610313
943545 613322
944019 898848
915570 509648
983919 528070
396792 786749
93089 297085
596457 721769
209239 69992
895305 394351
17002 858148
548572 694469
269218 184312
589707 342153
775756 431579
720338 874632
940273 576841
53545 271530
142837 875101
46576 907647
997114 496550
734319 193975
906515 411405
912278 883179
279323 295575
732630 226144
907479 318359
512804 491854
263888 693108
112913 701849
973994 967999
581007 623080
411858 721166
923620 942770
751165 189985
285422 883724
662457 194057
656586 242286
278846 441824
652681 900412
745525 406762
980738 984178
977295 291851
637526 86973
939528 642822
72985 496016
763523 834503
945125 923197
605694 254835
879519 781215
222420 409484
369058 829380
115047 635753
228799 968049
289693 263324
255039 709880
326367 112949
767919 403712
809744 685803
302255 765006
494124 383693
661710 619743
374979 74778
882258 789945
820916 862979
753666 306925
148617 461645
547226 272814
272313 129461
789566 46859
156466 675752
374160 226620
643906 617644
512610 602681
726318 91371
509662 663044
593058 622053
173779 556921
330281 426090
833808 713325
983868 464225
230021 847336
94885 587246
554248 479976
884291 701384
480062 749741
668995 143931
232687 62741
983242 29318
269421 57426
753357 195194
224527 911575
138481 858071
192702 407665
592261 520368
757235 424433
329780 746458
159786 295499
33195 560994
356856 177971
722835 778335
860863 2752
32705 971928
458103 710243
185015 873828
791767 563507
614058 177983
567738 381049
139988 82670
466323 734970
129684 836296
254623 484940
907810 343479
593039 290804
403960 474839
664790 539677
748130 274949
581815 510877
717809 155022
127361 57745
54894 539521
110250 447739
920229 121533
3784 85618
89359 698020
85284 45396
876251 331784
214382 804162
111820 960284
750569 331495
109767 905733
350428 306825
580732 397383
896375 578319
214979 222045
52073 878020
703572 604633
652757 984917
705930 183650
775123 200246
535086 718635
74882 890132
630186 721217
204895 585691
541449 407639
642885 231013
576120 704404
907965 897307
975446 206081
573012 758484
378563 109865
261053 279979
418238 974689
967909 651458
56460 991830
517531 960362
683496 11780
441590 219555
411711 554811
955605 862004
519994 871782
570107 403977
336960 860756
599675 953717
763261 542513
702322 464981
747790 949632
43377 440590
87008 256048
907144 21851
62248 432099
784682 644310
966216 360792
992322 183481
890108 511870
478613 687310
905620 105146
534276 633222
494523 176113
122839 506996
395114 446616
632319 334202
189548 943803
278458 971632
915722 601246
973894 134362
573307 267123
678325 264186
646817 425704
382174 277217
585030 392091
75737 294711
307540 592927
68828 739217
693375 336306
704512 849842
474019 31173
627889 218925
647030 42585
290377 665681
559684 607150
150292 317106
273975 560943
476811 479022
348322 307186
40476 551177
104093 449320
50032 119018
278290 383321
243376 271096
634479 61430
89625 533334
441413 386041
875788 718661
106230 226592
174681 112675
48650 656930
975359 291429
674506 444779
379817 870028
829076 971022
739601 562862
383624 868668
275865 376955
389487 519291
38488 212910
876088 147484
352595 109235
25758 404466
130514 518449
729482 216763
488529 397526
415117 196144
642124 496896
573141 130439
397177 300878
419336 447818
408606 905014
425492 958582
916424 839043
754057 88020
974311 789452
876463 618646
949869 142688
690590 798471
977380 951690
485455 1386
110190 844871
482069 514629
594501 505096
938128 101805
749651 343359
282608 570773
976225 642697
970577 19947
338675 396251
770108 439579
859847 144881
875377 96915
446455 433072
764561 241454
893333 849858
511160 403653
773498 210265
721466 696699
403387 744116
324805 387741
522130 275037
56117 34381
585643 340817
199311 880706
660686 889892
556836 183480
425872 677346
238319 377324
60600 352792
387947 661867
137082 88724
280625 35491
766174 301068
492995 59553
638519 420712
105348 214023
766631 642260
72349 750169
533504 589576
837063 765916
633157 81687
349825 523943
749965 895883
169082 558405
563164 808355
973266 315780
285977 474474
440660 163737
318695 169581
53010 848837
360585 388865
269001 701005
612993 770003
693848 463112
327828 606579
488959 648618
982842 651181
379570 842200
828888 354101
506813 647482
415083 369452
98190 746468
317638 292091
233500 647148
190555 820169
120121 915901
541435 873707
427554 187492
970899 157097
277981 480121
862194 488801
66853 367086
62630 699866
292092 716088
873545 354795
752474 713506
868474 900405
810032 756467
59339 183103
117869 543071
329724 531338
154534 811822
293602 753902
641478 256522
197212 772559
778236 692188
240878 632557
748990 582742
222851 904849
46392 138784
53744 501288
150801 110223
4966 863778
597857 132015
287945 204012
683963 406773
102897 155010
968957 714897
253434 775849
706050 859290
119168 29933
761058 342942
686301 607926
137807 11702
26124 405080
634628 524458
604803 167425
818609 959568
263321 936767
589751 798914
721923 215614
299459 609938
188202 506124
782387 238199
296300 856468
146785 25526
491350 993180
844011 781957
495945 490756
490670 637527
409679 232907
568702 877525
398023 904009
330226 672120
123505 849631
625606 113540
215587 217554
784829 158029
998160 239414
914154 841343
901577 335814
212212 673463
984416 289238
163655 792596
569787 875074
659202 702237
752720 357973
941470 371355
997325 610795
998120 479635
152263 271976
105925 936804
389805 796678
405781 643010
281461 997227
501746 419353
830652 742518
781373 753096
475036 378731
941734 819941
14911 609041
790495 993133
144165 772921
113432 50947
451266 74161
283621 252402
50318 229223
653517 826772
839924 341680
932727 807791
977384 155368
434305 609410
296571 714103
406278 896169
377695 551401
233957 476273
886064 486028
796653 477833
621133 506505
810671 637625
745147 817741
692658 225778
386397 823784
833060 533772
474987 108815
6730 785120
276498 141882
278461 920758
392466 331511
82668 407125
413574 530230
733516 133586
167800 879405
690041 830635
810912 826240
385088 351684
78444 448443
128378 127240
430121 607856
709514 259771
216639 896574
515831 531088
742616 400649
20672 678085
801030 974611
530445 396650
194706 44432
556859 972907
904184 259023
573761 632049
4095 415826
971089 153207
720898 329871
368851 862187
808503 122674
964511 981810
995310 337243
340871 809200
238011 788202
896808 56680
684645 432453
443172 688985
881862 894878
468951 727968
612162 839637
909042 579551
979720 839108
735484 789528
734665 991977
103663 238174
248587 658655
143094 205912
705062 874226
896622 736658
950560 75329
48694 67354
653561 308809
948986 29172
17891 241159
833479 311228
7822 87203
395281 276842
578447 714970
563663 142312
670989 147123
216784 848227
846967 845087
290484 116192
851317 859279
845997 488369
572534 121890
587746 792039
257830 220690
762994 549157
162779 309428
498703 982741
205612 369357
232386 509989
860538 544299
4713 13135
808431 774224
99550 912797
969900 179113
666488 2904
997157 341418
244037 168708
501631 392603
124726 8861
734409 836866
997688 902841
751061 90382
389490 954618
897092 218058
253487 265240
314256 409755
533238 288224
367301 784514
540714 239367
831036 209954
17398 8978
533108 595327
608633 924055
636095 524140
780791 973531
408377 902834
818345 972362
176978 668067
441086 977350
138013 950049
376083 92531
54578 356426
85050 365604
562130 209086
429203 812626
475095 880671
666882 839567
888976 42938
550125 864503
7897 128939
953050 894556
241664 542301
328289 218181
29226 433020
159140 865378
227021 585467
592975 993382
221975 110044
696616 594145
88683 474078
28319 704078
24190 591897
561286 461807
125460 406285
618886 170619
266578 411328
944604 6692
121899 804296
407873 310327
808283 416120
344292 753340
154835 469635
101398 396712
643700 384828
67373 329173
42293 944269
968314 760668
132266 869914
202897 192463
297984 578380
474861 191802
545885 581329
562191 89329
55326 27706
542516 514471
877242 230219
589972 927536
91757 847579
494025 806742
648942 85536
158354 949613
737318 890920
877162 66468
726746 552339
701323 619978
363167 112498
723002 19611
984297 784990
156562 850035
568603 386377
33233 949458
413587 562826
435086 242448
492076 562224
644568 325728
826255 797002
776546 893468
494603 461988
713655 736541
560490 626638
639796 685414
79651 45175
284242 492772
611950 318190
435863 754448
499600 204862
175614 179039
661771 858957
907366 139085
662029 718463
889991 94240
615447 836772
549400 370475
134038 242953
997656 962171
517361 487631
147594 996306
109389 376809
350852 382596
462772 128266
222270 323931
966867 741889
60830 93846
201752 582216
156395 459318
790184 723269
237187 781023
731797 513185
901495 376446
966989 415366
292371 194065
706627 210982
217786 155174
527679 573260
708400 343504
810993 390217
409410 978747
603812 579269
136062 67598
909661 92091
206606 143249
227557 897325
328222 274357
48480 453790
973650 707661
861925 190210
540572 782113
32491 371306
713054 184038
441017 479385
720989 109086
958509 194908
623858 365817
384885 121041
755610 409095
301834 455438
668681 65796
51260 712950
477144 162311
295809 472522
479392 205440
87451 603593
651584 285478
341124 595129
568713 215474
347726 902288
578487 416769
952886 378468
804832 708288
220069 335488
730942 941032
315976 140452
451171 890720
145663 486138
197646 982993
158446 482801
447385 925817
575147 736303
109775 66324
804687 663451
997674 255134
827992 40709
586013 803006
565926 325739
294932 122880
275535 222048
219273 146810
247505 573726
10965 796246
486885 234332
565696 615357
729038 735974
529544 91102
422531 772152
626169 231204
609795 340847
321584 84109
266891 321451
673953 168281
880442 798364
718340 999732
8437 380137
732698 987593
53977 236204
96208 361833
749275 718100
528210 784464
894519 4559
34617 725775
577763 484949
73456 189617
890797 71590
923541 815377
301417 13976
155656 291333
656623 586858
890230 602024
41331 181073
860782 355511
939250 327630
501044 969306
317196 556694
674537 609428
126339 8323
163372 423839
739470 470246
862761 94561
452089 605574
867219 8819
275330 871757
3563 8243
7155 896976
344370 391145
47862 700271
931456 225378
506359 660201
238525 275902
829284 987127
979451 235002
909275 823549
744777 107853
776850 831397
25519 856356
878228 535270
941848 818396
863406 743474
548626 594312
644822 888634
326211 359122
962435 678341
108670 706328
520 386367
296359 904438
604245 858652
331881 34924
851168 736227
590533 289079
308525 477442
428491 626300
660587 172872
912188 858815
299237 341503
461628 926235
900957 826785
397371 304401
564229 246978
276261 52099
392162 947285
523022 706693
473510 257715
412753 125710
63035 701799
44138 831679
265764 900359
354674 652551
414233 404079
785267 937494
132234 177010
804370 534718
675204 133085
878785 325502
742621 781827
628286 40226
111185 757611
57573 616040
146585 3776
546211 221435
479242 519343
582318 189505
765444 302596
480862 83223
384324 926337
746653 491700
672089 504579
120051 591802
120246 30517
806203 477331
190286 797895
389303 581240
112741 169426
508067 171756
988003 381088
945454 539844
71204 897544
817246 9330
469517 581423
305393 720280
861873 831360
410511 283959
283123 597644
242607 701790
184924 117016
965251 405566
289068 236224
347496 529350
966446 839428
88539 673471
972703 927318
258492 438510
918383 183063
811955 943529
606723 439060
554539 350023
697974 314979
93420 578635
825980 241487
988348 6467
884949 250858
463448 535789
335576 139418
193294 481679
959017 829296
552026 321858
583302 214649
608190 545804
870642 113233
257257 664133
120187 11687
736245 446814
842941 709190
323559 638432
632815 775743
861100 776972
376899 814189
378262 66253
327306 828746
898075 961926
314820 249408
469228 92011
434111 217001
858271 700915
483610 789093
469980 843857
52340 309700
804478 443901
470083 858146
204381 913292
636179 166255
920089 137788
329383 129029
208903 154908
226371 375906
509108 494822
585059 94507
978731 231243
643680 971885
755228 559743
850051 957484
558195 353943
623752 210129
391197 726220
940002 45727
401688 447712
365351 485900
89395 48219
825054 301927
224495 255044
865815 573588
371191 185003
859992 990778
79259 461692
451766 950235
467407 885314
416604 67522
102080 995612
796178 450167
327962 499121
700360 321058
101926 803655
666030 741919
774538 921355
877632 57684
440310 751016
900786 471619
331128 127745
329715 386623
745485 972251
101057 269244
627930 353230
448685 733735
940300 573970
128330 322830
329787 813358
387302 701142
434447 997524
437749 324407
462623 240948
962194 962291
448330 517487
815806 895349
392114 645255
645158 23566
362647 657858
401339 404602
612457 182705
243915 820365
392445 290518
14861 11694
889910 907466
462506 705133
69202 271198
889653 962996
409331 824523
103812 381529
425468 598666
649607 769297
343565 387028
184030 35795
418658 849758
73984 554482
715777 439543
311052 44782
982584 731528
834365 489226
129437 576831
257166 330344
319183 924157
666280 781397
968022 100170
786734 418551
44347 414915
699760 23312
559389 897950
850960 325183
852057 608415
943000 445839
457046 637424
439862 671554
902836 966155
128222 206161
548182 286059
973885 667045
297818 969267
609089 705369
370456 410345
26214 932965
360896 948957
217436 118065
650897 582509
367226 751629
786618 421593
22802 219097
732466 105278
34485 505225
643359 160913
947 445084
766827 794644
939870 867351
886715 414260
510789 921146
517187 699315
526219 529802
507767 747113
112301 256726
910237 58972
84995 582242
277720 183796
209927 175443
684237 435652
644435 452476
583145 579894
273449 532977
431482 230240
291525 736965
396301 887723
643512 77308
978254 338845
188472 890827
80498 713917
149616 462331
196940 210364
930698 672923
715607 493505
237661 640672
414237 202681
365154 45293
520245 612541
636526 423363
463259 570237
44961 916086
956739 429987
173577 881117
529014 565674
552985 528511
194607 975036
484905 468409
745909 781027
132172 455357
414819 883543
81056 954887
359457 498593
49115 169587
949210 525592
650078 663555
601183 120854
558652 745823
829822 177811
82425 49709
112714 935616
118006 298876
548173 890308
788810 239960
552687 992560
475234 55447
860448 727740
700067 360972
555137 988029
651644 649594
796643 857610
211573 35215
832525 167698
508603 641888
134454 847967
725747 909821
327962 552505
983869 795200
738040 78365
973891 596919
931654 98341
774066 145877
68026 873385
773030 325379
72561 152811
890237 275031
364954 849299
652203 761454
20349 900878
121698 810149
403326 459647
939488 250687
123528 581040
542800 400022
948014 72982
42248 597779
508191 624259
617827 813067
503837 587850
381447 993005
937102 510580
297947 888640
99276 831457
213754 445519
570732 975338
244235 194143
452278 154543
955088 14122
954489 134962
196088 435828
476808 302178
461125 826784
375527 507957
121975 501167
834006 62841
578515 443788
938065 401484
222520 855492
247703 484037
160811 336490
817406 855672
650140 81544
269557 323146
817655 643183
812096 95449
189961 964084
103216 96902
639590 126986
894469 557191
302607 328521
741903 126231
527184 466052
823987 688868
301979 73825
389705 392388
461553 650087
425087 515549
489278 897644
490994 38439
910124 255657
212521 569443
357542 87003
443196 631788
672803 36422
391129 938383
558363 501211
642712 815547
12079 876560
496652 682860
649167 445038
260505 662118
840985 203430
734165 38505
13137 583121
182698 917728
204501 835808
845468 707221
305614 385320
654385 474632
386123 235161
425709 967262
564241 42591
566614 693278
197515 734944
205896 151925
908706 418672
827957 344144
3481 446399
705914 705844
518039 844118
839958 365985
876014 174324
290280 443147
88044 641812
549907 601505
212518 282474
932682 402151
729848 800976
320832 377491
193848 728207
673604 488915
202737 907823
924444 622841
603127 903898
116079 734484
713657 642786
710776 54821
457562 411224
632077 674167
493075 847592
703522 379402
480212 11527
41498 518335
276153 200979
86484 396075
121473 64230
138522 961805
320113 999148
561937 638978
732048 170402
445206 623172
365115 761261
252584 452824
89753 984229
30543 615237
278877 279005
202968 968
555446 765914
137259 663501
153374 631119
886589 324920
990062 676241
170149 558585
611661 673754
398958 634371
338631 383012
19983 766199
77317 558765
954940 745232
596139 757800
823206 303821
596794 377279
690326 212860
978841 238058
292067 938830
680229 482358
420946 866599
719724 669162
27625 139310
257018 490806
29449 363808
890604 234716
76235 512887
171251 934915
882623 729021
644699 936085
55229 26419
583693 191584
815736 7911
707359 446194
19576 366561
482246 538089
850257 100735
809848 317492
160745 75688
190 275370
510802 263963
348721 294235
934706 553142
814231 753453
16200 372372
548793 96208
481699 63591
41782 672401
613184 429371
801814 28700
562891 667605
23690 401408
575681 542493
530423 728364
170510 83855
68507 748277
542687 253540
986660 98368
906169 249536
709493 486478
354368 707302
916486 769193
651281 326956
687780 495688
337842 611343
381752 318887
454348 601722
84915 461921
882309 60398
886038 478507
347714 895569
443897 975707
815971 867496
878310 321275
74352 458145
524253 421642
751167 136979
708728 639521
416864 664578
689214 698067
885585 835689
418706 267485
288449 589431
236654 425669
536005 874947
875789 690329
846887 614303
11812 844220
254857 561786
805088 702774
98929 696916
927785 565359
397885 38223
465865 118058
383882 201713
691180 432953
487456 67909
467898 980320
304001 658319
763679 261801
150382 448771
411098 981928
290446 119590
532709 405828
148437 53101
18569 877289
141517 165310
675795 612889
622170 837396
339444 538832
679037 223145
374293 542781
88572 947858
795623 145782
690827 174920
733568 388401
637753 677665
663990 210426
590656 55437
958269 769314
42381 510071
630254 72686
817218 205085
499335 41026
753198 692292
96431 614120
848922 314386
558023 901190
12252 701531
998417 690852
274484 784792
102027 688091
527072 576349
94422 948747
408384 363893
452238 471090
217312 306722
234802 747360
977771 850800
13089 207971
405249 138902
271397 215800
720857 943233
832346 856404
860317 210917
690033 795643
765370 821018
376666 289805
189451 760030
73831 128706
91193 113093
829219 549239
732286 8283
588440 696857
432 697263
198195 770514
768468 878565
535752 581926
432269 10941
761038 575234
420048 66353
698325 95424
267967 159270
747426 635060
634058 906133
856713 382866
167854 657893
722530 704428
571537 195184
75920 144654
334712 468800
322140 159931
468193 425957
393922 735244
450241 270670
936841 505208
679239 118292
966556 862161
349494 730214
295276 1070
236819 883247
291679 353205
607795 953338
185752 749689
81136 251342
929648 990944
339278 800237
132016 582111
224787 697453
373533 81851
138335 31584
510967 747047
432263 363414
579871 622458
383698 691858
382376 83665
380443 152562
900560 808062
819028 864022
586341 661861
926435 266337
965522 907685
711135 720889
514712 718583
31798 614356
188116 41890
408795 977551
188250 605935
87302 798657
72952 500714
395826 743912
515360 207810
293091 949022
216776 686106
187954 710111
9157 725192
84597 760267
208749 858917
860617 174170
763594 547261
739844 541103
140004 695476
219447 49439
211462 821338
234059 602665
671069 915237
479640 203527
598878 691384
555667 720058
628996 267557
796677 908001
388860 96619
402879 616762
907848 914917
934629 629901
824293 172537
91538 444810
567428 396028
550250 614489
257062 53078
128813 800016
813316 849311
834119 803418
857701 640819
922509 433601
145910 281458
545433 912501
762642 13748
24808 878398
733625 737913
106630 203711
27301 564853
300335 700275
470611 397319
949014 578260
822406 874104
863880 177629
487844 624189
601341 769185
987746 959075
446521 769839
424896 266535
387669 459957
444446 208345
200804 193237
242523 464622
196315 246236
487658 450740
627614 964094
534325 466977
462544 965870
885349 522034
196612 260997
728138 974406
236906 363106
863547 482214
300560 693641
44367 588415
496654 962647
950283 997190
597783 352954
995959 560108
487716 836216
71007 799224
747361 119735
793795 276189
647420 938508
201750 801530
932783 545690
541311 935987
596237 766033
35750 645758
173103 703168
284288 338371
843402 905563
170482 979544
927059 625747
960001 758137
884967 94615
998954 12631
412755 916663
297844 258868
465863 539397
42959 456864
867560 31321
895885 734082
340792 380140
932483 640761
80971 341012
232486 798632
948119 774508
181634 909672
701726 479115
937524 814237
122259 335721
303227 758794
552445 868102
688229 649259
836636 556852
816214 504535
186540 835763
706799 67821
496342 868138
224671 992071
677782 493967
512177 859459
218445 899660
923903 276277
762450 274472
820029 705589
947595 590269
840061 941686
612799 981706
166071 94526
867440 395748
741853 241937
288313 922946
85598 232915
330721 39638
652817 878151
315687 971029
412642 229648
501192 758084
155464 500323
826798 650844
801087 957207
522777 787030
257990 924079
951882 542583
228767 708980
444110 803026
219807 897063
249767 661091
783942 197865
199989 872528
312155 83348
617170 135952
419409 586061
429509 294465
