702 1 2595
673807 132022 1
767843 2048 1
789152 745499 1
375698 159340 1
308921 336277 1
804356 680669 1
178751 814713 1
770810 870453 1
482079 805535 1
663970 486602 1
800781 555890 1
785451 733455 1
944870 969401 1
25020 198733 1
108889 804636 1
164283 975820 1
731327 794584 1
619809 652440 1
293989 107846 1
96722 351328 1
474481 707782 1
777897 441770 1
454058 964826 1
23244 480918 1
191964 994242 1
16806 140925 1
735761 491848 1
240818 437024 1
18770 618195 1
306753 792704 1
905521 779949 1
801955 109682 1
371222 350141 1
274527 77471 1
896025 228779 1
636632 900507 1
105885 874796 1
246118 832870 1
14308 670972 1
152895 825691 1
681435 870157 1
600660 397028 1
759907 714180 1
93353 99679 1
345195 734398 1
762355 439538 1
546534 214105 1
526311 797188 1
884586 395047 1
64349 945136 1
320270 714527 1
74204 760135 1
924408 818211 1
121432 640249 1
326257 625822 1
566451 228542 1
147534 148462 1
125117 450193 1
303795 37782 1
220366 168839 1
373120 362269 1
180783 279680 1
928372 710239 1
431746 485475 1
243285 756039 1
61732 238725 1
960391 609406 1
133513 72395 1
597384 756732 1
448088 386539 1
271755 535525 1
200908 286094 1
446885 764237 1
316048 614569 1
229069 125132 1
115321 337369 1
301417 886379 1
823217 779801 1
10848 883339 1
407902 155427 1
925848 858634 1
667401 757154 1
315738 285974 1
813957 440225 1
147124 950615 1
738999 73383 1
7217 167718 1
581058 827373 1
982042 862683 1
43282 856964 1
22576 701773 1
461043 787446 1
974041 973879 1
270718 758885 1
607052 715560 1
639154 83145 1
99797 840271 1
348391 25134 1
454723 517648 1
670424 50149 1
737006 588085 1
406413 329120 1
817791 160906 1
854699 308234 1
432125 898791 1
594928 610674 1
770279 16801 1
149311 367258 1
268865 861445 1
296216 426360 1
212461 734850 1
649449 421129 1
743847 256327 1
162100 44344 1
810483 449661 1
960870 472383 1
332440 492716 1
594966 575250 1
328985 335304 1
18430 572964 1
419804 658369 1
201342 290310 1
797035 503976 1
988574 448283 1
146817 410665 1
894060 388771 1
355202 212530 1
19822 312670 1
385972 960504 1
821926 446714 1
955730 792851 1
596377 261882 1
201490 358070 1
352305 569499 1
937962 316394 1
454375 957418 1
116358 115044 1
69629 401961 1
579934 521045 1
533600 168393 1
64467 998784 1
318313 461717 1
250200 686888 1
50445 579070 1
229513 437180 1
259063 216887 1
687826 602037 1
323147 973382 1
477545 521893 1
21939 127309 1
741865 473376 1
331913 110944 1
908509 153521 1
941518 732525 1
604586 846933 1
7583 338566 1
552743 143840 1
352931 371242 1
604491 430527 1
314112 870933 1
176756 574442 1
248336 707181 1
194537 993063 1
101156 420722 1
683416 256536 1
155271 944058 1
951516 444205 1
702058 981611 1
65015 177049 1
21182 321405 1
929381 647772 1
520662 401941 1
339506 521265 1
467416 807013 1
167741 817107 1
424963 83540 1
276144 918565 1
730838 977709 1
546622 422412 1
159170 429289 1
935943 632571 1
530209 679112 1
702489 900389 1
23966 824212 1
50254 139562 1
69120 36920 1
166911 181490 1
502480 600748 1
79527 230308 1
990746 760804 1
372578 824187 1
842727 754801 1
649976 179017 1
787753 128593 1
237776 432496 1
86921 536678 1
134575 309290 1
985188 645710 1
52468 740669 1
854587 784009 1
243150 886946 1
390465 756355 1
27820 253422 1
82834 204603 1
468777 636416 1
451435 293797 1
129606 149130 1
378789 816716 1
706109 378300 1
89517 239989 1
112218 532085 1
633778 319126 1
8630 20857 1
558279 659185 1
813489 967914 1
193261 891911 1
773188 662885 1
19355 554044 1
628644 282084 1
328913 389136 1
963346 444511 1
682006 918173 1
458055 643727 1
933514 814628 1
62310 988860 1
924456 562744 1
26230 188212 1
896832 492562 1
918077 632337 1
170098 378297 1
337882 738108 1
299265 489310 1
438877 674060 1
198079 407089 1
316791 651813 1
896826 637532 1
172444 317066 1
812116 538427 1
418674 163127 1
837655 591033 1
62978 327823 1
342273 46133 1
210262 137568 1
822443 404604 1
768225 433727 1
192769 628538 1
338966 163553 1
23824 789665 1
964592 540815 1
158838 366985 1
336040 583927 1
100347 15576 1
403269 16437 1
103371 545430 1
494184 665844 1
77680 807811 1
276819 726931 1
335441 967717 1
342129 139744 1
908399 331377 1
688690 731504 1
765261 426166 1
574881 244888 1
756232 714014 1
18381 794935 1
261758 16831 1
186005 934500 1
1204 173191 1
795917 420877 1
513020 712949 1
655123 381861 1
214424 257847 1
297805 97595 1
388503 143355 1
215396 933418 1
186124 660707 1
392351 300286 1
289561 892882 1
643968 724316 1
669824 808146 1
929761 183824 1
834218 765065 1
983980 652715 1
877365 61680 1
369074 690175 1
605401 728256 1
871213 97551 1
704779 770411 1
501708 726973 1
639231 851445 1
900192 564129 1
633957 307331 1
258735 142704 1
880820 185970 1
322150 868676 1
205762 434154 1
982289 200108 1
465721 491253 1
373289 172278 1
458050 761030 1
292578 895999 1
712209 37892 1
389586 531624 1
603404 534165 1
279951 845966 1
773350 452524 1
339779 812262 1
554201 147537 1
530813 689074 1
518513 919646 1
869342 234398 1
370419 901400 1
332311 503619 1
514007 457547 1
444964 847102 1
702120 701771 1
644251 215721 1
312152 513372 1
127211 808390 1
554315 288780 1
974139 723943 1
366128 137187 1
97427 782241 1
422221 327815 1
502881 324572 1
736166 783451 1
878794 190588 1
503650 237773 1
521065 976319 1
327612 74018 1
409802 307050 1
94962 449825 1
639311 880135 1
424778 239855 1
322675 70568 1
764471 485023 1
578422 865590 1
583333 59953 1
866404 820650 1
300636 525344 1
983698 933612 1
169871 44188 1
816559 693437 1
978597 597133 1
957846 858551 1
155316 396085 1
711504 229067 1
555541 984709 1
665928 917999 1
815461 54381 1
41575 806939 1
164547 184633 1
160862 444273 1
646114 345030 1
973951 39710 1
452214 454919 1
743022 387791 1
48388 320586 1
811780 513134 1
199319 934529 1
709158 818169 1
488391 488836 1
346480 904727 1
984648 112631 1
129307 753418 1
533853 288958 1
583918 255401 1
122769 702527 1
815101 763604 1
26016 503037 1
444844 894641 1
327486 967702 1
872473 546014 1
161723 351905 1
130970 583815 1
307082 274936 1
685101 138935 1
677126 521712 1
392597 25189 1
793723 329813 1
764086 374575 1
338425 548364 1
429977 752423 1
533727 726046 1
491753 904537 1
135119 158587 1
550002 712921 1
211289 15033 1
622030 165214 1
300339 14528 1
646515 495787 1
435705 369495 1
700892 518837 1
40723 198635 1
954978 438311 1
868459 894872 1
782759 831122 1
138734 415731 1
639609 766055 1
334188 851666 1
340686 572356 1
197415 394955 1
819305 477494 1
882438 538924 1
871324 59273 1
982998 718862 1
518749 501395 1
432195 195340 1
233340 552989 1
188048 776667 1
755491 961911 1
781703 227800 1
176904 274509 1
98021 251935 1
548292 476973 1
448542 954094 1
957243 182691 1
546156 743438 1
465944 679946 1
569246 635105 1
92415 598245 1
11030 590270 1
722549 581273 1
757418 62149 1
378607 376898 1
358252 831904 1
560698 945439 1
562644 139846 1
266081 905428 1
977910 876407 1
985840 764671 1
146538 902899 1
2943 234217 1
622217 486680 1
978548 831219 1
101484 799095 1
462451 775139 1
384102 218753 1
979116 199699 1
39573 887889 1
988235 19074 1
130210 991706 1
407045 632133 1
638043 70751 1
564807 165383 1
208132 830354 1
483825 540526 1
846157 504315 1
345334 389070 1
936246 922395 1
913424 743261 1
450797 907099 1
857628 858453 1
532436 484495 1
865314 589081 1
413382 785123 1
642717 89455 1
883549 358565 1
857015 941290 1
97840 912309 1
193981 453802 1
920007 645770 1
304681 263665 1
716320 471947 1
405633 818808 1
459719 321632 1
734123 699339 1
1772 511430 1
878515 534924 1
870410 274556 1
48958 390380 1
220507 336355 1
67650 836214 1
120548 778140 1
187950 820733 1
149225 713249 1
934122 645322 1
727939 3975 1
385673 205874 1
471133 177059 1
770319 47886 1
827935 947003 1
465966 714780 1
318140 363917 1
493187 104256 1
999451 556915 1
190270 358289 1
398315 976040 1
722160 439670 1
911405 289172 1
419524 298303 1
956557 431698 1
205294 942107 1
176919 208481 1
391414 661722 1
147696 561628 1
393163 403967 1
856800 190203 1
38346 564753 1
336607 83845 1
210233 673675 1
875192 369031 1
137849 126653 1
137883 240808 1
15650 924265 1
370789 752376 1
546308 261931 1
292648 541893 1
979989 760901 1
355390 56668 1
810283 694034 1
515725 588135 1
152000 897929 1
281332 373104 1
741872 640136 1
388006 670757 1
836328 558618 1
305853 56740 1
917655 920694 1
452015 735827 1
727611 26114 1
274437 115594 1
255278 565518 1
527342 428350 1
694450 238978 1
858172 534668 1
631805 408136 1
543568 97992 1
109132 872493 1
487042 305707 1
40715 221104 1
661751 137413 1
769132 695232 1
478035 872988 1
931809 850839 1
774162 289864 1
594034 507993 1
919600 913128 1
478992 880605 1
383920 445942 1
663861 696764 1
17139 283963 1
327945 678723 1
518476 9317 1
562780 563080 1
296315 167440 1
595709 604991 1
847987 196746 1
938503 241987 1
101881 676595 1
955759 482082 1
735375 994724 1
91013 655453 1
924741 93798 1
504123 952812 1
963756 759319 1
379900 900072 1
490399 579874 1
886003 694701 1
387695 814167 1
932860 710368 1
584557 256559 1
950074 554210 1
436479 990337 1
459972 72868 1
631847 153359 1
199455 369026 1
533941 125034 1
694102 985532 1
323013 256768 1
177065 408537 1
543711 540406 1
469864 542187 1
790298 48847 1
554750 742726 1
394975 163965 1
862326 738749 1
428932 741065 1
761621 657771 1
382586 110648 1
171890 476580 1
842745 306676 1
531777 977681 1
86404 714907 1
891403 394054 1
797636 525631 1
403038 999425 1
71393 5505 1
769443 623492 1
380503 105694 1
792890 219909 1
729064 808587 1
281225 838969 1
428819 312615 1
972167 810700 1
863009 860153 1
605389 514025 1
587404 706723 1
665107 546479 1
608924 51457 1
230067 863838 1
58668 306248 1
634144 949431 1
408067 593125 1
276258 925441 1
398895 356722 1
890171 67043 1
285878 197461 1
164405 956305 1
758125 880550 1
52146 611668 1
528797 665196 1
330260 984498 1
168135 982880 1
953093 321092 1
704368 833815 1
332912 269228 1
933166 96207 1
455769 615081 1
846074 676187 1
896411 354664 1
149887 14461 1
304790 750162 1
487719 340777 1
311773 181644 1
983464 372692 1
827137 467325 1
62699 411609 1
924290 430101 1
276426 895824 1
680896 550409 1
103227 227444 1
257904 284767 1
909121 700155 1
875242 745133 1
889939 325146 1
771020 102566 1
872554 641384 1
302803 251862 1
475611 441531 1
626577 187209 1
290523 122250 1
976473 208530 1
594321 215565 1
188084 637134 1
38789 946851 1
928573 378115 1
823533 745140 1
755364 716691 1
602950 112757 1
117486 144280 1
580456 161093 1
378910 714206 1
805256 943862 1
543203 763438 1
885162 983525 1
244498 751988 1
174313 765344 1
519385 541019 1
572226 293498 1
112042 39403 1
445068 629548 1
62271 465111 1
371403 56749 1
288486 78549 1
137015 636760 1
629670 488790 1
700144 971255 1
402718 144266 1
911327 759337 1
87307 479862 1
142699 844819 1
318027 615188 1
745362 547287 1
729288 488091 1
52893 574038 1
754644 791778 1
408259 246939 1
758576 364187 1
88998 696408 1
322140 691868 1
905602 323959 1
694655 920091 1
221911 849471 1
538027 937962 1
823365 902919 1
353141 778394 1
724364 501994 1
615081 171959 1
195665 775067 1
154825 484296 1
859735 802966 1
83016 265158 1
455566 266140 1
302186 8031 1
958017 243326 1
402869 210939 1
565525 235602 1
79193 53889 1
626575 746331 1
933503 258409 1
682885 25829 1
382058 411645
202339 866745
143995 472746
214363 208425
173633 126833
279134 773186
393417 249570
802408 609767
849959 908987
212679 979634
572515 295774
874411 616267
69881 19174
287210 135431
167023 741017
960385 550488
815521 356301
244049 868210
337214 823706
65030 907484
867020 517432
368050 313222
616756 772733
541185 941782
69932 267277
698130 625170
870511 384239
504455 146317
637332 2386
444407 204946
326695 181491
722037 476488
967781 955952
198570 346747
351469 133572
463089 502329
69920 660241
727986 995111
883467 947978
30226 542300
756861 773318
727893 83260
646770 256476
195854 965696
992078 187866
298477 366193
86821 995273
726213 934720
22384 593556
602296 194660
197160 972075
318997 809264
965452 734209
952439 549083
686208 664855
401672 341457
245039 880994
67733 402748
834922 173566
594179 709926
529180 495776
590917 32559
80958 589163
883999 756933
390309 681121
236238 154477
794050 151701
586300 369474
992658 487909
734124 38728
379619 829161
49323 163199
536743 936125
927850 188090
788670 972929
153095 865957
879 814091
719969 408074
74375 517682
481566 401952
308674 948926
656843 995944
465942 787728
629786 631574
780253 712888
316066 971620
267556 251273
877437 21797
13747 129343
427463 907546
66919 613550
581110 900463
796140 377166
523051 304590
518693 204974
493775 350190
270918 400129
240928 743675
34708 57429
973848 562993
50573 609939
672864 411806
24611 813407
78304 638993
105227 779518
316901 416449
377624 764916
936222 958704
948627 870864
373258 964251
175424 787987
288513 563047
490767 629043
917987 185266
347945 147526
271764 139764
324890 121531
621411 700822
382335 939532
838947 307467
925592 296025
741822 499426
624635 867473
98620 526067
48885 929457
295326 116977
833443 948307
294851 901122
916067 309106
533669 554418
997189 231253
544738 437018
648495 301337
524022 208421
440475 352503
813839 454480
729171 588234
906336 234069
59519 718693
713686 132725
616883 859409
520715 117070
610752 413279
27774 222317
978501 576361
810330 433708
648218 878235
265475 108984
237495 132526
195776 767018
390199 745517
737058 935690
896413 647557
167534 92356
376021 233916
577179 67341
967602 368138
351427 604888
820040 774104
651598 66687
817226 883764
666831 463515
698060 386904
991371 678310
758305 416210
454511 820673
843997 889302
31319 590317
99328 399366
893506 260418
823397 602968
185188 916250
586855 58270
252862 550945
845780 143448
367776 353588
201324 149035
855773 156000
383972 817599
226795 230043
990039 428359
207821 167481
368707 347013
754972 423272
407618 705820
100170 70727
293265 20383
221144 228942
975369 285060
485851 504455
682992 879740
415729 418491
191287 507009
40199 918273
851194 225521
968673 345215
411224 667709
930931 187898
465272 829858
4904 420156
646262 178907
546937 193447
71642 368467
100450 656598
414091 757932
733656 144432
335040 579272
218233 712361
175843 409882
411617 593370
367205 315661
405815 411792
628420 15109
295360 845693
311292 119136
571941 380730
10094 595701
442946 532178
316875 991155
974265 559949
506006 993719
121 833567
510396 587568
925196 931046
66390 469894
889655 511961
10462 460657
658587 226227
963700 737929
170369 887111
507791 512970
94493 336346
546077 819723
389405 103002
120590 236443
116365 504710
705172 134103
822794 524579
47032 813285
576968 631769
470034 651190
69588 146170
719039 876773
362010 465940
395101 898359
743508 76157
551441 79572
395633 431018
819816 177512
495290 441538
40409 754178
303381 229240
538532 54648
361659 665628
263403 109020
78012 17276
156659 270811
392563 423418
81785 536673
871272 865700
841060 441978
798409 456501
548022 459922
24773 218705
594701 119647
943815 604829
458474 505012
526964 10284
992999 997791
419789 383930
966920 655089
61915 752603
297212 453404
744146 153294
785950 299684
336706 574704
495286 434711
935449 206523
427484 213745
91187 228042
710202 67237
852689 482860
414224 698548
378383 326460
852249 154546
345400 496017
369766 413302
680959 294224
757977 915949
780972 784343
783317 508564
623904 864482
89291 839219
459477 174935
726647 992655
582975 998619
663165 631361
262529 752064
4834 554917
861742 652707
926246 178655
214682 916348
243872 736174
409644 899146
557216 554278
606298 810311
245419 530528
828852 757681
403512 254070
513928 839946
251059 63056
561833 583746
455002 17366
359475 129245
998492 418423
471678 530565
135491 14483
304135 670673
832818 481026
855529 601862
837211 421729
531074 407278
890969 432126
936571 466426
305731 76112
727448 677209
434319 535612
529264 780825
29964 957826
691566 321623
978079 840480
804830 137180
225906 547151
203093 373029
571821 755944
451165 702749
688722 100942
728429 808211
62642 694059
743572 465573
50851 983895
136279 769240
397999 853403
833308 233967
624258 810307
157163 596972
257317 866796
809097 286180
893587 958458
637631 928229
697349 65401
366852 620739
1042 141891
987771 274727
551825 311121
296941 360852
489354 957176
368810 512703
362957 427543
945442 929862
361232 95898
698411 25925
199295 453395
673547 501606
540912 132194
114594 130872
281908 279393
238843 936718
445855 8252
889388 149191
348137 667271
451169 987257
122294 628183
924929 303143
697389 476781
339874 43761
865713 190311
127809 401118
61754 109088
770675 144559
40709 768105
630630 202041
781006 705133
830758 820076
253457 404984
415213 126953
482434 549700
284543 910832
344704 891195
717327 18274
484900 956930
233459 854736
316637 7361
353081 714302
504844 117085
555392 358817
131421 500766
261148 525613
538216 969530
636808 663021
851625 769291
140501 38184
247589 820774
996071 512619
97601 27422
692926 890214
489934 949860
952424 236551
42586 885686
366450 949558
678770 616103
901604 266523
567264 502622
920561 71887
967612 114841
651999 809004
958776 384151
698855 618151
336161 75581
76632 36890
47311 275656
436041 543593
817469 718050
225741 355404
146317 194814
103847 357178
349240 456145
136724 157444
623712 562485
310623 658798
119848 314858
769014 421768
770593 383595
345559 90683
725027 374871
327775 746599
524909 562297
944257 113526
295709 977821
489348 845050
328423 884766
724125 337375
781660 646493
444671 149894
115460 704748
400242 785809
128208 760283
148975 826263
931977 593223
729793 784960
267824 726689
349113 586677
312244 170854
627880 409712
976393 276444
166454 499915
259360 287009
505604 284577
655183 563066
287345 482050
955026 650996
867254 268008
795917 417929
795478 37294
449055 726447
638663 768389
573117 598679
565009 953447
114773 21158
368773 608653
621696 999424
675051 762218
113275 93469
365646 191643
864768 880165
25354 853703
346392 896625
380622 62229
610553 181710
442389 886830
462826 433793
177653 531186
962949 727373
764216 866525
129631 947211
888075 317196
907807 653101
7971 305199
111598 12830
545395 16436
383172 233764
168010 168086
456795 734224
330753 751626
515106 524582
421468 890927
646241 658435
148100 163189
175104 976385
817537 35680
126590 587763
33567 528958
849952 851882
732668 488436
977425 336978
717029 979955
641388 792486
142249 807284
903706 700479
516434 921811
373161 183077
628140 510028
435390 555482
82236 906936
695269 299871
184655 844344
793291 142014
193316 103248
400948 915496
800450 34374
602349 218362
640839 697865
914034 782562
633266 208373
411597 856040
306572 8265
931374 863148
664663 702250
341398 976017
290608 753626
887947 746742
287082 963159
24919 117867
867471 832466
569149 340879
835028 566738
466699 347418
674087 272453
581861 83934
348280 166953
851459 872236
232899 896908
59023 998238
604387 843393
249685 105011
854566 238217
995143 825403
999922 277351
639522 150402
264298 616831
598368 624101
207109 95341
308125 30933
972010 218490
211835 758820
138933 209313
50306 597601
455279 605313
187241 671437
628927 985678
679257 279856
697438 803826
987851 801568
618051 639323
699429 362834
995318 713481
531751 211926
681156 85718
977411 273468
9417 190775
525026 110589
665932 313986
734873 928764
335316 251509
299920 654050
781323 504607
142907 380743
159476 439657
856300 216205
157523 250544
4080 696620
203855 909266
535550 149485
561443 292101
637791 71405
643416 465874
87533 615211
829935 169914
302776 195150
838064 501264
589243 847325
376624 275045
576014 270500
206010 889548
877336 567941
801868 712525
866886 892677
569134 30664
618764 521818
219831 515106
608678 239693
611333 600147
293836 564795
597600 80099
828366 722904
674228 188644
11938 985305
953884 379376
157695 290010
954863 450512
894734 791425
426806 278497
800035 583083
221208 648857
656988 226089
784985 304476
666457 213149
21005 515663
486538 266831
948840 296749
971006 938629
999780 735942
145004 5105
540284 534770
615153 249412
746357 671329
743847 467059
852738 226675
672967 592181
784004 395176
702708 780366
523189 191633
980526 654689
770661 767071
77269 993014
196322 915415
59167 562092
187079 213119
509005 716592
606531 208691
383780 169282
746311 471579
604105 344238
502584 56894
173584 965520
879597 854926
757930 628782
567682 370145
425839 439730
574252 561504
222780 66782
160955 894900
406405 523934
361336 483209
520052 519998
605645 122342
447047 798147
970506 600864
196067 170380
928245 851567
453980 349601
675220 65432
964882 671127
316633 689778
215978 381751
689390 572753
785255 770041
397399 303919
69665 196110
925218 724665
645441 878048
53084 881528
44430 516453
878368 878090
942752 472533
79043 218517
402264 797349
989453 554255
94482 515828
54445 405672
342680 822292
108830 416651
902638 957147
708451 584476
689016 499698
127243 119116
206084 425882
672860 799123
919371 108167
585546 25800
815184 473922
134134 906375
739158 922974
348255 311311
607436 879337
687462 962554
809917 680937
129998 504591
658192 856695
915450 719326
522736 699854
497727 411647
940835 274199
94938 589091
606116 836553
856772 566689
275526 761918
446531 72060
648846 600986
529307 266358
744139 270062
712265 624516
588238 670541
284106 932942
455684 749457
932597 237001
778915 894505
285031 726957
414751 889193
561974 859822
457097 233663
221048 703565
780040 36067
632533 50148
77822 423593
484326 734685
674734 390158
882338 455208
906649 283848
391016 612075
93299 310048
280231 323212
364006 85801
270384 820768
999181 643067
393401 414424
297176 737622
192831 267223
987450 28675
308655 52403
898145 863727
597378 363959
771460 233669
643315 808785
288557 347670
18185 822461
406530 164985
237638 763793
437613 34747
740003 587393
858345 197352
799900 927922
486221 435827
263802 638473
611831 442521
914711 190351
126103 402212
266383 875549
890907 165269
70668 555481
750333 260234
695202 90754
678518 626887
31340 973817
467293 844920
816306 476073
607885 406774
209985 732587
415410 281368
69374 66448
742258 623927
174087 122228
601233 510602
681489 990259
366747 967261
786635 462429
540803 606610
645008 784889
278129 88916
389975 162227
399763 786328
277683 146265
167917 814815
708602 884244
593831 630572
769148 909487
849004 870990
83076 783277
30015 709937
257742 15980
298683 335509
302432 924217
965780 503197
744899 754930
75304 333806
172385 883203
728076 707627
857156 537204
537499 635449
874273 992638
202882 838581
499939 195844
351435 243743
516169 787195
495806 139869
958325 401222
839 684993
19823 18493
629542 138967
925305 812328
358111 727268
19559 915331
656986 854450
794571 479786
520555 93661
690232 775844
887849 872269
556227 278918
918615 427423
547982 11739
447850 466709
759589 643088
633060 13747
127509 567529
502311 310973
203197 860895
891091 667356
965341 471896
870670 192916
386663 969088
34537 640828
730092 964115
473343 903660
544220 638931
531133 907893
740378 211470
814111 752678
249698 479688
120241 950691
705494 517946
163353 80396
841911 719992
942506 240033
184989 837445
551996 101731
971311 58050
797767 208096
816991 584796
829256 390432
207518 972599
758087 263001
431723 411995
767913 710263
491602 577721
996377 236462
760608 904692
818319 4738
606496 69491
443506 133626
517328 299078
226300 844408
981286 305259
56915 214057
865504 758128
372682 612331
445465 917482
120911 57199
575374 712254
402239 395837
127516 102150
994077 385335
408479 777156
831870 60701
957494 525475
357180 233679
288802 305860
407298 753932
632541 143509
573989 206852
520544 276895
6624 435608
810202 327297
312670 302603
55917 187173
565126 682600
332237 810305
720685 825467
420126 230862
115123 380662
796079 840737
644518 410525
311514 239503
845426 210903
786070 283151
37949 679723
478832 669793
942355 817856
781271 226918
63713 590457
397503 783404
197280 25613
758772 996626
695356 745496
13944 387406
90338 656128
56179 338262
377726 780441
453867 925486
273483 630130
891812 184541
801048 165362
265917 721000
63603 625065
610724 463626
563299 929976
651383 287796
138347 487847
512366 917879
638522 253454
192496 525480
613968 681862
86956 542232
215132 309862
507133 87762
763608 358158
690080 70390
187121 978943
128652 951797
478554 286827
636297 749263
347432 186497
760354 627006
945851 923985
857141 961213
730758 344411
16575 718325
265519 66403
822741 436749
732784 913956
613946 418685
728364 181672
543987 704535
966314 481970
351246 828735
738994 571757
113114 80629
258544 546122
156665 85998
625579 940747
745779 485107
774695 118087
657725 533849
377675 434820
178997 163708
870096 244728
853821 3870
551322 549620
342943 146959
130731 109427
197222 88227
925359 889408
238624 151083
866449 492333
508312 558547
929727 562630
437063 645293
116491 394424
273515 238828
14719 278368
317868 910198
515645 378668
169644 628120
762364 424424
342493 854964
259031 617836
718377 885103
5685 348649
399609 818710
854820 166946
473900 338716
425383 697614
983218 110799
162562 492139
203911 711727
827409 812616
867110 230720
310058 91481
750272 733603
997384 290296
743629 149606
615070 918675
337598 311248
428369 715713
721846 784554
649680 423374
331253 938407
555166 674623
760391 273795
647396 93572
266933 682771
221542 669188
172220 438855
77758 613523
764314 275234
467303 630106
740252 88549
611862 551237
272836 992163
648489 65894
876596 171617
968915 92644
994080 875720
205941 98942
518344 684165
92154 411545
230595 122028
902893 153176
821103 572110
130690 206913
303993 480535
762579 92587
518769 23446
808398 966628
564225 724176
694387 584831
511486 784317
463313 976450
768303 960914
597894 876432
259441 698396
861439 780423
251389 591797
131929 511242
66484 110922
425682 286252
758534 737713
369442 289837
842270 623463
665159 414020
959422 403330
100117 855177
46296 993881
210261 76930
812998 699495
265761 420097
681072 483517
391111 204964
81934 377324
41373 962284
508597 69446
421517 888184
596456 983711
934340 623370
456550 276184
961657 31789
697264 757103
35086 721582
622070 96552
498078 282158
431003 975209
817997 379019
850113 919565
129383 31007
134900 566351
169679 257576
951101 369557
940486 510064
183063 79793
583225 839161
225110 913059
262321 688580
24016 713871
847972 347689
313651 918578
135414 300443
332133 704489
35345 916915
728212 799771
9823 707731
211506 741756
115009 795470
682664 404400
873519 90418
499798 575680
334863 454254
765194 319351
472943 865688
972182 204125
765012 504185
475583 102188
614325 663706
164535 752354
549487 475766
266149 615153
323934 912621
18998 58105
363234 660078
653093 663845
877989 179987
266772 957232
891192 866796
471574 791023
585915 142248
371704 377436
902491 145607
96179 751771
749992 460631
380424 539234
757991 645780
509403 465848
489512 969345
876165 817649
512752 783545
899296 73020
402467 871515
119226 636477
661586 626080
774262 8718
225826 578699
526829 841779
101543 139331
245432 36681
877820 345457
132296 437682
394516 335702
857056 360955
893565 281174
461457 41588
946883 985819
646318 117420
780666 60240
562486 984931
501203 663389
354880 404859
732441 490812
146049 180728
28853 999059
601645 738269
814846 355180
369047 585754
441751 637183
977750 449883
559954 260552
485112 429870
142131 320203
880973 436733
844357 210144
280844 776304
9830 523249
212481 536808
346211 51650
90609 91508
770542 85431
563084 42324
470697 736435
204653 631674
274161 91734
924184 761760
964034 309189
20977 412433
118924 798459
997115 463406
248678 469024
919401 479913
944955 740430
352793 782642
461223 87638
828005 227646
970313 200020
253995 293204
261499 494421
372209 525702
445557 287093
357399 276176
432030 350020
312163 523851
607417 927008
702308 34388
795498 845012
555568 879122
730766 480774
361739 534356
282357 178141
873964 576508
31538 465800
198945 73816
920979 909729
618514 510753
324652 644458
135098 413276
700120 718993
10024 33099
777518 408414
703100 733742
828612 847756
647737 629329
633326 351508
194506 892168
391862 211451
737697 393951
277599 649310
665865 71003
450436 556739
109542 798849
333153 600751
777669 314826
893063 906236
335143 844350
742177 785434
980595 369666
97487 465313
513550 229018
839853 663128
194483 708623
215876 453515
746912 606601
844660 692603
118646 949429
806597 600123
160574 95058
146578 182633
161931 219826
522353 22488
725829 657516
90425 201285
520895 201830
51130 696186
907860 808107
388450 180176
910911 109757
933919 504806
779760 374513
222773 852927
777015 946782
451450 417204
162402 35213
544546 506689
492360 882316
301475 162491
918755 369758
466679 311716
513990 371447
970583 951098
336452 39013
523586 682490
641996 388887
221397 323558
270957 653245
948094 276318
548796 49576
392778 257755
142127 239959
199306 14172
503490 682081
888884 609479
92818 999186
673710 217450
444662 921766
243469 135867
125778 890582
340621 522052
786878 554794
521369 77192
206456 38075
394941 280265
41393 926159
336761 180377
68713 990887
657855 878420
293872 464676
890225 12076
230041 629029
101641 709329
181423 425950
562659 280576
449135 248267
828245 411047
946251 375552
636119 74400
776839 378194
466115 797235
771975 542098
387527 512791
24843 721607
593878 313983
986022 315691
784573 508643
989117 296539
608281 750494
261660 844899
926273 369166
408476 671744
785731 957482
15037 986849
101268 88591
244468 125838
909817 140124
389597 637510
407261 4474
702763 632841
928878 240342
658379 953521
814228 534373
886489 358319
318061 878515
65682 445074
23435 908340
518733 363170
537445 610461
699375 968017
431126 882005
637211 48658
826089 426645
974136 194551
448433 847717
147050 914075
320437 228724
765440 995806
862551 111282
169355 49373
440403 504532
759668 641613
972582 229515
399338 855430
885267 57491
940640 76567
394847 976544
869079 556019
199799 280030
837049 194772
407118 796461
363179 275382
925735 602662
910678 916099
586605 596583
979857 376378
809254 396217
106013 732606
995338 743506
382080 765192
45020 552659
287481 878089
624160 81968
353985 209724
554878 627216
789693 970176
174515 763693
156432 61062
960795 386352
781827 589950
888159 917796
15043 607770
204600 665293
369393 272705
734021 985103
557529 676215
917663 522676
510090 475196
280083 98932
630428 921979
788996 74459
930275 754494
140880 199902
683078 939156
888014 574785
178115 588197
637065 742952
510245 510492
236849 441809
229607 180973
650213 837737
265079 728142
730766 403558
155641 259351
607262 434976
827787 488136
832921 294358
646922 594815
167453 540824
238345 215108
740206 691968
713356 455358
437170 557763
851981 683043
526123 591392
206563 195820
71147 962481
886119 827
916277 324368
395090 864846
262316 720777
723063 546594
836498 163482
956470 163748
996540 649276
826475 470122
698885 919184
259895 596905
725594 404032
670310 327470
277724 146328
297525 946997
765085 30966
415618 368100
250122 817410
644222 296443
481788 794204
711833 458613
164999 281659
804403 594870
688234 191236
175332 425730
14889 608505
551309 546472
875111 649159
171420 502530
202839 404606
63420 257901
14487 140811
413087 238481
734388 984435
51128 835656
523389 319136
771955 992257
152932 448461
540602 311280
564736 179214
415197 435249
889208 189513
964144 941398
33164 554146
773813 739118
638984 854899
972558 797468
812599 877953
511642 525611
832189 741634
626681 681309
38030 183540
6146 56019
79638 832928
933361 812360
839598 848482
898582 201530
137479 373559
84067 977997
139876 821028
67158 650477
426655 763025
62440 734879
821457 949296
781894 824190
773455 438627
422971 477732
906600 96729
3365 728128
684279 848652
831174 938581
221052 777290
168169 211418
743463 858125
787259 445876
5919 11137
827887 845965
806499 76229
315542 190129
986261 50779
263736 97141
672411 308546
252365 59564
542317 830025
772385 709233
211018 540810
591282 610961
692746 977173
322234 839561
955798 690231
374215 263198
910466 855507
859896 902320
598828 893617
311213 148578
311501 516426
548114 701216
584245 652907
381728 165515
159371 921978
727241 810918
865723 892618
927436 282909
286653 188184
723527 984079
142282 648913
796335 196590
68246 132932
867181 974014
152502 745291
536140 916402
688217 581414
830213 931496
155590 548325
474944 177877
979876 798880
486395 519971
117890 815206
176297 385323
323860 346918
255491 760236
8782 247782
795312 409815
310461 791739
38633 693648
573544 809781
165888 345463
607268 234594
175235 697452
33868 398961
437897 542740
535772 436140
495382 356757
149680 510606
117114 924670
649168 993244
495004 658342
620784 225012
93576 228959
804058 100176
302621 996773
789249 711980
957272 382036
231941 373092
557296 183502
116622 132683
736488 600116
286174 760943
313804 906337
706128 95359
520075 479773
656483 878302
254898 653295
709666 850726
919666 420497
345296 30634
229287 724440
356978 349331
676313 844539
162978 195918
515280 926458
649123 108160
352509 152919
492670 77509
426366 838303
322490 684960
66411 682517
38613 219772
629857 231742
263263 996624
457125 94959
413222 727360
802666 936628
704252 846198
452250 174574
358722 857949
274593 586032
146415 933658
917696 278236
812378 814749
364558 882626
788596 9235
100876 70007
532650 168446
190729 690140
558390 958954
552336 895741
50329 422528
299930 582186
301801 636639
429777 86816
899673 145539
238174 302017
605899 419005
314548 433652
802245 91326
703754 896299
37849 574740
621054 187602
858403 656171
478194 524289
840641 506998
439556 883182
991348 139769
943791 874850
36873 237902
236200 307924
652271 334272
384507 492789
757693 624488
993797 666450
661477 536454
597101 355293
216839 848833
980215 556379
814674 429346
256021 671986
81695 27864
492277 71320
303644 62642
558180 276422
476643 172836
374169 287232
837350 397535
739043 527766
84494 743744
30728 552173
671122 951207
755375 106616
85375 685680
226070 123523
996872 439750
71589 985252
194283 444781
918903 104793
876701 59998
102116 870919
221631 908204
663254 474115
19156 476919
292388 645519
483916 649680
100320 602486
237701 544951
200388 618511
837472 984338
430809 548199
115882 741372
788037 790191
401110 422669
489975 338425
334548 350412
715832 117228
563377 403205
82785 138549
718378 202607
280247 577100
624755 234070
11112 8642
986073 566362
487277 583627
887866 766881
262110 802912
682220 338979
623591 774800
526513 592088
288957 58724
453484 240163
252337 251851
69812 842301
661645 449063
43585 895858
183363 820092
398320 774920
987145 915616
52198 813099
379473 983625
583285 17439
103162 175027
537384 147342
603390 681927
838497 552002
871770 149202
549605 525647
921250 186830
350841 89579
863883 270797
396283 425619
907180 211751
454023 721651
205568 378756
950944 805779
166324 729405
915931 161568
753473 980050
89896 718632
409694 544388
112856 997646
7718 183336
907305 329415
299144 384684
103840 782142
795602 271890
587990 54550
510070 329577
71951 449105
416643 240890
399642 480378
734517 717509
515869 552753
460431 428529
914159 468034
389495 185491
775288 245992
408752 138388
475450 80910
916847 271962
80278 450834
989749 996274
454775 733237
486303 603014
819502 416518
628689 650024
326713 32103
699176 939729
682828 410824
918892 830705
577341 463262
765086 57223
409561 132812
857039 666972
898320 793400
943607 705216
43324 122806
295335 788557
433142 825928
955420 767310
215358 50891
27426 851524
688257 610083
929421 585735
799857 786305
173224 803763
987059 937337
217501 953735
981688 876826
773425 868106
743944 198084
774486 808645
944589 626879
792874 572134
225554 952996
88486 303039
505772 539368
90237 131624
571193 624094
807022 755967
720603 681236
343093 493436
977998 921762
749972 927246
862400 853729
385355 247086
580880 829288
289215 228515
919898 633373
819381 163838
586915 820346
200164 534930
58433 556311
708290 358703
863850 305224
541592 349491
822805 330729
785526 799862
966935 53689
923265 934147
141330 827259
30968 694769
235000 22621
324637 694066
494431 58673
215914 922182
689449 735725
524839 645126
591229 375215
166124 805660
946425 446956
963344 346615
110279 216221
141425 877549
89239 573081
433332 996631
355807 503724
615289 591234
252960 842886
55069 568720
684440 700855
142862 158430
882031 814270
105942 481503
17496 197426
825909 851940
592060 282023
131598 969588
322226 932166
953222 776746
641724 173175
920627 556714
57020 513108
475041 627918
137839 476800
114958 182250
94618 151081
538925 603835
800235 349527
770157 14140
222785 403513
465605 422952
329462 544692
348361 356674
438376 476359
527801 342201
101497 743298
765871 683594
423180 653582
325958 650314
51416 102287
891563 529967
347515 542379
387762 573949
414548 574973
578296 670800
313098 71365
910181 378581
487538 352867
587187 567668
879050 848612
427892 850115
544883 178943
50614 916714
849733 315055
258067 226257
955142 430988
986155 737847
512108 6428
626102 530823
998554 423854
155124 11521
605358 567381
929045 206397
353234 965105
465242 582440
303613 106662
980522 227701
677460 987178
892682 397659
474838 551918
711119 617303
890947 891023
937888 319782
781371 594793
277756 365149
145781 245249
543509 366282
834564 369116
566609 933457
52763 656340
539355 163724
609962 788801
287456 316126
892137 552525
387989 357615
381527 514959
231531 985732
69011 873665
461280 865628
113829 554741
631882 199424
896402 460764
652428 2361
167286 283072
577235 710941
207804 168643
898721 383418
375312 257523
233905 567267
209757 238119
608243 809569
924067 350710
171006 79019
553389 492687
150127 271926
777461 971508
429041 135261
585379 412156
206454 411728
652882 923418
915715 635192
300022 553743
604608 737954
855333 224049
710140 730231
401826 401563
139175 725592
32592 590645
190694 772285
607686 740071
856294 76593
936584 300422
904367 726727
7796 201804
952857 41318
819265 63612
377452 803607
38554 317929
295355 142410
884734 624591
559474 257862
696084 660392
542631 212533
468560 834003
690584 726639
279036 691678
774389 607088
645093 871178
688130 848216
461330 19080
63402 592340
66616 165203
701341 667643
40041 349332
570135 788976
87608 996771
3201 876687
558052 312447
49523 442111
849473 419630
384450 388647
766120 924635
272803 31323
637250 517315
62535 153548
584269 280044
695532 913772
726026 301582
742395 478652
110134 559818
661520 561053
905270 322460
763187 763192
802020 976094
829693 330091
49040 950600
540083 344760
942729 420848
277006 865722
745526 924784
404851 399925
177810 843146
181069 979108
583876 611348
857360 376642
212562 674926
976227 349118
371708 31061
260114 613761
639336 121081
31193 761610
699919 903702
122995 135913
654517 450105
842937 408466
257251 674800
398131 635634
774960 755250
958378 266131
338436 861137
566307 257923
16333 512279
103964 653113
246264 700317
681331 831202
884359 256606
869036 918185
429693 966584
798016 285391
982053 358757
414107 100579
871157 467394
949351 188933
190250 272031
4213 998415
232348 709815
128403 433357
898024 454605
650813 787040
773007 728346
10985 596191
76629 861358
516604 526273
100137 557861
94969 865542
938228 652932
494598 788760
619620 174241
241870 840903
559767 210768
687608 912857
296572 36974
293716 812601
898503 822862
441107 49626
902165 375729
104512 854682
855458 713971
672450 429693
596348 367536
743702 890334
472885 130856
878757 158752
688543 759800
71026 974897
768571 326481
654322 578603
937278 306512
804864 612921
168922 105699
96878 382922
127065 621161
541781 980601
702651 306775
873062 576595
910993 356720
273576 144119
381840 775216
652183 500140
235262 508011
145887 401853
144159 323502
426356 855937
651979 792611
225572 781789
174718 346161
285995 230099
115734 908089
888571 225370
81580 75179
523893 394037
996224 739123
503887 403155
512894 612621
656037 594896
138328 901885
960164 174389
3143 613627
213816 880831
974477 177041
316318 731445
61394 30726
956970 384321
714750 947360
539613 44223
262096 483825
456709 42647
13887 200456
602273 899719
166132 743316
309952 145833
912833 264081
430548 263838
443440 749682
629394 157571
135334 781873
290675 285994
430601 259539
718956 501633
811457 796711
554893 628306
876179 776459
78716 973678
565879 583147
609295 957875
298270 148161
751955 671091
65755 969820
628837 67313
335853 968643
347592 40027
205387 157988
68835 640636
982914 76453
704104 970189
535831 884348
904505 366865
79640 726859
2180 976284
264880 636787
495488 780809
700420 787041
117103 340642
249552 812006
570546 320172
487276 528717
814263 543132
372352 566676
206528 652307
317861 759748
723956 26216
35093 344806
254497 162493
416179 692007
144065 917274
609381 37356
398007 333625
893322 166745
957851 839803
851489 180813
545744 658304
903882 874982
916229 804614
218809 328035
42594 70590
882129 127875
640527 176941
136466 476965
807485 508056
677244 809684
698035 400724
971431 482266
497809 669526
977329 695652
624215 21395
28744 763926
292090 349986
504090 790660
611316 28374
46724 299336
66149 19556
628415 969601
595727 365347
448160 928785
111402 274347
948718 162
603103 547185
43523 866938
16486 524284
690076 844862
971959 566433
263034 907561
199494 51437
404194 154747
443450 548171
175872 625443
703636 401177
546396 754324
782357 672305
501480 345892
880973 249535
646853 933625
356940 502938
682661 425691
541237 694515
43157 269667
794074 666425
765205 269835
173954 50424
520452 430310
790346 237026
968732 846339
381693 922946
46996 877031
660454 883033
844533 787295
317183 120907
424398 392146
591362 93084
842041 526753
910077 908244
178956 766664
109965 960631
568585 557386
358515 706965
6343 185923
764714 306201
762399 372770
465068 664577
751833 513680
12307 98500
357913 140896
462260 703625
782237 188940
422304 875394
468798 879721
664359 526551
242993 441354
246406 551661
469156 334601
1458 558643
518536 684096
725393 970090
139345 590882
135232 787742
173131 380899
630709 697716
327568 11666
663818 857925
491245 505834
566082 590773
86641 740078
10098 62489
611530 536724
937696 707139
518694 137674
410546 503165
806668 529546
44277 537111
738242 945419
82260 180139
501436 988142
806819 896578
869150 912645
785089 365530
313886 620048
827424 437343
839436 33938
4761 905755
195643 445723
889318 564294
345005 777364
463726 318976
323521 168142
47688 830288
222372 642252
26955 202446
125182 807281
70397 99697
68236 331323
742982 501268
654217 472462
560471 96665
950447 432836
129403 441106
579684 765644
246136 784542
213257 561024
925632 681538
109063 705744
194165 78617
77336 335292
705669 230134
244562 699472
138340 467828
974357 482050
902361 265321
790189 200784
966743 149004
412688 568532
842348 539981
683997 448502
738132 68755
671273 809524
687674 127121
352160 451393
345518 494460
442686 780478
571564 8597
68527 477119
206759 264479
198703 182591
575057 829647
359686 923242
113572 129181
72482 436415
724975 899054
849462 729773
845020 903264
66672 721466
740782 379234
240151 320499
18744 84704
489660 624286
492753 517837
813319 608131
954065 111293
439557 588163
199242 351200
675185 658745
386408 174003
914607 200225
89652 984962
519617 570776
632069 448326
44766 123294
1274 374233
716052 733110
334443 740073
554722 754061
463937 982924
548364 378515
707647 565452
361315 423957
540791 257547
185192 350727
725237 569884
908889 713598
35097 942781
496878 218811
98102 190625
132179 470820
312783 658731
337303 275939
656827 541307
193263 385328
1764 377159
268714 861162
734013 268670
277349 511355
349456 494220
106878 998840
531329 441609
93400 196653
931408 211570
283053 916582
824492 686037
620211 270508
724044 225112
139660 376164
860199 699779
642032 290769
622776 883508
911924 52819
463531 44628
922342 605411
714239 896046
374171 205961
998387 449108
473688 378456
485629 609821
218134 711474
508661 346181
89234 300547
634655 226167
997252 526376
497120 925356
731164 187408
861402 120280
355960 434632
168702 441090
908732 810182
254641 660911
715526 191695
688177 833123
822019 685176
904798 995671
76873 766030
356684 370851
220247 843764
498390 65522
334155 910790
108379 80003
255080 601416
190899 337142
251210 346400
657326 450993
786527 683218
896864 527324
241966 863193
781426 588238
883104 587110
778592 345869
388999 916837
287946 41868
501735 453817
445506 199770
599496 546667
286063 900025
507372 832972
459624 680972
359163 438355
31447 543106
786112 160539
926630 827489
971792 11379
457535 291246
852938 62194
619971 49923
445229 996522
666059 889126
978055 782225
617372 592081
677364 733230
10656 554841
132132 200212
917115 850141
52892 9677
406454 605566
698978 279895
311426 994591
527772 319994
610291 709242
316355 126999
312745 835363
353782 962565
848001 432004
605580 885206
25273 742497
107395 400362
647186 41489
301120 907657
987959 722873
801515 851536
850949 711968
920524 398803
600833 816079
892626 956283
635327 722885
810928 429698
845062 767574
996138 277828
753097 505993
156451 528834
876063 120774
815483 345432
371884 649567
746934 607868
900169 139186
158804 422734
568672 160071
139055 892401
592123 71348
414191 89896
216496 557084
983657 359086
589173 949680
994759 47246
653406 856918
141914 69245
505984 194113
593771 738101
150130 828404
330802 917988
398824 364114
383529 887244
243852 357737
725034 23126
296501 618244
901115 443307
363177 642581
830618 722772
83633 897499
619084 211591
336259 48099
441973 735097
811616 185067
450850 440190
487575 198753
818086 946855
509652 216058
803098 654461
398597 151735
524365 232260
892372 905740
486727 366405
342962 743861
639969 287154
752610 795503
973098 911628
684050 972351
787090 578346
655757 799235
122934 18400
48736 607721
703308 937675
465769 788420
903654 66156
131781 116643
875910 645672
614236 391960
83586 564009
314000 765922
532569 186325
518897 496924
864327 379044
224108 849270
359751 956928
214979 628028
130038 534397
556527 305231
415643 386153
141339 648123
900325 633445
168517 515345
651237 167697
806931 940868
450471 450325
513421 300734
667173 61248
888680 974658
240059 881561
806627 367571
712447 405588
241300 719279
786308 465486
281793 564322
4943 900189
682720 152047
37440 684503
626903 11249
466525 46753
239630 456678
472105 776244
934224 619367
161544 626566
367470 252970
183561 909309
533570 666696
727919 263240
610278 685542
960325 136967
422338 359624
450894 984193
505668 132360
43585 163676
573747 933154
233729 143067
917775 954097
762435 837587
915435 661928
36839 554948
844627 528116
126786 349353
714313 154321
634132 315435
110394 977986
451669 579281
394718 563536
121295 156020
983915 879909
61179 338930
605513 268404
635654 803061
342696 507663
998302 732226
358217 196619
848992 259337
289435 577032
157555 331243
382868 434644
877578 373620
478974 58585
839621 394807
774651 143199
94927 810520
747400 152837
841241 632892
699727 775493
322460 353663
200533 719126
434900 228843
245377 799200
449454 93523
738185 308050
46996 752385
921499 647509
717883 194879
21639 371158
337659 150148
223859 927148
616661 129118
365075 435291
680048 697102
452169 498407
213677 866798
694051 631705
102311 557341
554916 955749
136561 718548
510741 853645
204884 442994
409539 93201
248011 544508
638569 380472
936010 402526
330888 789627
727063 514443
31634 69627
762853 888889
696015 374857
656533 769417
604950 265086
899745 933996
879011 772069
5837 53523
631756 752648
388814 219232
619152 455497
177463 19488
754915 79687
711815 480011
977573 267424
175026 711078
717016 282399
540460 416413
115998 310464
795385 406208
518453 355368
375033 191602
