1995 4 924
728978 159017 3
590090 700166 1
295855 209764 3
875405 920222 3
328259 525516 2
245624 998078 4
772084 119557 4
102480 244214 3
673430 254045 1
18002 445256 4
405004 447705 3
211877 854319 1
554791 406872 1
436479 45451 3
458815 742594 4
707535 459367 1
497549 475312 3
328647 256094 1
874329 252056 2
75924 305061 4
25563 638779 3
148495 702382 3
604875 29080 3
992291 44727 2
797304 497290 2
972156 921463 1
551235 992654 1
58347 10824 3
11513 376253 2
939408 792208 3
108047 457714 4
34696 429300 2
470707 469210 2
228390 375152 4
613137 113406 1
591567 24807 2
155476 167857 2
243432 811784 1
497620 956054 4
167995 48956 3
712851 314467 3
567292 943361 1
105421 521746 3
91430 857488 2
144539 444332 1
332455 937900 2
16133 605207 2
971184 339857 2
938990 762518 4
499696 606423 2
135571 821515 2
881624 766555 3
108720 130152 2
644787 764306 1
304720 428249 4
707734 198684 3
74907 688265 2
989129 833905 4
93005 293382 3
236374 832857 2
906055 424124 4
684327 458229 3
52431 856707 1
301807 626416 4
895827 268506 3
955610 389587 1
704829 418814 3
814594 673466 3
932562 808755 2
330467 240782 4
563567 443052 4
84666 195141 4
383737 543845 3
968859 710024 3
898340 724937 4
631554 395994 4
108896 734988 1
381103 385436 2
191144 539095 2
537427 538384 1
893694 868614 4
258066 712976 3
340239 461012 3
644051 260480 4
836107 483471 3
259568 282044 2
420698 86813 2
738583 387858 3
618771 866813 2
402651 356045 2
901628 747609 4
954292 743375 4
252979 294595 1
879886 271135 2
295861 131410 2
783669 343847 4
7044 610715 1
976531 936855 2
355772 184588 4
156730 395086 1
616700 681863 3
699208 211668 4
686368 862798 2
374181 59817 2
969093 242801 4
409523 8536 2
433543 835340 4
450766 456504 4
558559 753281 4
408417 8848 1
187527 84705 4
232570 721872 3
272310 123236 2
186944 825956 1
777447 187860 1
854483 953883 3
15575 701247 1
55826 573220 1
274175 655454 3
118553 958624 3
423973 181523 2
913532 729889 3
123787 981831 3
33638 842018 4
997576 502052 3
854314 810907 2
632733 183504 3
693673 343709 2
477048 137860 3
788348 152959 2
145831 696118 1
203741 632564 4
646088 81253 4
321515 174179 2
444348 434643 2
864699 23472 4
466697 704852 1
109194 997867 1
452076 35846 4
261761 873141 2
190118 134740 1
737741 58308 4
48676 215390 2
748172 771850 2
685522 799716 1
134851 177625 2
545697 485734 2
67748 55413 4
553033 666648 3
812396 929384 3
760340 135610 1
757963 172267 1
472041 739903 3
443996 381640 1
134092 297655 1
395671 408311 4
268495 570925 4
481019 472131 4
603128 588762 1
150250 623665 2
143667 834496 4
889429 633205 1
298611 739529 1
248368 447836 1
663937 183681 1
667998 347058 4
58057 761873 4
208777 587367 1
306412 145776 3
786383 336010 1
834044 232106 2
306375 176170 4
792135 559439 3
397744 489534 3
275162 457466 2
708961 105250 1
57757 2680 1
874367 73484 3
673441 409256 3
889925 187384 3
273807 575444 2
960360 494844 2
960728 167689 3
993837 332133 4
262823 106071 4
248558 329515 3
642289 303329 3
816939 562953 1
346127 411762 1
142573 496143 4
744359 749349 4
473494 293813 4
198031 143679 2
262733 383405 1
717260 736874 1
152165 192748 4
953969 342368 4
469971 332375 1
658667 656569 1
63650 727735 1
805054 806745 2
646858 677817 4
977499 289906 1
791346 777756 4
531873 198084 1
395646 443229 2
665374 929315 4
530892 289385 3
349117 441570 4
348503 173444 4
68239 163023 3
107151 236147 3
102508 954351 4
184542 750584 2
767328 961161 1
275078 114781 2
937727 645280 1
360624 852676 4
254204 922992 3
693352 878899 4
347596 506511 1
595783 682219 1
272698 260106 1
73980 194873 3
721232 607923 2
861882 455039 3
741314 291395 2
675462 420146 4
281270 539251 3
89945 402027 1
933947 485618 3
367758 422624 1
926054 672935 4
81628 656673 1
305513 281888 4
284437 410523 4
337979 410539 1
311077 423455 4
180698 135347 1
85379 427057 3
944856 545468 4
226520 153925 2
633348 868062 2
921045 735289 4
527114 41097 4
927068 448416 1
174560 286752 1
557152 582064 2
978887 581313 3
206298 621228 4
809822 729729 1
296255 57503 2
342340 483124 4
218867 870978 2
204841 756105 3
359928 643379 3
880639 464862 3
132727 363233 2
60710 366323 2
729442 787497 3
841519 479860 3
539906 308029 1
969498 100882 2
817643 144949 1
309640 177080 1
999702 902678 2
368326 82881 1
876110 646731 3
662357 589885 1
965444 90681 1
130771 799228 4
869679 577765 1
476902 779588 3
262809 918555 1
955089 378031 3
211823 753901 3
981941 43669 4
958873 583008 3
378844 553021 2
304461 631847 1
589682 258698 2
874444 35043 2
465584 180705 4
679706 754156 4
521659 271629 4
536054 105015 2
212208 560428 4
910938 390928 4
249648 272124 2
163555 840279 1
498954 381620 3
36496 35120 4
193906 948412 3
763447 419426 1
273909 382763 2
786610 125128 1
359560 801971 1
492272 209968 2
303928 497372 1
534836 187145 2
704279 615076 4
903625 777761 3
816320 302785 4
793085 614466 4
693348 811506 3
931255 499406 3
396016 481855 2
454061 826480 2
249608 574005 3
393101 118667 4
519221 14280 2
73188 290294 1
108740 825083 2
437677 53105 1
129445 631978 2
22388 771204 3
375407 230588 1
814316 643152 2
89270 63401 3
639441 3089 2
627737 576890 2
42446 446585 3
762653 293711 1
411658 704757 1
746776 777711 1
615070 40103 2
291081 35988 4
840394 149895 3
605177 597727 3
75737 903068 1
814499 176344 4
549480 591398 4
406001 977492 3
111910 241645 3
472766 179039 2
641162 791447 2
797689 315127 3
429723 338076 3
793211 555060 3
90914 745118 2
854617 50286 2
252244 116445 3
150915 761027 2
827850 974878 2
241527 897219 1
866433 499714 1
892028 161198 1
272406 526071 2
992736 555031 1
968371 286765 2
535959 733537 2
760283 764279 2
763745 863125 4
201763 667826 3
287837 102286 3
772304 137158 2
460038 458259 3
346582 185017 2
504519 882996 1
454472 477983 1
773491 393903 4
862608 478953 3
116842 629746 2
214282 530532 1
540596 830516 1
974780 362118 4
303150 47454 4
606032 130694 1
949008 317034 3
101069 924449 4
992989 406804 3
550757 758903 2
465332 720236 3
44434 71461 1
946670 977628 3
960956 237839 2
699751 830521 4
821963 83716 2
269099 756777 2
888894 141759 1
827159 326286 4
179313 519404 4
662919 181590 3
358288 59764 1
979646 427759 1
832095 290568 3
761560 100949 3
455003 175238 1
181310 787378 4
676778 555933 1
363732 14643 2
113871 77579 1
838777 755169 4
15281 24161 3
453214 406881 3
678391 609468 4
614982 161591 1
92066 235608 1
507899 990199 3
902129 171309 3
349939 217391 1
567322 42634 4
161699 305566 2
653605 323628 4
446963 172122 3
162074 217528 2
361014 261293 3
877852 654693 3
14800 781690 4
937020 133903 4
845365 283687 3
458502 401326 3
279731 503224 3
473689 934075 2
99023 585715 3
88942 67254 4
483781 479555 2
885164 313158 1
103821 825261 3
339283 731937 3
617374 377580 3
538107 570807 1
402130 676389 4
62610 384631 1
166273 633764 4
856656 11326 2
254724 482847 1
824010 984854 1
248645 216051 3
617978 949639 3
549786 66128 2
596365 918476 4
551214 588021 2
37109 555913 3
42363 414842 1
30527 360164 3
624241 837530 2
809232 828779 1
919787 853840 4
893569 748157 4
370523 359413 1
404173 865996 2
310631 431111 4
547206 847332 3
135168 265550 3
134086 632546 3
464277 723809 2
770985 397227 1
943131 233650 4
726548 63028 3
307867 295030 4
906497 779526 3
962795 869261 1
528166 54242 1
733145 334978 1
223614 238572 4
945519 808081 2
976535 501105 4
840275 436289 1
633310 591963 4
435458 29031 3
986647 386898 1
406662 755509 3
52340 771965 4
862456 164434 1
830570 751794 4
511111 223119 4
252406 82471 2
181029 921048 1
615031 269612 3
347446 661907 4
254500 260894 4
800113 498009 3
820794 261818 3
413 549248 3
802156 347010 2
738797 467355 1
818626 490652 1
451879 31484 2
978726 229890 3
568123 776968 1
524552 164555 2
837734 892016 4
771298 252681 1
692470 555067 2
568740 411870 3
515278 555247 3
892552 323556 3
215805 847245 4
744183 512611 2
264347 679948 4
539881 637456 3
903685 712391 4
528050 405097 1
658603 792136 1
494299 602376 3
20980 505958 4
226661 28362 3
475375 836857 2
584029 690352 3
839958 829100 4
405707 744042 4
914646 3714 1
774977 972543 3
369330 923234 3
525311 477141 1
203586 849634 3
256062 131511 4
74799 110497 2
504618 309616 1
629759 585344 3
513451 331272 2
127578 544332 2
172375 56951 3
217982 530900 4
672021 846616 1
769196 147806 4
669222 185541 3
644399 894734 1
375826 557643 2
673468 939239 1
601767 789015 4
911513 40386 4
598206 371914 2
971242 779343 1
125753 43883 2
19637 697758 2
987383 435289 3
212833 260082 1
648886 415704 3
919704 900518 4
325438 358534 2
158830 183243 3
596033 571236 3
218901 903692 4
575584 432910 4
826777 410871 2
250472 170120 3
238972 823186 1
335076 496195 1
450781 206859 4
785193 140647 4
691835 965322 3
386238 490983 3
669102 360194 4
403300 775621 3
41663 533814 4
608701 281973 2
540409 890630 4
473274 17442 4
138918 914527 3
259285 749007 2
782592 509254 3
310256 755289 4
8275 63473 1
137231 47378 3
615062 1616 1
348896 109124 2
525426 345496 3
480329 524307 4
839541 141710 4
632328 412652 1
995482 457820 2
355912 417145 1
854505 1648 1
235176 935258 1
952812 865873 3
459415 938973 1
216335 275328 3
87880 535721 1
365677 48991 4
655009 66764 3
612683 738707 2
579075 854096 1
753406 495822 1
382133 355169 4
496355 666568 4
455803 853722 2
388561 331136 1
206773 534483 1
563164 159517 4
180770 457503 1
180888 809204 2
157876 883609 1
192773 130827 4
332369 302004 1
915401 105441 3
420453 377893 3
189482 808406 3
564852 955363 1
894733 783692 1
211244 320874 2
532173 659057 4
816467 844774 3
325602 835270 2
237130 56422 3
808199 179713 4
805092 301356 3
812368 820987 2
129278 64726 4
315050 603880 1
977611 688265 3
538037 734597 4
310890 87933 3
928463 280326 2
554127 232185 4
696068 134365 4
165379 675226 4
797012 859270 4
849633 722099 3
159518 355375 4
570096 924041 4
604421 460852 1
990125 488657 2
505444 721680 3
431674 56341 3
871647 602155 3
773551 745597 3
46284 492078 3
713530 252824 1
45319 844355 2
296502 851717 2
290296 915116 1
102777 364070 3
310311 135606 2
549204 479953 3
829590 770314 4
554483 602717 3
455839 366824 2
28419 533366 1
778761 170101 2
300837 414763 1
125167 624304 3
890654 65651 3
32441 830264 2
405919 46954 1
442865 133439 4
556985 546533 1
1093 493738 3
16775 976480 3
267058 377200 3
393759 740651 4
808481 891964 2
822957 897813 3
816004 593772 3
791983 737292 3
780826 448559 4
409307 89024 3
28461 852769 4
588274 831015 2
124324 725136 2
613003 917715 3
963821 971195 4
818816 118354 1
399252 159662 3
109995 260846 2
38099 452720 2
741289 90092 2
279329 358586 4
972293 642313 1
376352 523538 3
613802 671471 4
443631 806927 4
697950 912068 4
558413 283844 3
894534 99354 4
539700 591550 2
913966 709363 2
114256 120413 1
719323 802869 4
520955 252878 3
122338 529810 2
687332 718310 2
661280 126287 1
630964 692449 3
219914 528747 2
454215 23266 4
570265 605321 3
723857 686545 1
427708 696441 3
253112 552488 3
447363 776813 4
537035 845727 4
702525 78190 4
623681 499197 1
441692 615520 4
277773 609038 1
736047 837750 2
249953 776743 3
905485 118289 2
678068 128051 3
611265 808484 2
132166 665799 2
943274 829709 2
963691 534843 4
185409 126217 4
190611 693890 2
389166 126284 3
218581 641918 4
664156 249053 1
293693 303047 3
578647 829835 4
703905 289815 3
515025 786540 1
852015 975955 2
135409 349745 3
633688 264590 4
247909 152301 3
737246 970393 3
224483 478667 4
717592 13376 1
151940 269853 2
935250 606909 2
176807 133421 2
101608 651108 1
530951 357131 2
258851 51708 4
751351 523955 2
855952 379435 4
519650 41893 1
29891 459283 4
80924 744800 3
953417 422742 4
773609 697073 2
770900 596018 1
288407 987315 3
743249 998283 4
373096 286453 3
133694 958986 2
658753 990427 3
311952 855562 1
551617 90907 4
439880 601895 4
231550 172083 2
217741 225349 1
109063 115293 3
149339 477064 4
789678 459911 4
805521 562153 1
849550 638323 2
918597 977352 1
109185 235441 4
839059 732406 1
289872 295054 3
734643 849841 3
563434 269123 4
744716 792227 3
943112 596431 1
428801 983308 3
850444 450176 3
520897 484104 1
279322 956263 2
735424 654771 4
194438 277255 1
259160 128631 1
93432 669797 3
875674 694641 2
525893 535897 4
888635 128758 2
534473 35416 2
497484 650874 4
348586 185106 2
687883 114196 4
907687 850589 4
739187 447806 3
50136 957505 4
718106 885136 4
41258 357422 2
796707 512074 3
213774 160888 1
965323 351465 3
714596 266182 4
109500 466224 3
35483 501500 3
20314 591238 3
770730 281561 2
673905 290727 1
531785 606111 2
480220 112227 1
391698 301960 2
774544 757645 2
878570 221278 1
259713 797215 4
354376 216392 2
793306 86040 4
168951 272913 4
646320 193422 3
684580 911928 4
632242 677286 4
724611 680692 3
752816 991224 2
728211 408035 2
987373 671233 4
927838 895536 1
887317 155714 4
279114 145183 3
596395 495107 3
231217 333336 2
818616 955425 3
319335 818800 2
350261 505778 4
655953 330394 1
884598 998702 4
351556 149671 4
813118 846290 1
496400 966331 4
364137 553850 4
70816 530471 4
537882 50871 4
940892 89275 3
807959 466577 2
621603 72466 2
903946 173670 4
359120 972104 4
972402 67966 4
385901 654675 1
809684 375740 1
790389 258357 4
952331 983786 1
260018 794933 4
295546 902067 2
161983 121486 1
460714 521058 4
325497 801911 3
995443 823015 2
350241 662320 1
61415 471518 3
37500 428975 3
234429 672742 4
951226 684546 2
432325 625253 3
183792 894075 2
350392 850606 3
996985 129666 2
663838 566455 1
408034 51280 3
416134 159827 2
712853 66843 2
730029 420832 2
706743 796985 1
506879 620343 4
912771 542303 1
827698 791978 2
452576 808112 3
112403 408307 1
217996 89297 2
816620 185386 1
709194 920081 4
924782 731629 2
977908 496180 4
190633 676682 2
485527 592795 1
858000 958492 2
324244 147889 4
981641 495345 4
813354 834259 1
46508 238016 2
310573 21312 1
376746 839682 1
440903 914521 4
133979 886955 4
342289 908459 3
713791 761465 3
546268 846098 2
444237 678041 2
751325 422528 4
345804 389837 2
887931 259190 4
902742 844555 3
461792 341625 1
896947 551763 3
49208 862516 1
40069 680285 2
142619 5643 3
614718 968780 4
352741 307834 3
122770 327780 4
285051 743215 1
557070 830739 3
257408 975408 1
148666 737188 2
261572 513327 3
989943 813602 1
928046 307535 3
280184 127746 1
705196 439895 2
416077 363408 4
600434 752600 1
107025 923709 3
485497 973614 1
545473 527491 2
492757 513593 4
364607 829791 1
873760 952605 4
439990 902862 3
457655 688993 2
707752 804917 3
392720 913167 3
50489 767430 1
857422 282662 3
576098 306007 2
521170 4149 4
584972 553293 3
926546 448113 4
259454 390095 4
382320 334320 2
979446 263455 2
954288 411648 2
790623 156375 1
819289 826595 2
92993 356478 3
18177 798401 1
795705 21618 2
727578 513506 3
253981 37506 2
517479 159316 3
269846 613517 3
835886 65429 1
724093 981435 3
488352 990296 4
755329 900056 4
6993 563424 3
169754 836179 2
75715 14255 3
130512 454825 4
224203 287654 1
108696 688966 1
136305 110642 2
850879 499783 1
274214 786866 4
122849 873267 4
673418 397600 2
404060 744810 4
741607 397231 3
549319 317507 1
437628 437418 2
360637 18084 4
480484 700560 4
415117 983332 2
577180 276291 3
478215 520633 3
303655 663536 2
840656 318877 2
759016 381321 1
743939 315025 2
114442 904330 2
284105 633549 1
62694 369882 3
100731 912988 2
180388 891189 2
900704 670627 1
333900 536559 3
627160 153281 2
805518 563885 2
883184 411298 4
875341 674784 3
111701 645339 4
555920 485963 4
861827 13834 3
709148 272922 3
443395 801361 4
948877 813710 2
873320 215068 1
712487 997075 1
326026 153441 3
972513 491518 1
260832 471585 4
909902 872233 2
408980 716602 1
224163 417155 2
131270 323192 3
435197 879375 1
716364 537107 3
285355 110501 2
554449 130247 3
467568 781334 2
874926 807233 2
334037 564472 2
298767 182158 4
728467 157933 4
766335 916461 3
690247 949878 4
847824 314013 2
128796 324066 3
812695 344279 4
241174 675698 3
823997 679748 4
398865 306886 3
822661 184438 2
621430 177837 2
48765 198976 1
673057 204558 3
718677 598210 1
525487 138569 4
421244 727309 2
783967 441171 3
65059 467129 4
672408 835126 4
451225 382728 1
145867 186873 3
428546 235841 4
853225 338302 4
407334 609497 3
164262 405173 2
681600 746498 4
326588 655994 3
227796 997735 2
503791 182876 3
158914 869479 4
486113 753937 4
563321 963138 3
269638 672444 4
899353 375378 1
356763 536602 2
45637 660601 4
900994 381461 1
610405 648548 3
783539 668733 4
11364 272248 1
522142 940126 4
351260 196582 1
120362 996067 1
295613 357350 2
277083 21372 3
705562 169839 2
484977 38189 1
773850 907948 4
112380 630497 2
199386 663417 2
199415 158028 1
834774 126427 4
435818 513484 3
149924 631943 3
737184 685 2
144811 978607 3
537608 475567 3
693416 70916 2
455621 407583 2
589842 124270 3
515111 47137 3
377223 798040 3
20673 128976 3
823755 237428 4
301700 454829 1
97929 443516 4
521843 805421 1
120890 273065 3
891318 940497 1
734647 289018 1
887243 200208 4
394003 962466 4
590260 872490 4
22001 582532 2
595156 177035 3
623532 37624 1
867802 932413 2
801790 496499 2
77267 554997 4
493382 407185 4
536920 225057 1
914953 282821 3
149367 804238 1
988758 372201 3
579961 716219 1
644296 52709 2
262968 812452 4
770583 479306 2
294227 187376 2
758464 229283 3
907179 238300 3
643363 416021 1
294211 439394 3
802166 412226 2
847766 256648 3
249648 807358 3
526489 569653 3
910390 873799 1
91391 527736 4
383739 117734 3
223801 793777 2
552516 284248 2
503159 295174 3
14210 174030 3
619626 440883 4
561658 585037 3
366719 937596 1
561658 628886 4
531547 82699 3
789217 897512 1
540447 536831 2
64967 504096 4
757590 53129 3
701494 7572 2
915115 942301 3
840163 572634 2
652511 356319 2
686590 730381 4
375573 890974 4
811195 570457 1
63185 324246 4
249200 495994 4
324467 603789 2
818388 840256 1
920470 199122 3
708509 761653 3
642761 464705 4
673228 855599 4
524067 392321 2
408912 320280 1
164921 107058 4
558901 516496 1
418161 100387 1
484863 785429 2
431460 290264 3
472908 230543 1
175379 265475 4
699574 813946 1
203611 715305 2
752990 994754 1
129697 426586 1
82334 991217 3
641658 530246 1
744060 829510 1
944900 279603 3
574162 658882 2
647983 323921 4
769569 155921 3
663878 684800 1
524546 541924 4
543976 661302 1
375824 728051 2
918761 123630 3
672624 367869 2
368496 285318 2
912632 8713 4
314334 970480 2
82935 74422 1
895925 4849 4
516343 803438 4
288714 320221 3
873084 364463 2
405481 927820 1
150504 339601 1
931246 58442 3
381778 952741 4
320811 907133 2
829028 574374 3
794813 273101 4
357406 956655 3
254914 829711 4
401349 802697 4
853924 70627 2
781848 398103 3
861062 106702 2
406128 845904 2
179763 284992 2
439506 320509 3
668787 358416 4
531942 989820 1
511329 262075 4
486536 315260 4
297918 24429 1
271542 855008 3
548152 764402 4
308459 900246 3
228626 402647 4
643640 373419 3
304111 95370 3
310005 962881 3
58493 135981 1
465019 19859 2
630293 232498 3
7656 3430 1
23295 294064 1
14861 291010 3
417739 193846 2
846880 773471 4
860432 661685 4
91279 601906 4
943896 233385 2
814515 702508 4
942526 649726 3
164023 77081 3
325998 766670 3
163731 995602 4
10085 669274 3
352910 539435 2
952911 606766 1
200739 637203 3
401462 733963 4
861885 269753 1
972658 812687 4
43137 603326 4
666697 982588 3
730415 909660 1
960610 701258 1
831990 790454 3
636889 458902 1
706785 459072 3
812499 978614 4
865348 23690 3
303833 130134 1
622830 380792 1
190951 437786 4
835601 884406 2
740992 284029 2
602219 189249 1
672829 742047 1
774726 46599 1
95243 461358 2
846928 113735 4
482018 882563 3
81867 17294 4
119592 146327 3
790105 524992 4
580613 769203 1
195892 799086 4
188662 321557 3
179411 888802 3
414990 943982 1
420095 147533 3
684423 969361 3
8591 553798 3
68076 75129 1
651802 849691 4
95251 42429 4
403180 625105 4
731679 211160 4
753796 603530 1
42596 523018 1
407686 164749 2
887122 611298 2
221794 813946 2
896972 788718 4
468661 123574 1
575235 652356 2
693564 21891 1
353025 606038 2
754054 900379 2
546474 652386 4
500701 105356 1
918421 407261 1
990639 72359 3
372656 253846 2
670664 660770 3
784123 6273 2
995922 335107 3
311947 816996 4
491513 126525 3
381668 898002 3
551079 540594 3
406282 809993 2
171440 776768 2
597671 404808 3
934544 56641 4
749009 791639 1
247799 73468 4
723226 345762 4
302291 188076 4
795076 831127 2
175129 897394 2
633880 67474 3
642573 4927 3
106824 352245 4
369844 277086 1
785020 753861 4
205879 252341 4
793497 436149 4
33126 444942 4
338029 579429 2
478962 690591 3
628718 748102 4
456876 658654 4
849050 679801 2
235003 433226 3
700994 669460 2
213866 284608 2
4121 718385 2
674708 543439 4
648412 2212 1
154815 36987 1
44968 940093 2
413747 270872 2
268486 990096 4
97191 416171 4
224582 752827 1
92957 695856 3
674748 348743 3
543607 710182 3
691293 938487 3
163887 223230 1
555244 165772 3
483360 101484 3
888771 884393 3
936545 733427 1
812756 372296 4
339882 470354 2
215346 864652 3
430936 317359 1
759888 782675 2
779149 204049 4
461106 18009 4
290592 178616 3
531019 472037 2
712371 961521 3
802163 267265 2
537074 61183 2
858952 179527 2
169012 722574 3
968803 976662 1
953973 367960 4
476121 256030 4
548963 345269 2
669894 623083 1
827328 581360 4
344983 578889 1
972295 841185 2
890354 21232 2
948983 368511 3
799212 30359 4
905810 731005 2
67158 668468 1
536625 675522 2
362834 578606 3
170691 14101 4
830799 234408 4
205202 934452 1
993097 714740 1
239884 40821 4
92142 18539 4
30244 458915 3
48457 932460 4
627720 273149 3
612616 423072 2
566948 487876 4
670120 489191 4
742029 611238 1
527723 126340 1
842384 811246 1
311389 422455 4
283559 188043 3
452384 457531 3
272085 114499 4
969247 546475 3
184357 123683 3
740872 452615 4
466066 698456 2
939006 783425 1
983897 216491 1
38714 67478 1
403577 754063 3
845104 789693 3
185095 694768 2
244197 79942 2
938712 787684 4
415994 731108 3
527081 515416 1
151370 150397 2
858928 293582 2
462453 162187 1
67924 25302 3
463805 976692 3
394069 722557 2
627623 500688 3
269327 359756 3
921000 385943 2
926967 791660 1
976397 230499 4
440251 275824 4
66459 624571 3
633205 577417 4
29621 144661 4
51999 199094 4
614455 91278 3
474143 891098 1
243064 789824 3
39934 927617 2
539652 207400 2
113024 656344 1
743344 824334 3
471143 851083 3
429838 180755 2
671448 269724 3
663463 436081 3
219419 845426 1
625389 44676 4
455513 831444 1
506764 262739 4
703108 979991 2
592774 242118 2
763743 903421 4
961724 102116 2
869958 712072 3
97087 170258 1
586122 613677 2
733995 768067 4
993859 824209 1
644908 944000 2
933558 503937 4
917113 900356 3
598488 116079 4
251967 293323 3
27505 272332 2
94634 21192 4
308652 297869 1
541171 551241 1
147315 502328 4
704936 165863 1
799906 761102 4
820945 715114 2
667124 385859 2
747937 71311 3
506194 456553 3
678265 800230 4
378761 580437 3
892938 596580 2
37477 451618 2
626741 873789 2
688174 840073 2
771572 544335 3
636879 473512 1
811022 234671 3
297267 589852 1
89973 766182 2
189215 731095 2
844644 399650 1
589446 131546 3
441002 46164 3
830167 142236 1
735710 421897 2
968730 754000 1
513055 293135 4
732873 717087 1
960050 880500 2
950444 375182 3
553294 296568 1
920645 398087 4
595657 180962 3
564435 156391 1
814357 632037 2
972043 508079 1
339593 256149 4
866986 466395 2
206574 608792 1
78052 938196 4
319497 38567 2
875036 324336 4
526574 296906 3
760788 552884 3
249823 897177 3
881203 882255 3
746271 625613 4
577772 720903 1
303205 791302 1
510026 267719 2
826262 904284 2
884902 613505 4
385639 804434 2
2397 245094 3
479006 954722 1
241146 98426 1
945430 870341 4
87960 462482 1
377374 861315 4
689952 851867 1
747826 378122 1
910370 828093 1
674814 187865 4
642317 530307 4
609831 519224 2
783049 975906 4
554467 793949 3
576513 50912 1
530489 407730 4
892641 175699 1
988633 461313 3
58197 564542 2
807406 803744 2
825577 592203 2
315433 648079 2
402716 354214 4
716380 387995 3
257172 980018 3
962212 565896 3
577841 852799 3
903898 474489 4
614205 63635 4
507735 505168 4
581070 993661 1
741995 728333 4
722641 609255 3
954094 192356 3
565735 402824 4
843247 487455 2
607404 865324 2
82369 428628 2
902604 775765 4
39792 769998 3
742830 275038 4
767927 783949 4
92011 920774 3
482320 729926 2
970328 917874 2
51670 984241 2
15925 421221 1
672314 318240 3
379338 562667 3
621010 109983 3
348865 757021 1
895518 811289 4
813221 152685 4
160081 84487 4
92518 25807 1
884536 723969 3
620951 218163 1
380393 237026 1
502525 256189 3
169295 294474 3
379104 548448 1
401547 147257 2
184699 532891 1
455327 559690 4
313857 273090 1
950254 552584 3
449806 755135 1
212973 402842 1
267469 255438 2
491131 224873 4
425499 382584 3
251465 931555 1
371438 103400 3
772820 901132 3
460043 594193 2
42669 463897 3
586666 675205 2
828447 428481 2
648256 194122 3
717653 271408 4
36037 545054 3
286346 295506 4
613761 273097 1
615171 567744 4
109092 31235 1
489452 14283 3
799931 939545 4
999135 699048 4
234229 197159 1
522845 750738 1
288890 922222 3
344988 114468 2
877536 12214 3
938422 485463 2
961528 449747 1
438499 372331 1
6839 966023 1
805220 69683 4
416086 282212 4
693012 713228 1
459204 923324 2
253709 501334 4
677903 851698 2
110611 903772 1
224981 761178 4
457313 6574 3
753280 389495 3
721891 368391 2
73988 390173 3
931738 144485 3
483795 311931 1
62448 783339 1
836488 6008 1
487307 876971 2
724320 284235 2
205583 398015 4
314170 676292 4
661376 628662 2
271911 272907 2
30031 651035 1
55343 723367 3
408871 188921 3
496814 389866 4
385779 735675 2
558765 605512 2
33075 170219 1
335039 386181 3
782533 978983 4
459056 745228 4
112860 244415 3
82132 227368 3
876615 974882 2
213180 397955 1
794288 293065 2
393518 937187 3
572496 711915 4
561100 362749 1
911010 680109 4
233317 630164 1
434001 834430 1
247371 266246 4
797651 337750 3
768256 775034 3
511842 65433 4
734936 230967 3
398808 282938 4
41246 554752 4
525126 31582 3
888799 574424 3
415152 257672 4
540710 716337 3
678648 847291 4
49342 675326 2
34525 332407 4
953283 413419 4
428850 572529 3
560416 23074 4
343537 387787 2
849927 579986 2
334668 839715 3
533703 947401 3
248413 496001 2
489291 419229 3
961356 832080 1
129832 338272 1
899511 764166 1
42647 216362 3
855440 666666 1
580527 355675 1
265478 480932 2
506967 376110 2
337848 435157 2
908966 934987 1
372194 694767 4
991864 796940 4
310323 833473 1
387172 848755 2
709362 630743 4
22001 52124 2
346918 882029 4
14074 331800 4
110939 782130 4
358022 119874 2
835789 497919 2
363864 461921 2
228242 808628 4
10077 295899 1
154747 771084 2
715834 29169 1
129581 471305 1
599422 449967 4
975178 162017 2
190048 646386 1
274171 632381 1
727080 658953 4
773422 882766 2
750318 656699 3
919640 47849 3
971437 5941 3
31420 830572 3
26247 337436 1
157689 337331 4
516001 911654 3
154787 398547 4
568186 770582 3
229868 131104 3
720279 395866 1
632871 282293 2
717192 857804 3
12896 594222 4
984202 527107 1
725052 134366 2
271709 338127 3
710481 909697 1
830183 975092 1
776218 269552 4
216869 990848 4
312198 727375 2
28824 665540 2
735567 951374 4
538776 574097 4
490087 836368 3
207366 152375 3
918796 987924 3
949154 176230 3
359507 86789 2
608885 948409 1
35261 724713 3
602172 293730 1
322667 612626 1
866539 230045 1
991741 624724 4
540294 926364 2
693945 705473 1
57636 877929 3
821909 490286 3
685170 942398 4
197370 340064 2
684590 115852 4
859199 293421 1
911925 262779 3
37132 835148 1
689663 192848 3
308507 825025 4
197253 770586 3
226533 365621 4
455700 611009 2
108489 164214 4
874323 956612 4
560917 456367 1
757519 601621 4
772990 443983 4
537397 306471 4
291616 51144 4
236287 463084 4
142928 71349 1
173897 450331 2
52690 516781 3
343746 371787 4
500431 639692 1
952288 64411 2
895860 249751 1
865060 276205 2
429165 929191 4
159119 715410 3
640795 227577 2
687845 61577 4
839052 699962 1
505421 661871 3
778579 209320 1
696749 374079 3
891073 629505 2
284450 987498 1
704763 30458 3
557749 269159 4
847390 376465 2
50187 804355 2
532012 711053 4
11506 907387 1
795659 670118 1
985145 758806 2
215436 328166 1
740171 833727 1
220958 692304 1
549424 216254 4
608565 888773 1
413512 871426 3
510872 940946 2
12702 317693 2
668335 363559 3
163544 915532 2
647354 609566 2
767902 330885 2
735092 312643 3
771640 713375 3
77421 142693 1
962383 336483 4
482980 96739 1
909224 488164 1
519856 356416 1
811814 339119 4
885819 851484 3
967916 220272 2
574979 751505 3
322599 312875 2
786997 387308 3
958430 132987 3
170410 941219 4
876102 628627 3
329715 263285 2
629180 884127 2
80424 491622 1
70983 558430 3
136822 96337 3
145298 260091 4
395529 477012 1
660454 250524 1
465010 254919 1
552138 744620 2
911625 229363 2
533357 774255 4
881636 103261 3
547296 582511 2
736714 263354 2
92613 567336 4
600177 872419 2
901824 597346 1
556416 582431 4
739797 71912 4
334817 51669 4
709105 493129 4
603768 839575 3
294405 310078 2
381352 481408 2
66543 491847 4
168646 522813 4
377437 414201 4
9926 156599 4
481170 373407 3
681122 398973 4
535270 867192 2
330077 869973 1
35453 625168 1
143052 785065 2
100787 675731 4
963121 126310 1
204083 78506 3
455023 961126 3
496200 482288 2
656591 108327 4
163797 312959 2
363844 610982 4
564187 146562 2
55182 418795 1
474024 59139 4
809326 286950 3
147892 176684 3
443032 965381 4
436529 641038 2
191857 919588 4
879558 165481 4
699799 443505 2
918085 270764 1
220907 16706 1
919525 117371 2
930568 728206 3
397355 322823 3
875464 136516 4
167109 700255 1
517836 290356 2
506762 418720 4
34466 584945 2
497602 544041 1
317659 674142 2
770430 304877 3
150208 580641 1
373100 218526 1
683458 6662 2
438223 175237 2
661384 224405 4
824672 998617 4
368440 771132 1
387952 681131 3
989261 967954 2
613546 457263 1
297444 567840 2
69446 414212 2
982754 965639 2
109403 568640 2
346643 721138 1
54273 388322 2
93301 934444 4
640714 539691 1
136937 587599 1
169099 321950 1
474898 490276 4
577641 437329 2
282789 885053 1
69524 710211 3
914453 116550 3
510109 366315 2
593533 444425 3
605722 750237 2
948424 156150 3
506633 203773 3
528806 242091 4
683535 290611 3
122208 959351 4
870102 556401 3
648940 793779 3
510688 994795 1
24492 612716 3
594593 404769 4
771118 327062 1
992124 360542 4
524333 425399 3
259299 682650 2
947179 283461 3
170555 406524 3
758309 271815 4
316100 415977 3
508532 721338 2
91249 80761 2
422963 847481 4
514834 53228 3
953414 599223 4
454783 984778 4
828916 432813 1
880144 424532 1
31586 588130 3
206621 580582 2
868642 222048 2
61397 187846 4
45924 250089 1
926340 198495 4
605604 96005 1
781579 68227 3
90960 87393 1
436590 60674 2
250292 923467 2
785524 681542 4
686358 352909 3
88784 134348 2
529081 147531 3
30291 154212 1
534754 66049 2
657126 453201 4
667361 428265 3
483598 969002 4
32421 229281 4
82537 722976 4
828240 350918 2
812890 103523 3
431832 270289 4
140265 40655 1
964413 568404 3
930087 289838 1
843110 578886 1
576804 387808 4
200376 39491 4
187124 88907 2
166526 111114 3
490510 386174 1
887725 926456 4
514648 529632 1
839197 593518 4
238316 332045 2
307578 537990 4
65420 782148 3
43461 425429 3
673342 262576 3
171388 828029 1
999570 1127 4
576895 441184 3
656853 964572 3
349567 679323 2
56305 647958 4
543158 877463 4
438244 637096 1
566717 176560 4
319012 378060 4
775143 285197 2
125997 435369 4
478970 188903 4
574419 335686 3
619716 458356 3
610349 285275 2
64848 928086 3
794822 107733 1
435275 593098 1
41935 597131 4
47928 757864 1
270357 653062 1
332323 227445 4
993417 549672 3
913571 613532 3
200165 309659 3
352451 193549 4
65548 979189 2
103527 645956 3
569256 885316 1
934263 31890 1
832977 268703 2
35766 306707 4
54250 266156 2
751875 472452 2
624292 246915 4
2914 493465 1
885975 2495 2
451652 163081 4
973491 10172 1
975646 965665 4
37725 255286 3
153710 96106 3
599358 405076 3
100311 503804 4
786260 460192 2
565940 965321 4
112806 310198 4
61082 607607 3
360845 194064 2
849766 831750 1
730065 16101 1
729466 285109 3
594981 668752 1
816254 724469 3
337129 706092 2
201240 612702 2
211223 650930 4
629925 423482 3
910333 785716 1
606396 921513 3
188162 71829 2
801064 639120 4
258817 847220 4
226112 890878 4
670797 460288 4
695086 908036
891324 716841
250038 625749
246149 724634
936570 958109
57140 289297
306413 945801
3063 3353
503236 538599
453857 858135
951714 175776
250219 648806
878243 213831
588345 873763
312669 515192
248808 498732
499801 138304
262950 526178
248881 565756
473199 464967
700356 771086
815122 540479
843225 294601
889787 965501
752937 723926
418884 243037
427923 363740
537468 827224
730443 327099
144098 109425
780792 26445
166973 172484
460636 763184
59434 152858
834084 379320
227284 120606
732565 329638
120726 518726
321065 517273
893695 63065
984576 32224
903972 295026
802488 604472
518482 587344
689682 859458
929321 609060
36623 499604
856562 296012
713652 424343
652218 133185
942687 521354
241151 461960
120098 377183
78369 644375
719285 774214
768208 395650
715828 696357
308855 852775
234169 414607
211338 848510
581914 208591
189480 338425
924063 841147
428702 856553
945574 370966
78880 316098
241437 105216
792292 374496
17311 882065
887067 886892
644194 820259
272808 588251
69606 212600
490992 393336
28675 474497
783625 600005
301610 293924
59320 757204
263880 867766
224914 482137
367594 460996
706859 589647
907464 454991
917480 775606
174905 416102
907103 530475
23383 324649
182183 211595
647796 58230
18936 489593
736008 106132
831419 596691
777952 599970
423628 898692
485450 397659
781320 856720
899818 126286
52722 735197
457096 935555
870070 940319
452676 564993
940582 548538
708905 255075
883925 5478
276221 34515
335415 592208
383238 924712
265604 10424
70185 814943
314272 627551
324229 905159
653361 797297
818309 551265
198906 359169
607958 528632
934992 591867
828380 892570
740492 427373
301110 902900
608068 100832
561646 537091
102915 306369
564681 605281
652639 592108
763800 929963
165055 277580
279652 687584
889085 968895
791578 304159
294533 522802
344055 69993
827862 508024
476864 935555
469440 565346
299405 283560
295607 336200
353480 7926
61919 738923
197978 136903
797633 984081
357102 730315
305260 63589
496334 688792
73078 797375
171979 623677
508445 289386
498185 703747
17894 871711
815760 336653
311972 981835
570745 97666
498843 821387
706146 825698
847980 670241
521817 574541
449908 753341
904834 326640
611487 585877
522368 214917
951217 115506
269651 602196
965407 430521
915328 243405
800828 950138
630464 485937
46003 531537
228317 710437
643791 907273
933511 610067
572329 987864
234107 474260
536317 352266
62451 24341
987510 499861
443399 810664
731780 505623
536524 136244
673718 823515
868012 690931
46299 273479
389900 993618
106557 220981
369573 6084
147484 807225
26812 348086
319055 374741
79601 969827
816056 250812
807944 137521
208928 205293
912086 284479
882121 823460
656593 465433
542532 374971
91973 769375
326488 580433
448100 825432
565339 360829
316126 578187
264013 867081
893849 424020
515452 31978
293399 463212
966531 704136
945603 65321
771469 929124
77725 432383
869753 64181
577274 147677
660546 232084
355198 292023
783909 104002
569145 37249
937612 498532
754073 939665
575015 759548
534205 142515
889898 954250
693742 147755
330457 505518
199037 515763
29815 161398
522861 445120
30244 578823
876940 378732
562849 910243
567525 505127
190693 935249
80851 435720
965522 677931
939878 936195
886099 534420
888764 929107
842930 157092
479350 414367
503302 383180
373500 313567
784716 610731
143060 226800
658126 504340
962443 607930
188995 170590
778640 87621
324621 609763
264149 296747
981044 147778
102701 728073
731267 34311
581513 217645
732492 468060
945991 842646
175120 88696
421856 155173
116631 682793
407520 609661
997754 416173
674666 265407
290740 15179
24494 101590
115842 588501
928403 681079
28285 382196
985693 413715
720057 68048
518165 797577
753443 703031
832871 113308
494022 165264
186444 899774
730291 745640
612369 796598
609451 949095
970794 954592
48749 680601
813339 279577
649651 374616
532858 209660
903830 816110
869599 808457
533040 967947
39702 162559
280879 771339
149448 138208
914990 112368
380750 495234
13161 826375
258880 968204
689748 588075
816146 259818
236988 726823
556002 153949
629168 38987
287858 671066
526253 5035
384311 245696
636695 745602
191711 302168
351502 718744
658896 330193
9540 364368
347447 325881
104306 30569
743931 529088
226050 110220
258283 107185
548128 802300
517891 403792
978576 376068
404814 592291
568916 137427
941071 260522
798304 582053
906179 324830
597408 323992
149349 554435
874255 925567
353170 894753
846309 345074
288545 584367
334109 435978
887859 862320
110580 71526
475665 65660
662549 238782
831860 680470
188291 764625
376166 491379
418363 703961
784542 767232
685429 11503
743451 291200
536597 592193
77641 439233
445758 855224
874272 952413
312455 192942
920364 635898
860540 410197
50490 367423
527577 98514
227540 949827
252756 118160
927865 456057
868857 780833
831787 557450
373347 725762
894944 902847
997741 916569
129982 630398
626740 759102
407577 410412
980800 79033
479711 605305
611049 981442
938639 135630
443058 23707
111671 491845
774633 606869
79012 991672
770934 860730
936637 812943
948689 560312
271638 324826
873462 663619
723071 76846
245729 788616
248673 829129
855137 369417
425774 972402
61649 928321
528576 938700
186912 542631
788823 99015
713644 542018
950475 303026
271935 543996
856507 844428
580956 701563
390575 938775
562364 804345
749091 688087
958526 293399
223551 600797
450689 825351
853140 486544
289480 390632
976278 404451
899228 52448
475838 118646
929734 201927
741655 687850
787273 23732
961553 593035
978796 376447
671912 438686
617777 235437
3630 812699
578248 413990
434681 736422
428277 568678
166864 49450
174741 227616
705615 4423
75068 154798
606246 619112
581669 481875
179781 112972
928904 215539
202219 560533
218182 889898
12560 615828
410329 71558
534302 906459
720946 221129
854654 28644
145924 926670
594232 211402
658202 307221
964890 910950
614384 844488
476107 688191
408432 630295
785437 486201
455818 680456
238756 329009
628584 203725
783813 116184
758424 469485
694586 844246
897855 723162
729404 474681
964815 672651
433637 331677
50637 768538
656942 606638
262379 122726
915736 526202
679411 343749
781606 188794
785805 392669
465849 253891
952469 66943
915192 375692
355200 253140
678881 833103
797387 808825
368845 323756
290660 777519
354663 692734
14401 308412
579685 529725
399776 939587
808799 256462
620980 487216
802835 216839
940580 120302
839708 419981
792648 319862
153961 83129
127672 611392
467617 515551
418466 68208
521119 300631
614341 49457
862233 767099
176870 363243
808203 724974
291918 305850
604804 882551
847070 888075
817964 343344
936760 477404
18793 87573
787679 119418
93096 987984
410932 872604
844172 994057
608563 734542
626733 295764
797845 900008
106022 880340
581596 276083
739681 433639
573148 64893
431284 565332
507079 693437
368381 919616
906775 355581
731908 768432
278277 644096
545505 570372
146071 691825
211227 410948
731357 186148
129698 543058
914937 919429
440073 543746
569984 315957
612199 912413
883322 246499
223951 955665
923289 120464
239242 631353
661576 861826
183768 397683
443166 893018
397580 650235
796389 416706
945077 2844
167537 826060
514809 748479
22566 304369
408875 487499
951886 720410
141664 2536
28367 6476
266480 768417
876046 214910
661361 286998
942602 483726
956512 963946
834145 743736
831703 16632
52741 527509
195457 585378
107789 588925
199910 767853
665060 459858
427221 823611
73401 164257
987256 299240
237726 633570
473643 103387
220472 107693
265448 285148
326449 673199
25129 814471
138816 137331
509013 834452
64813 341887
95395 764049
517960 883571
416180 205950
883828 898839
607854 809186
880211 161267
76256 515297
668915 585916
7665 238668
155956 576096
193335 761122
524058 874877
574316 71191
928372 441882
886643 458004
201563 697480
445686 388056
339568 682950
53588 411557
48072 731984
240442 532880
12729 552732
208858 773302
781941 876951
391188 389834
559316 5109
772137 73049
106342 435267
71840 893795
204293 697427
428133 577174
208228 762093
139865 747996
281582 471135
383699 589011
399351 721755
55133 370777
317832 604645
127715 627709
585849 251335
794285 650264
338532 878271
752496 146413
832900 29411
117775 51979
355782 441594
2951 625162
703693 942215
135560 239230
430778 980736
637167 347224
651002 568368
66940 705013
818659 191271
823883 950843
817587 440548
263804 75389
581253 561459
828292 423583
753320 300432
46939 735376
414970 707899
269716 632828
980930 663398
366408 490050
578179 551324
915195 231418
178517 23211
89261 86433
334518 74518
296810 674123
882326 174868
981523 680848
820411 934370
150202 163685
559916 20867
515942 724421
30781 892715
416728 501510
166444 476414
619852 67544
50773 854553
540254 144390
55356 267474
901730 63834
137733 176379
381625 638469
341617 183844
286107 798218
953479 978299
100496 971014
731087 871580
797577 746662
829402 129360
267543 610438
198929 901176
669050 988006
995355 131928
26384 676993
557057 338964
506289 853683
854705 828486
650302 263939
36210 830626
248999 575163
918029 557867
734631 601177
421937 977730
348559 792074
244217 610349
969981 593141
102919 886925
739616 530308
480110 415183
547893 494605
921554 960680
733426 709609
315866 530528
35337 223429
297084 820491
46171 925763
901856 54006
344639 317489
480647 263671
473888 835911
962493 938046
588959 816870
300406 168748
198664 946147
90589 752418
818177 330817
792069 40250
540333 573579
809979 22541
809713 955437
770188 958299
912093 45869
683845 625793
998773 947292
471571 414250
399912 548724
327314 707475
526298 198195
412662 53170
163200 711422
396904 596783
849897 544187
122247 582917
7631 146503
191673 658565
421990 933318
72380 672956
150934 91313
812644 183386
66707 678720
138111 321581
997757 916955
30742 378468
856528 672692
571215 320309
364383 797026
305958 859393
413300 676123
391242 213386
757194 862182
60787 854885
381672 937403
654880 450091
278428 760907
647626 788081
795048 998713
571555 204288
793175 828521
46760 711062
347419 859196
555944 91945
279287 206391
477857 44458
215478 71050
551607 311981
149975 161573
390235 213998
866563 735433
859738 815202
180778 887622
570351 570779
588931 44764
106165 984408
913490 864167
75754 70052
892849 616101
852188 710639
266723 532724
330725 405888
694208 952355
330669 980288
487709 245225
968879 735763
173709 195282
21082 217502
254782 173111
329304 17191
583098 497935
147088 948114
410977 998549
674218 224384
587580 572455
680746 986799
767880 898371
465722 969654
693565 931707
571249 656525
302024 532588
425902 985570
782025 964445
709417 403059
389377 445626
812455 699653
751001 429852
147724 544522
355788 449239
59862 44286
435397 2872
982420 99175
250841 573553
329253 909614
297724 816235
298361 166082
946372 864754
367200 429956
971967 928061
592918 629624
617133 305107
385632 940014
499974 569473
964955 455342
674136 665152
922434 648677
920190 673838
104938 148507
984716 383549
519429 367741
751751 261598
243507 830059
577324 636544
527808 61344
571014 426539
164968 564179
190802 848561
580810 620247
58389 501230
687890 855430
485612 786011
182838 698514
678615 443018
355896 312353
973037 588173
299784 283063
159148 293716
521387 707187
414978 354672
947602 188456
604839 904263
976792 293243
82285 207742
18515 676314
76272 606838
751028 932453
3300 295534
480184 546668
394155 880669
982032 432853
452684 528744
383438 770837
320258 69480
268885 507286
518795 583789
644525 151639
986156 270069
387491 996496
854154 883875
743776 828543
110837 964739
77068 288532
324376 726597
550190 170859
105259 519366
825831 759767
206650 325459
650440 411535
742494 914136
168437 430606
668485 568106
176213 300040
442039 869555
245925 888099
603496 11886
966883 793691
577012 244065
929201 112872
152981 507359
724989 858042
651523 109593
423830 944180
179249 313282
98783 105921
329809 818139
256332 782839
456059 519925
671060 191084
413729 648377
262363 951046
876999 506718
798542 738713
821866 651754
503933 402735
124420 865868
656357 416468
338205 344300
647686 664659
629802 164505
707261 17548
561107 494822
409068 221326
976296 299628
645486 673726
748124 246785
354200 969857
98068 441567
674671 71453
687350 156747
738608 715142
503594 139703
580664 442066
470938 438783
640143 23086
529817 874747
723621 759344
778544 151255
425587 42285
540098 573905
996750 434635
683408 433100
902354 346248
27892 836727
351368 308655
475601 587637
475398 425617
110516 188042
474943 615956
582357 247267
923443 433007
492591 890242
343762 745679
898169 168536
309926 691039
179320 370439
289800 178959
605930 161594
732291 649468
336230 481903
121351 664471
54730 231280
745902 340975
866544 245381
849185 660277
772381 389091
190469 111484
697085 398293
413866 373449
771213 725619
199318 43619
814244 984251
481776 955481
762655 8792
437222 910143
161154 85946
883190 395618
504157 983143
602071 649512
171337 68628
207015 966114
245865 347541
324694 170832
