2580 4 3476
602202 838476 2
501741 736449 3
143479 489666 3
880343 222337 4
189626 537969 3
649871 936451 3
420287 727537 1
358413 722382 1
488248 884293 3
629869 82595 2
108645 494740 1
971060 985754 4
13749 167070 1
425286 678512 2
97379 234574 1
125981 697871 2
986948 598636 1
528776 832032 1
662462 936985 4
752583 907955 2
304747 578522 4
782298 134799 4
613147 455118 2
280336 569846 4
291519 3424 2
171324 14596 4
891512 162793 3
668827 289788 1
76630 708225 3
846941 207860 4
600830 378362 1
3949 879894 3
156683 779137 3
249488 468568 1
107820 85505 2
290054 562044 4
915459 655225 4
532613 603338 2
816817 426163 4
188994 439203 2
337668 463405 1
410209 699431 3
900204 788692 4
533760 489917 3
694994 279972 1
569684 142452 1
188628 262719 3
333333 62249 4
832685 444384 1
501229 304340 3
343696 332495 1
959196 70410 1
212681 574587 3
223958 322451 2
218247 882255 3
279066 848224 2
446914 5063 4
679934 814818 2
627554 522293 3
377630 644809 1
522813 644497 1
360299 423446 4
612064 583019 3
252520 185602 4
12513 417361 2
999857 389939 3
413781 917705 2
449173 654202 3
652287 205018 3
662594 892343 4
5885 833314 4
854464 803836 2
931740 449201 1
17623 771401 2
474473 263662 1
778198 888361 3
583364 202445 3
789009 984596 1
44731 230339 3
774737 917160 1
604472 585746 2
577510 464840 3
858009 106494 4
418216 779117 2
209102 923090 3
688038 808714 1
587984 205273 2
799630 493303 3
296580 109129 3
118771 264991 4
222587 115317 2
697352 375508 4
341458 351632 1
882939 54629 2
329918 339641 1
24564 419479 2
340381 914872 2
105275 383284 2
600961 171015 4
952841 102341 1
423390 636119 1
794139 438877 4
422376 557825 3
153017 226175 4
351855 686440 3
595967 326695 3
142967 899709 3
842950 466523 2
75737 210508 3
563110 55510 1
489075 792092 1
634552 238953 4
707039 889166 2
435458 784598 2
905550 814774 1
367272 883090 2
126369 659656 4
833287 441628 4
650645 248503 1
840657 470537 1
155674 999766 3
446936 868816 2
791323 287958 4
798707 902809 1
980008 716928 1
244105 454178 4
296446 812702 2
56700 597761 2
95033 207048 3
994870 419038 4
309730 718484 1
457074 50758 4
489960 360077 3
916282 240044 1
650050 907803 1
918117 859267 4
319017 218642 1
774697 97051 1
413937 834158 1
935992 67770 1
181180 740971 2
335207 79240 2
440678 846687 2
999579 827762 3
6976 246009 4
756086 332108 2
259636 368071 2
498785 837915 4
954793 996110 1
860331 518268 2
823114 134523 2
618177 788674 1
356853 555117 2
73301 775593 2
861045 921251 1
135450 962937 1
177290 924969 1
98692 729894 4
81009 872380 1
90298 87265 1
647123 821851 2
916702 699842 3
11181 888993 4
613664 842089 4
45870 353255 2
991473 555171 3
953801 514979 1
518320 745692 1
745255 765187 1
709040 634338 1
543364 850859 1
319655 294320 1
433127 589897 3
7172 19583 4
771645 425627 2
702782 311156 1
231221 793573 4
730971 268675 1
853462 105348 4
609435 53289 4
13668 521817 3
157330 732069 2
708549 92090 1
381250 368378 3
499165 259438 2
308536 118882 4
643409 77112 4
135068 385877 2
268514 195357 2
515238 171361 3
391077 925926 1
662723 517747 3
311561 489468 1
182243 282049 1
520580 991552 2
162245 839754 2
306318 928877 1
271705 921742 3
242996 187491 1
544678 619779 2
135455 491627 4
344937 219213 3
25692 263235 4
546495 580464 1
878204 820310 1
304065 475708 4
856100 201208 4
148521 330308 2
554791 532613 2
389742 238861 2
467986 624138 2
828991 603703 2
214829 755430 2
726826 798407 1
266021 905369 4
595823 667729 3
276945 370672 2
141064 472441 2
346959 250244 3
264536 278745 2
708502 496711 1
29304 79916 3
357056 482719 3
441020 215750 3
184069 392951 1
173792 918970 4
855013 246183 3
365076 583083 1
796617 85582 2
289240 719468 3
620369 211351 1
504551 516137 3
334494 986981 1
632204 695994 3
465863 771471 2
447138 285593 4
486381 268132 3
152801 366874 3
428326 272938 3
50972 147654 1
626392 974848 4
519908 135024 2
816195 14495 1
790777 389069 3
854352 302737 2
748361 556715 2
832283 266642 2
652732 211041 3
423272 183243 1
687743 85563 1
420580 220862 2
580480 640394 2
101071 588397 4
100877 353733 1
270564 113066 4
8012 95330 4
300254 433786 3
949206 291099 1
975761 808661 3
566403 789567 2
656070 785153 1
114929 181784 2
41785 355566 4
998248 633571 4
674799 789217 2
652410 480244 2
764094 380640 3
130654 924841 2
873469 380318 1
575140 704683 1
161860 446650 3
315602 990353 1
188136 444454 3
541546 698806 2
488759 993861 3
996328 204359 1
8959 192269 2
867265 779952 1
692818 429764 2
532685 362114 4
530106 7746 3
609614 641907 2
51197 534690 3
2200 342817 3
575174 640672 1
158163 793515 1
513040 54634 4
655516 545272 3
774411 389369 1
185366 742323 2
504493 644598 1
771794 296636 4
339268 201368 3
875431 803747 1
485983 488021 2
195114 608980 4
738827 565231 2
254136 611146 4
64080 344963 4
210160 108894 2
985901 4840 3
675269 135653 4
837246 767125 4
345101 127769 4
56323 520391 2
470346 913661 2
920233 648594 3
844558 632297 4
310305 695301 4
118550 541663 2
946048 458075 4
436244 97591 1
138395 274010 4
492523 529697 3
564444 946901 4
379894 12058 3
861835 605366 3
87758 837320 3
989295 218414 3
550358 45336 3
253147 858092 2
373016 347447 3
995607 71959 3
100675 348793 4
556287 983447 1
1932 863807 2
46939 160551 4
659039 994399 4
796023 564283 2
481981 114170 3
264765 617312 4
244718 924578 3
339640 755005 1
821517 818690 2
739888 675221 1
83506 577866 1
860490 771036 4
722922 975216 1
960881 152302 3
870699 809431 3
118858 483978 2
540241 460684 3
320027 923163 4
130108 886183 1
409097 229379 3
919823 444477 2
451612 452834 2
759017 460963 3
73598 279476 1
595752 746590 1
706781 879600 2
226236 395559 4
133439 830802 2
338620 979673 1
824769 717812 1
876190 722090 2
708277 223168 1
86803 683217 4
933738 458954 1
656047 477430 2
191105 473502 3
574021 61039 3
294926 336659 3
251967 736829 3
923976 471982 3
218093 1694 4
144944 983901 4
568805 532247 4
298777 52114 3
879142 447163 3
842397 714442 4
157689 834199 4
819866 481709 3
512240 312346 4
198214 203305 2
110930 329755 4
275286 899087 4
808935 622735 1
983913 125292 2
595489 266898 3
563555 386668 4
247072 893341 1
687503 942676 2
187061 169131 2
102086 147943 4
977367 820800 4
307829 144983 3
987333 488850 2
607049 644897 2
83064 423430 4
751209 548643 4
904475 344784 3
58069 929171 2
175511 311888 3
426614 844846 2
885417 631814 4
671145 427489 3
857352 296469 4
924342 155310 2
890886 472371 2
252538 373340 2
216626 772598 2
702565 357357 4
220275 307247 3
89611 176378 3
51232 896020 4
197518 380410 2
507718 501330 2
744009 477185 3
796642 531360 4
545542 940191 2
609215 307294 3
12634 942608 3
705811 792994 1
809262 868390 4
258060 396190 1
748180 807183 3
995571 574242 2
468989 262728 4
601071 125160 3
48488 127570 2
899769 426084 4
194078 581030 1
193850 773579 4
521672 240838 4
836159 765734 1
602766 108778 3
645676 895453 3
800395 965846 1
32885 701056 1
297944 51106 3
474840 707902 4
366986 175298 1
722845 550205 3
55680 694554 3
117650 652425 1
806826 196997 3
564559 186793 4
96925 286044 1
317167 18794 2
192424 327911 4
478015 358180 2
285355 531028 3
996487 850760 4
745408 412373 1
616958 141013 2
276695 612352 1
498296 936854 4
280882 932307 1
286294 285230 4
10931 567146 1
520404 808827 1
147285 685176 2
368252 881922 1
19688 745356 2
885691 270916 3
201572 384340 3
593965 95446 4
557852 455503 1
187740 103037 3
882047 241268 1
670244 202670 3
553324 89968 3
579258 24178 3
731754 347299 2
43614 765836 4
455249 262177 3
709246 282446 1
884796 710223 4
699747 382923 3
494114 351424 2
189657 203911 1
606279 334616 3
780863 973791 2
730178 488099 1
516412 346830 3
112181 918479 3
974822 902612 1
938007 1520 4
35695 168973 1
80795 870798 4
248936 770013 2
65612 998976 1
815060 354809 3
967569 241430 3
991978 413479 4
474808 764511 3
906803 816993 3
377057 632334 3
985515 721548 2
473425 304023 1
266618 504146 2
521762 760415 3
379329 249896 1
574761 295853 4
469521 324971 3
708959 535741 2
439900 183151 2
755737 350985 3
437424 609294 1
895842 607227 1
379035 910028 1
583683 143819 2
788592 319839 2
839462 893697 2
418468 721437 4
495729 321524 2
190091 109792 3
443274 949245 1
863794 469070 4
252747 760731 2
830317 636892 1
243409 48807 3
297684 238680 1
127100 192889 2
450913 850538 1
108852 473394 3
897267 8225 3
528757 261591 4
345274 677730 4
736657 976374 1
462471 189961 2
477320 853736 2
711403 491765 2
778769 618936 1
574819 706602 2
976786 12579 4
477720 102308 3
603106 525155 1
223675 247228 3
81290 481914 4
667842 146424 1
669485 786092 4
560836 952766 4
365892 30082 2
995190 365439 1
844941 401045 1
684987 664903 3
94072 244761 2
370067 608802 1
506893 723052 3
7700 253416 4
826103 362508 3
272815 842426 3
786867 271963 2
73525 463921 4
331330 383803 1
330098 918960 3
85807 811332 1
929035 342235 1
900830 841495 1
857986 49563 4
151059 238722 1
783151 302992 1
11641 70909 4
240727 772658 3
143150 280106 4
295369 619619 1
253241 433980 3
436368 328924 1
120584 770031 4
37005 771975 1
272007 267763 2
164434 680771 4
711511 581770 3
671208 197143 2
321274 464765 4
612175 787173 4
62475 243431 1
394299 941388 3
240726 225348 4
834785 112275 4
768343 658413 4
843856 808125 3
158292 509908 4
986949 70150 3
790468 93983 1
447012 437011 1
391523 587680 4
881169 366302 3
457192 753168 4
670928 214010 3
195090 347685 4
702863 927109 2
56952 256373 2
240709 473924 1
75509 801125 2
938560 668488 3
273516 352205 4
965267 686771 1
912655 493261 3
560687 485506 1
567803 31697 1
560226 959995 4
86585 513865 2
135365 421241 4
420820 37040 4
499424 323198 4
100408 479171 3
464693 672289 2
449727 475068 1
222057 31280 4
197186 667774 4
611163 19041 2
275878 932699 3
842264 433167 4
800511 688742 4
681048 417814 4
273408 232317 2
204115 640505 3
315912 215503 2
723894 273199 4
57198 144903 1
728866 763968 1
892790 814796 1
405827 729662 1
879621 580563 2
147635 410931 1
50404 408620 1
598420 866872 2
80509 317584 2
452200 604557 2
415747 441378 2
762947 155897 2
226712 812347 3
171773 475484 1
620448 64040 4
455557 380610 3
294591 818928 1
754020 154341 2
811156 654305 1
500797 513849 2
155540 260351 3
114584 242269 1
966010 263663 3
443654 452056 1
390287 571910 3
82621 363250 2
986135 637149 4
912769 645125 2
797132 709031 3
39771 521837 1
199784 933479 3
35569 659625 2
858219 967112 4
273461 804526 1
97306 188430 4
830656 656063 1
520572 488952 3
403461 766468 3
400791 194369 2
328467 401185 2
732471 378294 4
704397 971181 3
591290 157753 1
130014 973362 4
544462 205163 4
602096 133385 2
343787 24906 3
85233 138556 1
306500 834595 4
500151 205445 2
317576 410217 4
678472 842655 3
430545 433898 3
45325 175489 3
718484 417880 1
335161 514194 3
406349 758407 4
979166 267304 4
917294 556877 3
709691 778757 3
465567 931667 4
703660 875990 1
165692 650344 1
762883 357378 3
229362 113304 2
228085 880819 3
316299 980070 1
248433 392539 4
821725 754326 2
344132 216971 2
8393 777432 3
863862 82307 3
177942 499244 2
284138 990323 3
521705 254679 1
985887 619414 1
640980 611195 1
565795 261653 4
60397 173814 4
496070 975224 2
991806 351569 2
670487 338839 2
839923 97081 1
115498 193991 4
524112 203668 2
829672 211610 3
475287 67577 3
467546 571703 2
500403 271664 4
103492 345240 2
952278 216337 2
363989 603011 3
202927 178601 3
436848 843750 3
309191 817409 3
83118 577816 2
924990 806 4
592153 649253 2
35316 663146 4
635334 803394 4
940803 284028 2
860824 627552 4
677105 45578 4
934639 429671 3
873462 283718 1
808147 864843 3
173062 498925 3
111217 667252 1
209977 780305 2
982727 151933 4
98613 969542 1
596426 575928 4
807891 432826 4
283856 989045 2
283972 565176 2
311022 94461 2
509609 923450 2
632136 680704 3
804711 353044 4
37712 291619 3
597714 300094 4
533807 492715 4
773065 299415 3
644415 690883 2
268458 348085 3
892764 434580 4
498283 535909 2
409666 996646 3
633196 681923 4
119457 930863 1
636261 829126 2
773048 496881 3
215879 382522 2
99194 163769 2
898441 259632 3
770672 806526 1
952305 439678 2
594415 924035 1
607071 58359 2
430879 886578 1
519877 676700 1
347405 578536 1
30428 546502 4
637677 555826 4
437591 407106 4
340551 825088 2
662478 311379 1
633997 138029 1
490311 305940 2
623049 759161 2
451626 999566 2
728293 812909 3
377009 179160 2
504636 506246 3
873364 580254 2
854743 951503 3
256428 496399 1
322864 345502 1
358456 140324 4
302391 533725 4
900947 806596 3
154943 878915 4
841476 308292 2
315872 235827 3
553762 827500 2
505914 18704 2
528012 325896 1
30951 799451 3
700034 882823 2
468055 726708 3
511937 749467 2
292813 101751 2
537795 388932 4
538567 178884 3
814350 793785 3
387754 416509 1
67217 101501 4
310449 915436 3
194237 678630 2
139222 264337 2
306998 445779 4
459233 595541 3
226156 903064 3
16708 933850 1
336958 513411 4
172461 926214 3
960010 108366 1
876250 241390 3
473509 396640 3
399275 650135 2
818809 292235 1
263552 363631 3
373400 581170 3
667805 963704 4
53292 130466 4
414431 969823 1
517721 243175 3
187105 818274 3
683152 192762 4
747124 987492 1
15133 591470 3
429663 466254 3
155420 652438 4
234415 700733 1
845234 275813 2
888803 556427 2
341155 853696 1
677284 402978 1
285836 104806 1
24279 867685 2
670709 812434 2
656249 112953 4
353571 412113 2
325601 858392 1
430716 950355 1
542919 243017 2
359524 646819 1
679049 550480 4
850748 977198 2
730918 589056 4
490989 601861 3
777397 954480 3
174782 417454 4
432379 479900 1
740419 130208 1
495944 366364 3
37166 419130 2
809061 769946 1
49417 768272 3
881455 22889 1
487966 603629 1
915955 146931 3
246057 760585 2
77404 89388 4
217002 988876 4
308921 420182 1
16771 874694 1
781324 329428 2
601374 320491 3
798865 232201 1
633841 869959 2
80453 297258 1
300467 938326 4
958540 84889 2
502748 197598 4
636758 582251 1
784567 342989 4
410994 893174 3
821012 879130 2
595034 467153 2
331985 737026 4
508656 53595 3
389908 134991 1
219192 631767 2
379845 639810 1
441617 606296 3
920364 731895 1
621390 260308 2
128195 685498 3
500749 22243 3
112624 103322 1
611842 647873 4
332701 402144 1
34099 703557 3
5133 770861 1
807221 92232 4
944992 393175 1
438795 173580 4
134099 368602 3
702183 946571 3
182499 830845 2
699633 819306 4
373820 650504 1
621149 988873 1
987560 999792 1
263356 632764 1
491477 12267 1
382341 299567 1
11988 757397 3
330869 400108 4
538734 331149 2
504119 782941 1
985163 851786 1
716327 162162 2
227868 28201 1
657729 989634 4
860983 825849 3
166006 942300 2
815119 394769 1
661032 987895 1
353143 721660 4
587343 447430 2
622182 153430 2
665521 452033 3
578686 804279 4
849572 962217 3
53021 315387 3
963944 97566 2
591906 202162 2
64809 237256 3
138859 183018 4
671383 964850 2
54236 703382 3
713903 53848 2
17242 949927 1
892486 861860 1
961576 198935 2
249767 844899 4
890988 536255 3
170218 961600 3
332658 868518 2
728133 389007 2
532819 168749 4
280127 158229 3
382512 915362 4
998422 760385 3
733267 518498 2
346534 958472 1
997469 39982 4
417974 666548 3
716256 556055 2
322091 743861 3
182064 496707 4
557841 46965 1
133969 261878 2
554949 812751 3
965026 759549 3
293032 211070 2
531940 534976 3
215269 335375 3
19627 251907 3
364646 706227 2
278196 475240 1
311712 871038 2
860937 652930 3
219615 753953 3
42179 907868 1
845457 663153 3
226562 566203 2
975684 403738 4
590984 629854 2
477211 534437 2
431687 705910 3
251163 680870 3
991284 941918 4
674776 838398 1
369308 628396 3
776958 3164 2
810976 806906 1
214472 786574 3
848369 222970 3
540887 711494 3
867168 892745 2
254222 730588 3
933174 127898 2
288191 784825 1
174485 113696 2
549515 859390 3
87225 567815 4
236004 358848 4
568429 355352 4
29810 694462 3
999778 128375 4
502265 534482 4
933853 788015 2
812491 416600 3
595289 572260 4
312044 985312 2
385525 185813 4
84448 639941 3
954781 887515 1
236465 705360 1
418064 974297 4
662904 614882 3
721410 422297 4
251521 956071 3
496240 924109 1
873950 717273 4
556603 760521 4
892194 319158 2
325522 274241 3
927313 641052 2
498836 932944 2
455978 271884 4
726937 588641 2
718221 327305 1
578665 190452 4
235948 576030 4
886570 860321 2
683441 905000 1
587131 726642 4
560222 726113 1
174901 946538 1
383725 100112 4
231862 572540 4
504569 292642 1
666394 312964 4
21214 147211 2
927958 176164 3
973015 945247 2
230070 359979 2
225393 966772 1
680714 881493 4
359241 646953 1
584214 723435 4
80103 476305 3
694679 920276 1
337980 991641 1
317419 979190 1
60575 864977 4
655399 96722 1
607659 959742 3
34069 290362 3
732705 343428 4
970695 391862 1
216305 520075 1
94482 550250 3
744133 926847 3
704980 696284 2
481910 89992 3
758022 777792 4
470104 305865 2
50230 702605 1
199914 2031 2
734262 755745 4
294442 11818 1
409437 275420 4
523426 444012 3
701009 20105 1
686465 150911 3
868450 966021 4
880502 282498 1
877080 667500 3
862383 951814 4
399151 670254 4
934366 626703 3
629362 87660 1
638474 303629 3
782942 604331 1
458385 778639 1
103602 461875 2
455870 256268 3
846543 961268 3
81076 433134 3
768826 705856 1
318695 881557 4
173642 705761 2
245819 728190 2
699948 570460 4
635048 934897 3
637402 81920 4
298549 319477 3
158525 430552 1
782097 406089 4
75371 706552 4
239681 456469 1
172162 255442 3
615494 279406 1
432863 391089 3
630969 826155 1
805603 545953 3
234011 968158 1
918277 216426 4
151056 398581 4
474345 756992 4
210858 252689 2
920042 189450 1
742778 789747 4
714419 209652 4
670820 288233 2
460416 270673 1
377420 206323 4
891951 541585 3
717894 998588 4
907851 208326 3
556486 872339 4
960383 162767 2
147160 429688 4
453694 995406 1
797046 951916 1
158845 294208 4
935403 114773 3
961359 60429 1
859877 286164 2
740560 969999 2
266578 154710 2
908344 880346 2
204188 349127 2
373707 382903 1
987025 165668 2
754346 485424 1
787046 440513 3
886823 794368 2
741057 374923 2
237461 133849 4
632518 690946 4
925510 539759 2
186268 840758 3
23163 771789 4
535794 851661 3
958670 108332 3
239530 186557 3
650115 619716 1
511656 63486 1
212971 706561 1
291628 74161 2
957146 819775 4
943436 799393 4
193775 381138 2
39275 744489 4
390196 893177 2
159695 434105 1
903478 861403 4
797016 168052 2
930519 218603 2
690031 192599 4
255846 18038 3
229767 777971 4
902492 666867 4
129507 386590 2
983841 337003 2
707585 782893 2
135288 304411 3
490807 976295 1
544557 878316 4
836530 995898 3
45750 193384 2
136500 775040 2
418560 400349 2
827520 702736 2
343224 360412 1
592975 10013 3
204940 205987 2
281491 391915 4
597973 16788 2
861734 907868 1
200956 556126 4
909978 640436 2
648782 783520 4
747193 372086 2
448688 167495 3
775384 474247 2
528520 231585 4
613632 6570 3
328075 240084 2
909841 964311 2
254552 84460 2
664188 528598 4
58590 293803 4
142709 5820 3
468212 818628 4
628117 123428 4
294240 435419 4
34324 234335 4
489941 775094 4
80460 715556 3
640756 965769 4
766956 208913 2
690790 226704 1
724938 93167 1
628750 828132 1
20584 340078 1
493672 75926 3
823219 557719 3
992422 110317 3
353319 769347 4
954758 798639 3
386211 977751 1
741800 363109 2
599058 215367 4
603147 11551 4
907233 533633 2
22966 723550 4
425603 905315 1
272758 842031 1
908449 16506 3
469791 924009 4
189466 253796 4
697351 708054 4
26150 889428 1
8885 66480 4
133678 569487 4
527510 921347 1
82926 578856 2
136880 956335 3
741903 611096 4
382881 401368 1
774889 500883 1
235485 330659 1
687948 71972 4
497636 651187 2
810394 925262 1
598766 48859 3
301664 927502 3
206310 588610 4
389366 245984 2
580763 33786 3
916606 169083 2
308715 361413 4
455557 935268 3
81611 597002 3
985606 222389 3
298601 932373 1
494827 447249 3
826310 791760 4
222464 391707 2
278725 544664 2
751910 777288 3
262909 445721 1
81632 764391 3
233630 762626 1
122106 389679 4
281268 955500 4
737167 690437 1
506783 51934 3
128987 827038 4
471761 606349 2
960000 990894 4
242393 103849 2
236457 483192 1
684354 411781 3
796476 297178 3
102886 266193 1
353601 755437 2
673957 67771 1
290656 262758 2
770940 396458 1
631363 694626 2
928424 455945 1
902219 827648 2
21092 206975 3
424269 574348 2
487607 214400 1
17357 241213 1
900923 63453 3
477645 360775 3
701955 313744 4
139895 213909 1
976813 222119 2
348512 328975 2
755144 112080 3
921930 193740 4
230043 665052 1
282726 530508 1
308828 204934 1
693817 989203 3
457232 667191 3
760618 61394 2
629036 48084 4
504836 620539 3
482116 944098 3
513312 577657 2
114269 82744 4
964195 376653 3
515001 195368 4
769264 488309 1
382255 258227 2
815736 208209 1
237053 507458 4
844640 91590 1
136705 466065 2
900949 629960 3
433525 136973 4
386041 83717 4
444701 345025 3
386597 324057 4
792698 836515 2
760156 345470 1
16525 359380 2
321209 450720 4
31198 657157 1
919664 717273 4
357922 322223 4
169039 306954 3
750509 700463 4
579436 826022 4
728740 734329 1
754795 266835 4
627273 460168 2
861242 363500 4
446721 313701 4
386358 972498 4
553571 148468 4
579027 813757 3
488939 763575 4
526609 679367 1
203851 571935 4
559785 416923 1
286793 221950 3
678982 621092 4
75763 299809 1
970381 797280 4
259737 565757 4
736834 73032 1
976217 161417 1
440019 478462 2
651319 339507 1
35106 392166 3
198952 378715 4
559692 679634 2
224627 903362 2
135736 77608 4
37306 62069 3
608746 571654 3
122116 918814 1
483805 949834 4
950080 97635 2
981111 862029 2
945692 679796 2
153448 886156 2
950237 660156 3
599926 139142 1
94332 604644 1
200245 480410 3
602310 274539 2
335121 358287 4
931155 258482 2
576027 201689 4
862712 769823 4
951034 940703 3
125587 103360 1
96038 789159 1
135477 904246 3
790201 718209 1
44437 131642 4
44327 719615 4
679932 966908 1
711600 953397 4
6314 872265 1
513852 825607 2
706660 738620 1
508820 208848 2
702387 283294 2
895008 309976 2
88470 308478 1
151355 682198 1
67055 575725 1
769667 588546 2
980982 892184 3
787158 261504 4
399237 831756 1
650936 869506 2
514118 4355 4
307359 274330 3
184787 242867 1
120518 521228 4
615472 687918 3
742034 232457 1
515603 363972 4
712117 496165 4
406891 805708 4
639813 728323 2
521466 323544 1
414970 673434 3
944541 192952 2
49536 543461 4
984396 951459 1
624398 215526 2
300882 816516 4
354885 794290 3
561756 542884 3
849015 38587 2
27975 377222 4
758427 380153 4
750601 33241 3
806223 126088 4
853647 524493 3
511109 784069 3
690811 198498 3
620668 167230 1
490324 412145 4
245100 492392 2
362374 782111 1
534992 318825 4
144378 10850 4
694275 90571 2
377809 191137 4
7085 322757 2
453819 940303 3
212498 152133 3
888931 655272 3
22669 198560 4
770955 724716 3
148932 901318 3
885188 740628 3
843111 697454 3
122642 517459 4
35735 470946 2
725421 674807 4
962974 674098 1
578984 106653 2
977256 275770 1
72669 910188 3
158535 368704 3
985172 284147 4
157752 441797 2
152057 207769 2
924131 564370 4
351087 212988 1
86044 38368 3
958740 202621 3
89665 728622 2
466579 973958 4
723817 250051 3
432953 210969 3
196146 881189 4
60490 411741 4
591261 821341 3
104907 595777 3
145770 563463 3
648939 406018 1
927201 8717 2
323151 718397 3
635957 443489 4
514103 457430 1
38307 832909 2
356503 330337 3
971162 196970 1
365189 462865 3
703747 489856 4
695767 480951 3
178758 55600 1
376827 920749 1
929397 561579 3
37770 743207 3
803907 167155 4
137502 492105 3
172365 236737 2
870217 878243 4
430794 808467 2
344381 22642 3
702233 611755 1
501936 767176 1
929420 879361 2
404004 536260 4
883299 690449 1
287516 410819 3
341773 166958 4
215645 58508 2
708500 92503 4
57695 530096 2
262375 806313 1
419658 858461 4
953496 173998 2
886983 739737 4
861130 629720 3
752508 733049 3
13473 136313 1
316626 301574 2
486076 583890 2
90682 648582 3
145176 736998 4
408611 503681 2
600966 858407 3
526753 124863 1
962782 330445 1
279596 701883 3
158742 371371 3
775324 762250 4
805671 657333 1
216135 448680 3
744939 813416 2
312734 291032 4
347218 254769 3
390849 308187 4
625618 917592 2
287433 15 3
458071 442085 4
79589 301051 4
200375 892453 3
739589 542829 4
729565 78407 3
698765 391238 4
351610 434475 4
806860 270325 2
210766 802190 4
137878 772833 1
808205 488095 1
320165 961999 4
136049 89911 3
939662 72753 4
461101 693079 4
199213 613456 1
812509 268836 2
528682 821669 1
558300 376808 2
945555 552042 2
651567 989810 2
333705 428581 2
839484 448771 3
209365 978899 2
347971 688744 2
879267 944629 2
478484 4524 3
177526 23426 2
424221 423566 2
93080 999770 3
322213 139371 2
24139 482256 4
548723 691613 1
538002 199328 4
744085 768871 1
724861 188457 3
950330 768295 4
387983 318827 2
556516 815249 2
807145 708033 3
367633 825656 1
845366 364169 4
160515 470030 1
395755 855383 2
282611 686668 3
756881 332711 4
280868 22149 2
490771 613890 3
220249 894877 1
351136 807862 1
655248 713058 2
120647 301513 3
172184 978313 3
311818 504365 1
364733 787000 4
930638 288597 4
330670 763821 3
734021 860995 2
176846 268886 3
770472 324725 4
251061 833509 4
389149 49510 1
502579 266713 4
788116 359268 2
816515 60184 4
225934 69503 2
737230 688435 2
511337 591599 3
507659 162297 1
310815 780200 4
176516 508783 2
191835 557357 4
276693 595168 3
712538 91592 1
156777 153666 2
200386 540754 2
854353 17721 3
700686 186893 4
988871 153545 3
404545 565314 4
729880 158287 2
386965 844757 3
895863 716227 1
905927 804597 2
108020 835263 3
538323 415939 2
768128 157736 4
966087 329610 2
556548 598115 3
934870 265565 1
498697 411525 2
256016 150133 2
668636 145833 2
756613 806208 4
60695 275797 1
683343 357592 2
172520 470666 1
300168 834973 4
493275 770009 3
381210 915059 3
981373 612143 4
528343 641167 4
729512 941763 3
516887 719590 3
475850 730942 4
995674 993533 1
690972 519217 1
841940 694488 3
907695 999023 4
482558 344293 2
761929 826113 2
962078 119774 3
938198 4309 3
407012 138382 3
418303 389637 2
179811 98924 3
46977 298752 2
782184 670999 1
28724 684248 1
533962 562924 3
593418 180241 1
163735 62980 3
696499 387176 2
946373 977024 4
563381 438524 1
929179 403372 2
676203 322039 4
485997 149734 2
90046 533046 4
678538 664523 1
753813 467663 4
123221 926844 4
827697 411414 1
968607 582806 2
462216 434727 1
964696 910954 1
538996 642320 3
519927 988462 1
401149 932769 3
66944 406890 4
320265 159 2
818312 364512 2
97561 946743 1
569990 209997 1
15112 793406 3
760922 481483 1
324034 171131 4
592792 783988 4
655984 131386 1
462500 245731 3
328262 880746 3
211086 368628 4
724235 857026 2
731691 894556 1
545204 513221 4
68723 722633 4
438591 366651 1
246979 995383 2
274563 803028 3
54709 369968 4
347428 119440 1
203236 661440 3
849047 45385 3
419860 275443 1
306793 956399 1
877362 611306 3
845880 33300 1
9467 8968 2
390216 239766 1
634924 957131 1
158882 949983 2
916399 740980 1
742008 342299 1
163190 619114 1
853364 817827 1
458877 755530 1
952919 383357 1
264020 267129 2
563103 545396 3
175350 136089 1
899565 682793 2
204708 666410 1
449416 879266 2
527829 314562 3
322293 862339 1
486004 683133 3
531411 953392 1
767811 795726 2
197830 924391 2
7523 653960 1
825165 923910 2
878387 878658 2
43420 896892 3
229713 867943 1
615313 311994 1
151186 344671 3
903069 121332 1
345530 388765 2
518947 822667 1
452795 394715 1
440831 458110 2
30234 767296 4
385980 618691 4
220656 394257 2
200501 131421 2
404763 480774 4
703536 860045 1
594729 641635 4
805291 169465 2
938787 534568 2
689364 385414 1
990652 90012 1
29719 212075 2
738057 873865 3
418936 499046 3
49918 561035 3
821932 540447 4
259290 469316 3
889997 344072 2
224656 407016 3
903935 461419 4
102949 75658 3
233065 514911 1
875710 900985 3
284993 189866 4
648463 97361 3
545761 441678 1
514834 812317 1
133301 258833 2
936553 182684 1
314451 268146 1
515455 525066 3
140214 519350 3
285892 244315 4
895814 917914 1
929637 422180 4
729179 638662 3
297736 61104 4
510090 836061 4
418406 521814 4
103763 324314 3
860048 949162 3
927474 182012 3
764050 305724 4
720314 662621 4
111806 664112 4
282710 768585 3
31115 559287 3
296610 199085 3
623494 798055 3
933390 452292 2
491867 36242 4
911034 765932 1
233655 449140 2
251584 254117 1
38303 692939 4
803184 2622 1
219171 400031 1
771424 282289 1
806966 21532 3
430362 859173 2
374601 724129 3
465100 818682 2
995418 349064 1
135868 624739 3
38709 856257 2
782857 696180 2
649597 515157 4
207781 221124 1
913114 72531 4
52919 950391 3
398217 572265 1
647462 511568 3
487241 299727 2
653287 976947 4
207769 283848 3
584338 80635 4
520755 883153 1
713485 989268 4
484943 68805 1
950161 181707 2
164053 28125 1
727892 491896 1
769740 138507 4
393019 590739 4
408815 148318 4
964817 243867 1
233337 872543 2
909849 75716 2
466431 863943 3
434724 468789 1
934845 481325 4
83849 422807 2
97936 811586 4
547534 768652 2
590441 953771 4
94844 348801 4
352474 138047 4
259642 482484 1
186220 865869 2
984368 598320 2
160884 503889 2
468322 813904 4
891175 86404 4
294867 257337 4
949922 405649 4
938836 190379 4
11742 992949 2
33975 717829 3
342333 414331 2
669850 900934 1
595622 405941 3
904372 166161 4
806355 24252 2
712227 170327 1
127570 541950 4
963111 215199 4
289477 979947 1
779819 868200 1
890586 634679 3
859275 701886 4
194263 213232 1
392210 766656 1
769875 926517 1
34860 370339 2
511908 987993 3
20861 855813 4
725707 438378 1
608053 26599 4
522815 557661 2
838138 451402 4
519090 956735 3
980533 710421 3
30350 189481 2
757651 114115 3
594988 143496 3
409904 831331 4
188247 230353 4
677464 999689 3
568663 971338 1
732807 60748 3
439200 499798 4
98979 693039 1
292701 43577 2
973776 437153 4
985000 205613 4
832640 190432 2
751233 352738 2
441060 932935 3
95005 151381 2
967708 30131 1
3468 670625 2
301789 457558 1
181425 811486 2
26522 236934 3
217744 871934 2
534983 357413 2
327205 314841 1
982122 145661 4
41218 298461 1
646613 446784 3
70285 352934 1
453264 39394 2
966253 488777 1
314730 400277 1
750226 164219 2
361551 565987 3
296767 719234 3
697426 601313 1
446227 615995 1
548426 228942 3
70635 209315 1
471422 531237 3
687909 840417 3
413266 566043 3
264371 346809 3
101148 657780 4
259659 281275 3
107453 347891 2
686880 910791 3
448322 718943 2
556153 213853 4
772730 50828 4
581820 858899 3
103188 291756 1
910891 214040 1
882470 800537 2
432057 175337 4
213360 722582 1
559823 3292 1
788656 256374 4
62949 605562 3
581425 308862 2
172262 600644 2
275027 953981 1
936432 669286 3
676771 219054 2
2003 578701 1
693588 417815 3
919736 995097 1
699230 726399 4
215027 826488 3
135046 275152 2
304907 993334 1
887745 878521 2
24800 362312 4
79900 466892 3
133431 92589 2
374030 418393 4
846261 430222 4
354675 19469 4
745887 304618 3
269322 874745 3
555857 924568 4
894473 72249 4
845479 596220 4
596723 448050 4
791117 735167 4
323470 284026 2
762251 895574 4
585867 877554 2
656896 173419 3
66398 114687 3
77727 314766 2
470874 235622 2
588639 71630 2
721179 673054 1
880085 37861 3
870092 166767 4
631490 900034 1
389963 201844 3
238120 120839 4
499838 794721 3
623224 851351 4
161544 211556 1
218411 450640 1
161305 804662 1
486548 648215 2
551625 890918 4
908430 607429 1
822602 593509 4
220185 733162 3
175935 120822 3
778330 452559 1
106939 564119 2
25454 346234 2
534504 140779 2
394218 611384 4
812677 811080 2
506235 695795 3
632926 787125 4
777258 546386 4
841506 49756 4
927579 803413 1
372744 208386 2
138103 808326 4
460299 943269 2
8319 714254 3
558062 630888 2
727189 500034 2
38345 171399 1
695736 874258 2
305358 886903 3
496635 130979 2
708370 877233 2
679362 219895 2
339206 580282 4
771705 642038 1
461278 881663 1
92941 69629 2
319746 827598 2
166720 918669 2
655251 368492 2
317106 530587 2
772996 247772 3
856140 31015 3
120980 913719 4
520714 945991 1
367605 948051 3
555173 911103 4
772371 264545 1
638734 719508 2
459411 116463 2
277505 53454 1
374433 417043 2
626179 824248 3
400494 208990 2
936324 61563 1
766605 159745 1
758591 158743 4
732904 345412 2
835730 584134 3
950406 30828 4
675791 620016 2
429977 142093 3
462064 635352 4
357836 963748 3
261746 787476 1
625410 868887 1
469731 922644 1
91984 620977 4
479337 505059 2
124311 84724 2
246116 857318 1
8292 892616 3
223716 946352 3
711332 39302 3
806626 848544 2
763747 151115 3
264238 933170 2
201244 781761 1
275387 163534 4
710989 107374 4
346033 764364 4
263490 600961 2
64925 920417 3
355859 623895 3
446768 966162 1
128969 488123 4
407977 906630 3
10898 41172 2
56315 422368 3
601386 837422 2
337746 617755 4
572329 149388 4
444001 991637 3
871347 551658 3
611628 902292 4
782239 902731 4
623560 929757 3
354306 764023 2
272107 309065 4
463432 871664 2
606288 119807 4
353000 522740 1
918420 424223 4
14310 815023 1
800118 459826 2
856907 421043 1
173130 105357 3
98552 724495 4
471025 612159 4
730609 955078 4
575928 461095 3
604443 568950 4
781287 647112 4
450421 48186 4
487967 778200 3
558864 357250 1
671495 717500 3
90379 973718 2
309695 844681 3
397459 292396 4
895560 763093 2
746329 706342 2
306295 999644 3
912108 830009 1
490267 4937 1
284004 939541 2
301707 800689 1
241598 433258 3
714183 946146 3
674233 369580 3
309216 527208 1
687642 436368 3
406869 128998 3
285343 744780 3
861895 637547 3
486382 656916 3
906530 944867 2
271101 717301 4
759571 99837 4
448543 126602 2
533274 886572 1
759360 633307 2
836146 623347 2
506641 876214 4
268709 117477 4
166948 459230 1
303433 140702 3
351727 892209 2
618340 976041 4
646470 271676 3
265833 235556 2
149242 22710 4
650421 642770 4
889894 796117 4
249104 445262 4
922471 700518 2
474838 727305 3
502155 301979 3
946411 728788 3
597423 314195 4
512616 334675 2
928532 802080 4
427692 60697 4
832249 844992 4
95009 43028 2
837377 249702 4
636192 492668 4
941014 361093 3
397323 683985 3
221967 937015 2
364235 482196 4
199605 65920 1
754643 902202 3
990354 228510 4
520539 183319 3
924710 371261 3
27860 660767 4
589865 250173 4
298630 757084 4
684981 776426 3
342421 13311 4
11032 122626 1
515213 687059 4
833373 292303 2
960897 672400 3
46124 168636 4
744021 374757 1
442774 81408 4
627433 103373 3
819249 850579 1
352404 995335 2
338998 847482 2
785370 246746 2
744078 38282 3
967770 709987 3
359126 815665 3
751262 29152 4
734857 771432 1
820116 223855 1
876732 20012 2
856842 993262 4
922973 278863 3
582530 448754 3
799400 840378 4
379229 8149 1
289399 978113 1
22188 48597 4
104129 501744 1
456009 499522 2
581071 388857 3
543932 702065 3
291354 340376 2
496007 735303 4
835765 134446 4
940014 342071 2
609487 861225 2
485702 176559 3
371285 252301 1
722143 19998 4
586259 823793 3
693094 842280 3
173083 899817 1
513060 10249 1
710632 715596 3
209754 698482 1
172988 910032 1
313214 993751 2
991521 826655 3
915935 594086 4
479082 151577 1
98337 578856 4
131278 70193 4
700208 257655 3
413905 356600 4
379292 52355 1
747095 901437 4
613761 812012 4
153726 121222 3
972168 299083 3
388072 988529 2
56664 18202 4
401428 652086 4
111060 647250 2
350098 555318 2
176887 889699 1
218795 558797 3
73153 51869 3
786268 713425 1
111840 794055 4
625387 616991 3
977264 69956 1
603295 527811 1
948984 758942 4
652661 318598 2
17083 791007 1
491377 723853 2
114035 371840 2
979793 593130 3
524992 946354 3
783908 445173 1
42776 833607 2
713745 795302 4
919063 571879 1
318644 594785 4
822393 302601 2
577770 257603 4
788659 590715 2
577816 821128 1
788053 966275 3
918515 652604 2
193286 49533 3
629092 489860 4
421159 901231 1
619584 743142 3
3926 613388 2
321057 451682 4
706176 865760 4
284771 830176 4
876492 407847 1
92837 488666 4
945789 308434 4
17213 33142 3
870667 119365 1
175544 466777 4
902795 969963 4
936085 833419 2
917319 883514 3
539258 27070 4
213286 709512 1
636794 266848 2
423932 435881 1
93056 503944 4
166015 362466 2
4362 205321 3
600003 65913 2
428892 476810 2
969094 611291 1
647197 662753 1
924385 7048 1
420762 210898 4
145756 258367 4
422604 94256 4
795401 844503 4
643204 687688 2
290394 295953 1
367077 800989 1
18269 966105 1
329820 95604 3
105592 469242 1
354589 805225 1
641540 404848 1
985289 117603 1
99530 18956 3
699112 893995 2
659601 729649 3
410519 284348 3
534734 746213 1
259106 303668 3
610488 821746 1
301280 280130 1
35392 275399 2
80043 549279 2
759696 236503 1
430953 985954 3
255256 776073 1
61812 399606 4
885662 216029 4
384492 170830 1
594316 800197 3
408692 561381 2
142218 541479 3
976209 338610 3
232223 468092 2
611463 98726 2
426708 534750 2
153661 55802 1
662995 349364 3
222958 607501 4
173806 80550 4
644432 749109 4
705134 928536 3
81347 656640 2
209605 586726 2
48110 578856 4
156618 523656 1
963422 661278 3
882853 958917 2
743123 551176 2
554877 662187 3
923209 862923 2
514711 849701 4
402965 77352 4
686864 558169 1
162657 301994 4
760670 315551 1
332122 35834 1
829451 964960 1
975699 131672 3
372476 531527 2
23912 254995 3
497007 848869 1
473840 148191 1
189593 749123 1
991290 216701 3
561836 765090 4
150775 953645 3
728551 438396 1
178756 162100 2
299002 563733 2
697216 119432 4
854865 253796 3
753494 914328 1
816671 486685 4
316698 802036 2
37869 193940 4
539904 787728 4
556409 79481 2
329670 736476 1
243032 211877 2
659326 4342 4
684639 216008 4
903950 67951 2
926633 256003 1
201410 596631 2
691629 857060 4
208315 727968 2
486130 221744 4
539447 954857 2
191354 1821 3
132168 754776 1
658338 366522 4
712484 450746 3
640400 342192 4
548949 352588 4
145443 298176 1
103019 484907 1
763199 477185 3
919161 197656 1
281835 804844 3
101578 916221 3
108306 681525 2
729765 479944 3
84162 137837 1
166123 411761 3
371203 749335 2
118644 161233 1
56324 151619 1
685010 848969 1
599175 722250 3
837717 667957 2
989385 787977 4
176055 251015 3
258510 387335 3
836628 861281 1
727443 528731 3
690610 89905 4
84163 922085 1
388791 968708 4
121699 218706 1
38892 342576 2
854080 472002 2
861427 392681 3
60309 995169 2
113403 49184 3
907085 658379 4
555324 314733 1
81679 993528 3
258613 119728 2
380547 281997 4
611922 118494 4
779006 108759 3
27821 965701 4
825197 856368 2
12787 746304 1
746267 371666 1
400677 723820 4
898765 100316 2
493517 393252 4
28117 313276 4
632678 322441 2
196535 932507 4
805736 769814 3
491353 439368 3
440508 35552 2
61515 679161 1
297518 668128 1
664971 273879 1
139525 311008 1
612197 907084 2
874763 860159 2
8675 983131 4
804422 351620 1
292376 41882 4
590237 507911 4
81117 751703 2
595069 339229 1
919692 99905 1
674622 289145 1
492456 868206 2
509766 150796 4
76403 196559 1
772031 782265 3
724935 674870 2
246135 423496 2
325302 373697 2
583806 522461 2
463114 782059 2
877711 983819 4
737350 391687 4
603687 875296 4
526593 470600 3
362720 864571 1
150470 802376 3
218156 270800 4
363675 178420 2
891997 131653 3
161836 635173 1
490478 584688 2
113301 784709 1
336545 67328 2
129221 844123 4
111896 63108 3
311251 561915 2
689174 987798 3
262110 758942 2
568428 239944 1
642346 113762 4
552092 745515 3
948686 606558 3
737077 297446 2
216112 359075 2
891638 395896 1
162476 184138 4
367719 230485 2
376221 585699 1
77166 968127 4
107515 65416 4
543965 292420 2
482971 811941 4
842402 77383 1
601127 966885 1
808837 471505 3
218916 661053 3
545498 236400 3
616265 380504 4
274707 125412 2
230736 482076 3
893142 808305 2
763588 997708 4
508277 375036 4
522715 42670 2
111594 221400 2
999321 927708 1
623486 683389 1
123794 884363 1
224909 747300 3
328192 196451 4
510630 103857 2
902818 781912 1
99472 518315 1
27700 882411 1
136940 398682 3
702647 375822 3
79308 692678 3
376214 515584 3
893699 105988 2
935286 903217 2
144301 204604 1
676447 187027 4
636676 395417 2
20693 468199 3
117039 394381 1
689772 678358 2
38971 168225 3
17522 189334 3
580346 505905 4
349858 401906 2
208514 553225 1
938596 760468 2
684151 826114 3
862171 249988 1
264657 366288 1
73691 556897 4
409078 897190 2
357991 998733 3
154601 993910 4
344086 364659 2
138879 473146 2
484549 671174 4
164807 84427 3
863664 585470 1
909556 230042 2
284156 374688 4
698150 300527 4
141576 777430 2
817180 866993 3
515086 191349 3
479229 346828 4
267104 442934 3
439856 800236 3
480900 657870 1
957842 563496 1
251760 54149 4
738909 942123 1
396600 165048 1
430586 240897 4
76344 556912 2
679994 279538 1
242910 818560 4
992433 470783 2
452154 203760 3
497004 516291 3
932070 985771 1
647200 691596 2
161266 343859 1
276547 794414 2
719487 162930 2
111269 929698 4
808955 119523 4
931552 510427 3
700112 677974 2
342185 572142 2
166636 996019 3
331457 633508 3
721536 556502 4
340693 978478 4
982137 47918 4
323456 636041 1
539263 402221 1
170683 603704 1
99469 807051 2
508901 378037 3
390372 721486 2
744103 629537 3
995474 702891 4
627786 820633 4
65973 249914 2
702527 681759 2
219188 422981 4
546201 936328 2
665758 358823 4
709033 980343 4
884146 919579 2
339806 497775 1
161535 904926 1
731825 69538 4
451146 710978 2
147728 740016 3
979686 954293 4
448703 498559 2
678839 238835 1
89849 859031 4
498677 494693 2
56607 800607 2
767495 33292 1
44719 801720 2
431707 609377 4
970756 231126 3
909064 441998 1
936752 151223 2
742710 15515 1
226222 68934 1
699038 623305 1
977207 591772 3
863990 245691 2
663312 698249 3
642621 440765 2
412959 824494 1
147941 86322 4
422138 438321 1
723787 754966 1
893720 682964 3
346625 442948 2
193102 925883 1
178829 660980 4
680921 574845 4
726523 900645 1
416869 676613 4
93918 496216 3
450399 71373 2
710247 238998 4
344504 401405 4
649431 915432 1
218317 872076 4
615399 781762 1
806427 965490 1
842358 821773 3
370168 156383 1
88884 795441 3
206005 525032 3
9983 537243 3
32369 336203 1
748755 562735 3
674506 254945 1
581376 878375 4
999912 930795 3
216431 783239 4
299112 240062 3
613606 151939 4
852884 2280 2
10360 759390 4
257612 458241 1
162812 782850 3
168231 159487 1
323816 127010 3
490352 253113 2
876163 432313 3
633091 75968 2
243368 165691
861705 12177
969711 361289
131161 332802
611253 106628
946939 84320
306810 353416
504477 990228
114869 447193
379428 941835
164075 658237
364171 250090
810565 782798
962397 376081
793568 616687
913389 204493
730874 173792
830118 299500
171580 510533
531965 941484
408910 803864
193036 500212
572877 319222
825188 452711
188508 868033
860430 714848
629915 48267
445817 774920
634244 116264
716490 404100
5139 133291
873442 172358
278289 100860
949286 270654
459300 248992
797962 180893
654004 841154
211758 876285
176416 76503
797669 124936
178068 716112
653911 100877
141369 626343
916997 726322
14377 205833
307659 741626
924880 688313
816256 800551
7872 411018
678786 705168
342250 426398
444415 933093
650355 977800
454948 951748
570247 509509
958622 598537
317796 147954
77852 10990
256684 932611
989604 895239
461891 650208
837432 373613
502601 829146
827432 348850
770356 589457
461015 98615
553271 128370
701996 976714
128111 511458
526164 428202
866529 449994
768678 523793
974541 968049
713603 155223
951260 725573
387501 815256
905956 474307
861207 933250
306494 822622
121557 310709
272082 306609
28813 728024
207326 481719
311085 245485
358346 362898
109020 683105
373804 632305
324224 148883
895602 618207
265362 257151
936157 900854
967292 141371
762736 481347
27499 400536
380049 132741
735135 619392
876443 802173
629174 691530
639170 690257
79318 69239
845639 96706
517777 560412
724316 745508
524798 537920
346486 516178
650029 600224
570028 40073
559309 605906
802043 485508
163228 287264
792997 145290
624745 808675
755910 869611
932094 69833
923358 788209
418455 385780
490763 453237
180790 459880
639346 813463
221663 97427
818244 265322
928881 554568
426297 166623
776429 991492
816965 962985
622061 51644
865571 389830
980666 977415
215631 854432
442315 78471
939487 727751
428686 649486
975155 254361
681841 718304
560240 632317
376582 118880
168317 805671
763448 70961
503078 202843
835427 272250
428828 662461
403937 720311
345766 13618
936888 872650
944732 734639
85727 761436
697129 135597
104068 343853
797186 256260
39657 798709
661508 892684
806650 565099
148310 226497
124371 18126
81701 958062
380577 546649
71643 989230
676521 729905
853364 328186
590196 88246
3245 586376
144480 14052
633328 938462
13934 594744
896690 580362
179762 832284
596847 514639
110508 199771
914093 67411
14477 351080
69701 286100
924909 114232
698438 929501
884142 818806
112400 107988
43340 130871
609525 416614
794946 232975
775781 257835
992345 90572
530901 644179
657931 504356
958190 750286
721625 512906
250177 871076
172645 871103
924541 271967
769945 884935
466147 942448
415007 703120
491214 251141
778092 869383
941978 748676
21645 748822
203361 889064
225949 856727
516051 863490
526526 883604
543954 613724
239909 930845
105 132655
345651 554130
22419 539692
979002 581277
290229 17169
788378 142515
120045 657963
447263 619674
476632 350152
371996 229514
484172 763586
789740 27219
45660 541094
810321 880301
302183 741777
903631 437854
15991 818544
335653 619617
862174 375363
952358 635015
829527 185650
573202 679357
871113 340531
455118 425684
627096 224171
813642 744270
541018 944048
882397 454605
146371 335432
903578 226444
856316 683549
103151 955344
389455 657651
735759 879197
794449 845243
41893 59577
552607 970722
516495 744750
754875 1728
800242 356586
623350 719198
567779 293480
879613 861316
415445 389639
711719 353004
852145 684544
600085 225101
203311 614791
896038 680433
474670 442638
832056 626259
503348 932852
4442 319665
265455 117673
566475 618692
717893 271661
250507 73646
914805 52483
855507 391654
939554 958995
877021 464667
764235 681571
891879 194845
486072 715909
676218 687914
654232 299075
557840 492945
866285 251096
715528 976753
59737 130078
67596 28030
95408 298357
543850 196369
648156 710144
997377 572123
111423 105167
577546 925395
143052 405972
144220 360540
744294 459860
669636 934514
643909 225820
568851 796766
65708 7925
771112 989086
506755 889407
741709 709626
917029 954799
181737 489672
756993 66494
261199 715978
197538 265906
984994 310974
44362 97734
251120 461300
63025 148941
899202 952540
707032 545446
901339 429303
411502 139118
325650 102783
675144 316755
237634 405875
851713 196446
275086 599133
205201 248181
868048 610420
950769 292953
209123 832077
741845 601407
310597 964205
453098 197879
478805 693275
505430 301066
219159 82639
389125 501102
816309 566658
652754 66969
905757 210601
278428 571569
556588 353987
954301 53578
760501 108714
760280 820846
899658 477310
182477 884413
720708 453655
375395 835529
763390 581574
743318 232035
249993 991688
136451 837502
140141 895936
708700 126444
141318 91494
316621 762354
292768 396261
831036 168410
589152 796212
481162 168082
560569 876576
898380 687806
339922 326435
227869 224517
912923 726755
697268 597726
650764 247634
181782 896161
445335 701531
128551 992815
23197 140842
583863 475511
634571 268962
186254 869879
834453 820779
79219 264312
552357 389458
754896 849444
37550 406393
80583 613122
225456 919172
995868 385381
717725 71268
929710 421904
423393 743059
892053 494707
240689 940636
512492 372079
676092 416191
438406 479944
955607 509039
263472 946304
141400 489443
431688 268766
862147 395328
867813 379187
754899 326884
218357 307603
826870 694677
808496 893600
125530 213515
348719 595979
326106 704850
557342 439338
135684 756272
589490 89207
522163 445201
503423 782874
764410 381433
222669 682457
108699 442053
814656 992169
688753 894129
677355 712617
805022 799449
628811 411138
271710 118033
856653 430438
918767 913645
802764 913666
888967 338065
974843 418007
524225 587267
297085 232807
734863 979124
758186 670639
227875 522781
481709 386455
59353 649195
172898 118326
448366 371800
198982 600370
20303 975382
486277 623378
653590 993994
429216 198322
938176 294543
890770 440359
924221 1290
84626 63402
209928 879673
716095 392582
589886 21848
812794 918175
371019 647986
343391 785091
276968 218095
180959 644345
816673 699420
378924 30219
153759 13532
100949 696617
743675 357199
358745 313204
154705 209299
779682 500881
879765 329259
220186 952580
349666 147796
795959 991765
85641 739537
813242 135596
765101 51670
910109 936182
977846 963677
904637 572330
843629 667303
524004 70531
795128 171456
122274 200807
705007 157189
398214 711439
293969 405706
490957 692019
883641 837994
97854 374103
264739 757648
246314 110132
345303 156799
506274 554476
210853 922613
81223 932603
903387 904521
959589 892395
625309 488417
110824 394335
364387 37702
595505 615291
19799 3636
709064 846479
83861 373638
275272 485299
114841 355952
710657 685341
658650 482976
130119 517694
538908 361545
614288 209813
510617 784119
771355 206921
549660 923394
639515 375207
19109 238836
504761 980839
493691 936585
478833 790474
82507 631190
68939 81700
377217 140380
961753 834124
501209 413618
500075 218127
892676 651976
17351 618714
674498 313795
784831 138795
41461 730176
271430 833709
93917 409407
131766 614003
970595 472867
127745 343726
493523 538998
316021 222443
308846 415768
729772 172534
713808 198839
458609 239403
768601 859345
257529 199133
421941 250006
938691 568527
828092 592667
65300 608984
330942 465816
805317 756759
580603 355462
455965 496607
354425 876115
443469 798813
804580 532490
797767 57852
107945 584956
677513 144799
49175 180276
814159 907215
73950 561642
170084 211518
631119 57708
197930 557031
60464 432088
12434 186280
622110 902813
265305 348792
576792 662249
508607 428535
369796 338960
427712 595962
993369 661716
517143 473315
443098 927862
804329 367685
412469 965150
54677 764773
574525 603577
766163 626698
602955 874408
941310 577933
817244 955981
358498 935673
361836 38152
267782 105725
300525 73356
269932 804237
306392 726377
930979 80898
124137 452758
265816 667530
32660 639699
309403 944785
746730 76848
317476 726087
918262 30744
94334 443754
12267 331914
935917 717791
501750 667182
131342 224686
184550 102310
311335 191348
961195 617716
580917 918728
288449 635758
958954 55787
454035 923453
348648 418056
728618 784044
493235 780498
609186 326868
289645 339198
496833 2312
542209 496465
583152 259706
229797 655925
61532 728374
776672 446712
263858 405428
926813 700863
207464 652912
711224 52122
498666 230687
153279 597244
677267 106539
842756 372457
889888 528721
179245 402227
70181 821732
881707 983031
678935 889051
683372 459439
877195 573827
188744 140441
215849 872328
838394 451223
614610 469600
956118 436890
480938 986062
943298 999370
86285 687154
130762 346899
390307 257476
766088 644799
13017 268499
200189 816060
878871 795992
372502 673
987896 814157
592450 154182
74869 264064
347951 160582
40097 963748
193570 845645
587439 861516
436514 377419
757826 282478
305668 422456
946046 460562
717857 396284
566290 19012
968278 509380
297361 960380
396098 579744
636546 951019
508243 99356
449425 358388
890984 635737
826935 701967
438991 898238
450343 277087
577602 397461
134565 888729
422265 678421
700821 264909
613578 125627
436463 958421
124325 555170
114263 124260
39066 206563
195679 195841
794879 138257
839819 676082
177410 978948
789961 602725
299547 14548
705963 920719
415744 106332
969640 68404
561049 42787
771295 233378
921811 656503
28692 593078
51794 532576
584665 6933
551149 247133
709634 744023
124171 119971
475575 785255
243656 499921
71624 246356
175040 516909
638598 197833
551210 134788
201304 35634
128134 148952
434019 15339
795319 70379
261971 491674
413180 706086
41753 513074
367016 986162
240588 931240
478469 466849
605557 994089
481948 361783
531993 317833
551293 48149
232317 833774
181610 514668
609187 803514
291506 500301
166382 767095
510075 21673
33689 44314
85240 952386
510073 559676
261317 705816
711519 463804
565293 216848
229703 439496
346994 109387
452602 230989
419055 689237
39815 23537
300558 650117
592076 921483
474426 663762
267422 628676
587622 687306
48330 534403
30248 624048
243382 330864
630576 395171
504719 246981
626752 737858
853375 263623
868921 758880
327182 683613
133907 218579
126446 116862
178477 108838
828304 213453
317927 637923
174164 588727
339844 815785
990794 688079
218150 203597
896483 346647
9764 343061
472568 400543
367772 625002
392950 727428
811333 654982
6417 232821
938811 230717
206149 24281
242546 662092
497608 335118
752960 469940
578794 948213
520914 806759
659390 303049
580353 306003
402934 297013
884796 745279
944751 472245
848090 898771
908961 276277
663380 253002
522073 854329
241680 831471
194049 832786
28257 29241
533135 761319
120156 137184
427873 807054
488270 739759
166347 376084
801642 253130
199921 642890
207310 465395
229449 909081
685352 984515
827910 840089
715060 958476
659022 120303
392486 989722
96197 552656
784997 734775
465307 855715
148751 253291
874613 466432
863998 670521
552313 237667
674990 781911
979338 20945
540716 151135
871368 20870
665668 666497
227551 198758
641081 725852
340057 726255
123510 257456
912798 568151
600082 542275
269098 953534
311785 461890
815799 116902
919583 587151
848137 870704
395941 920509
58246 547977
798537 746880
356998 944906
91509 502195
549910 294335
156694 937862
437534 661809
974096 439692
949438 113459
145837 469401
100725 31482
732336 819594
781096 706439
602510 127207
974007 865114
493251 422484
965081 682557
109369 628637
763247 290084
683618 225330
679859 735569
769757 942392
70107 365777
962841 533622
368836 324929
562656 300241
150762 668145
306237 708533
358199 632473
518068 122430
327783 695092
832212 316300
138577 993090
822011 333967
56695 260439
87319 708295
31688 26278
100225 644556
763912 748853
564102 976714
509674 184202
662057 774779
651046 618678
992375 333022
489230 189438
557865 522382
322803 400571
604534 924292
914946 225366
249624 106519
516668 279769
876535 285514
933906 221338
776212 965412
508441 125574
455513 734342
776532 639618
2255 894407
582781 384954
962560 263351
502141 962286
349229 159213
110747 48286
782195 972492
316372 672300
645785 180030
981937 148831
635218 620153
245285 893461
511770 441282
561393 255998
648244 208973
621171 537885
944828 116291
913995 40347
609123 701768
376555 302415
271740 639273
685274 341469
865815 709127
937291 623895
558064 600405
924115 812961
94358 950454
480547 420537
49382 799980
277039 978353
143367 848271
103487 902575
250868 654895
719835 416726
809219 934061
736883 345672
162811 177893
2904 110992
705189 319234
53287 160141
654686 870526
238175 187904
366331 414903
705150 669548
479875 266739
226665 376225
830253 743239
772158 335289
728021 484093
376083 147000
732031 123845
115257 780124
367166 139715
619765 504152
456774 238012
378843 524894
275648 26657
368183 57704
640739 861941
527277 811695
889199 876491
702756 648848
557461 977958
269958 611613
252178 299006
206485 805669
821442 971092
620623 284371
631324 116529
136738 527994
924720 20128
514442 803294
786490 728015
379323 48769
738734 301247
60859 286818
816504 472902
768833 2988
266726 313309
259583 188085
413200 120637
73439 405215
572946 60948
835118 601578
993701 617741
952613 268980
561566 381865
316646 158596
877756 250851
420562 844623
408578 652649
861847 733963
110174 205591
980531 98263
640298 811686
465896 779576
887498 814547
53590 531143
58443 670236
858972 783419
137470 688487
66448 322827
276437 441810
739135 238851
291758 76457
969270 580563
781511 464360
49598 786664
209098 762543
287107 793325
492225 105826
153180 787681
857282 544886
15168 406051
33626 135219
616157 599043
911534 685020
993527 414779
495498 750067
401091 260219
970263 739304
679239 539953
770601 401960
524554 858501
152473 236779
926362 593490
611680 293319
884054 291009
55011 553379
701280 177120
795906 37463
749778 452932
19453 859248
864662 742097
172951 10589
307077 606815
751397 930714
851077 781203
228441 425410
774555 888392
830337 277862
837623 253158
483240 110759
792316 956202
541790 814084
465905 728816
7116 320744
95198 513447
164962 493818
347927 106627
375405 396466
753131 159469
379266 857490
824693 384759
332787 736209
194828 53641
356451 757050
511306 739386
769874 746691
233615 121394
896837 564137
94490 104029
384620 620573
315009 711221
115740 127294
448908 301673
624434 833123
355454 809105
739717 813698
668301 199513
488643 589938
575746 930256
361301 217260
600974 559507
65129 47538
718168 491612
907671 445161
729779 846245
202097 255382
988663 964729
906335 245934
493220 23355
529472 927876
182781 622504
662703 712928
500974 400679
388664 642580
952040 236313
611071 225354
739775 453957
290733 60394
795414 401157
169937 2774
549812 554006
989677 557352
699550 735553
160247 580911
81818 274005
376646 933250
859564 642212
371837 21953
825425 620659
923748 17018
155750 798788
94986 617371
784379 470971
924920 821613
101115 750393
421774 986431
292106 203971
333430 303251
125870 333346
13400 11987
789135 797396
55998 409506
545503 95355
640117 943344
416503 715928
834723 689144
845880 529554
51213 816916
305009 669763
754551 188788
76688 966740
846340 847359
920805 824420
74889 863679
51325 229444
216367 682370
937875 818864
979660 965234
836845 838068
371929 847342
456448 34181
104046 381418
537466 307011
179388 917998
77122 686025
77751 356913
505010 321030
757968 41671
496480 814611
848448 347115
686642 712065
68147 632086
591079 819
85163 23229
784889 452680
215135 31727
504040 635292
175299 757642
302683 828047
749928 234021
47447 367477
959279 364163
278705 80458
725062 11322
91852 699419
882019 921367
902904 180472
457694 823400
649955 414513
612112 464912
297871 329875
502143 202774
714380 45207
668548 511295
42270 172077
337954 838360
864102 409520
666319 2545
718298 650740
779605 452377
954212 732812
462725 399572
637193 609748
166632 108178
931071 16204
737716 454457
436142 803448
126885 138237
22564 540019
808660 926126
798801 751054
437813 10990
767684 203237
179577 717926
801042 723397
601571 119393
363776 276281
259686 512919
545167 484431
395936 724118
413334 339829
240564 243243
442744 217723
177065 754056
160945 709173
677050 774599
542736 164428
539492 916029
469465 631894
784191 907152
5942 945927
365579 409350
287118 16929
705643 14016
279795 744674
448220 722762
540050 283035
956257 123776
111055 300569
962857 969248
966372 389362
453145 54961
270815 334144
585888 23613
619953 184346
549695 164459
640673 306193
606325 121699
656332 548266
274529 656087
318238 114656
808281 631336
305070 455716
20272 339902
502737 294999
712581 943608
64340 19724
328825 628183
330172 349588
885927 438802
560716 932598
382553 858266
325917 55204
316454 57353
590036 430317
766104 25886
284958 421560
374639 449825
652499 196896
356843 917200
580985 706279
19976 777147
889215 822068
423260 717591
199057 725586
585901 54658
937589 197365
718317 186340
23262 214501
186158 874162
211148 636906
280092 48953
401376 21730
758188 304569
621873 69964
595547 900005
297307 642950
622732 996410
666696 225010
364276 217245
470028 726516
845735 675123
667659 999423
290140 799895
43645 997194
811429 60314
330190 755399
232320 939734
404919 60888
559407 564150
718329 318549
755992 999948
188745 772740
709636 488908
77633 956579
571392 420719
718857 613712
269114 180439
249755 979223
349342 434689
395501 414277
232232 748523
415089 285198
117423 150945
140229 711739
495652 738639
869635 462262
54476 732634
680935 376326
998366 116049
537897 949237
564102 33653
645049 418660
535882 506297
63874 664390
308500 549947
603747 105389
426104 782811
900831 697016
959053 290589
202652 99080
324684 252051
892183 987260
217639 136156
937360 998994
760611 719966
224854 79169
928818 44119
896515 276768
567759 239495
47632 21157
127323 95804
245867 521123
777996 695647
368575 343949
559292 733856
506711 191656
829838 65436
902066 816270
828467 1479
114688 531749
881069 407682
91537 706082
70150 758727
843752 371489
412857 214213
932146 373934
712063 103386
1009 872923
673615 973912
83124 360261
761102 650849
86706 888015
160204 720282
441099 520152
493811 620835
523245 928919
504551 547769
551761 703677
679327 801048
85981 543054
481518 959807
916727 976071
246477 473634
948329 225200
237123 947741
547438 621756
993877 617750
778065 365988
676663 852087
458161 934066
930076 846674
93370 875946
227380 476555
644832 882496
593979 375655
793595 395262
116223 75487
244779 164232
152944 617215
945781 855283
294767 450201
780592 763345
389713 339744
244960 170640
732664 599634
239452 190481
927452 516398
753748 170126
535360 726855
935489 632379
208038 256343
438549 616726
24056 976850
700300 780347
52119 859325
584286 916100
147990 383258
952027 941030
667085 579237
98378 879018
995267 46779
991967 634676
510900 906790
74401 281804
809344 307781
453416 171372
251269 681645
974253 850897
279775 948559
78431 147969
752712 350139
170554 991526
764098 754152
694357 240128
529005 375220
79382 154383
100590 552000
342036 840011
177393 873011
104111 95067
514242 184577
363690 534935
638721 64458
428544 82273
501618 111992
440432 699842
975705 937065
212424 962148
186616 462257
207892 997483
490528 515243
397352 958744
738909 111283
912245 102300
519050 118436
246830 886696
444399 373529
850952 327468
700984 14631
126240 956800
92735 794842
434595 765759
952095 454215
633033 856691
629582 499188
502745 329729
273883 926090
146263 761430
289730 681583
426193 241184
867630 555931
765788 325308
333228 551744
792928 369054
384136 828979
755755 597804
842479 990205
414450 722842
894084 697123
228080 598748
866985 500153
942771 558965
43899 353090
752345 708176
700795 522453
677241 927280
407365 241102
500743 7723
519573 904480
354715 275801
596042 349354
649019 796502
186250 319450
230458 461293
95371 780869
102283 50355
62222 428296
895679 905893
557522 825983
713416 67172
98958 827368
442315 866760
742705 226518
546704 79292
431604 400709
492295 686118
407921 851759
303246 95191
804265 931489
431853 111313
519123 568533
423547 280342
400076 326572
474509 453469
971110 527129
788726 435714
237919 669792
582714 879347
837583 162734
181048 524770
546103 152710
803959 283442
106292 548545
966543 42127
348092 752032
178482 681019
463105 382408
939185 77344
220391 939334
360785 855745
490066 166975
507928 292992
466971 473327
216661 545391
912166 434895
839924 812301
458071 21165
328012 5749
412251 215501
228982 862588
934372 380732
375608 363727
351908 249346
212023 554994
540441 908251
282824 620444
938157 900233
187654 268380
130162 443840
532780 374566
433483 173618
680173 81059
366200 129750
170873 832388
823711 622623
11642 217885
422122 505211
596023 512847
565484 509889
533203 910230
162770 823414
608940 722853
861608 980868
88488 720275
634565 670726
182294 35123
887845 151909
43189 526816
304202 924013
797947 746277
280168 102448
974995 651142
415921 645176
117638 823784
453153 347731
830856 770083
801145 379227
538869 945608
563687 224057
713502 824616
117872 260050
716414 527839
876311 827810
726544 329233
149267 735044
18817 34890
994150 947821
886419 243901
127798 566450
627251 510292
652139 738621
382019 487833
987101 263016
380013 394433
171145 553156
54985 279920
596292 781687
800335 636596
117416 198538
239158 697809
300526 761246
294961 448614
590843 75251
526246 755566
917804 340092
147269 753069
925382 652918
940933 755275
827926 839781
492867 129026
822876 281934
998704 31920
877439 37342
58985 5106
475899 159488
56975 503797
568428 323803
686654 709718
878028 111828
369020 610674
280563 321222
338330 335340
56815 945603
773347 234130
843153 375713
893593 986261
592127 246887
78109 340430
327225 502602
171745 348427
550262 360789
482294 646529
866367 685308
457783 148204
581434 269415
317061 861001
231534 764335
383103 392919
898400 148742
479680 422017
749772 89626
735121 436984
83587 251165
550808 394024
612751 338994
626745 349603
540162 674205
962224 224737
693350 732358
314887 990521
602338 47866
892959 838901
442849 622778
19005 618212
781921 551841
302457 700989
933044 709394
142253 323543
486344 541348
728294 33972
505788 19583
940756 484948
264810 250385
124477 584243
573929 824384
739998 820740
871689 484329
206903 812390
81492 362797
96393 964449
991101 523883
524043 539972
537462 996101
664218 432455
900705 532376
458643 922605
353540 593804
243232 165870
370146 427370
58972 504222
223616 609258
161591 763401
337339 757580
233995 704626
355053 440750
205124 116690
813635 389988
337389 920181
589991 900502
87734 334460
571027 941035
290362 504770
291020 95773
883818 756319
83128 212825
713250 383747
195287 324670
764421 650248
289619 266008
57437 397626
531648 813741
36776 595397
165038 226327
204523 49895
113116 529047
348414 922479
398015 250781
404537 428878
297754 990176
570578 440836
390279 666115
87333 846049
7432 81051
988622 101779
223092 470193
541976 397956
336771 69212
938847 736238
216287 463815
246595 909053
456038 373775
862350 238587
429327 322170
237736 893242
821641 797427
728275 363703
638329 220251
724185 447052
378181 456244
503861 215209
114701 502703
86449 934080
712511 590981
757991 89055
800041 461299
823861 168020
359859 35608
526984 417222
352207 690966
984181 894443
717860 949908
497650 291301
461830 727048
88242 717652
66957 399460
456565 57527
799414 912107
735602 870400
573497 414279
618539 778370
544621 356251
136031 427061
138256 530599
486822 112729
896434 905515
755593 432596
530961 156570
339448 801655
440650 617282
265268 351851
512929 468779
286214 746027
167138 997419
257761 747348
642432 715431
345101 609487
374916 914828
572201 309327
284805 803247
462558 916009
956194 636844
315495 110957
990756 427109
205084 369764
276851 601992
414004 470622
118478 775863
188400 888680
716300 858641
223385 210616
547057 659668
433319 728027
140476 852620
151161 916993
866765 362017
679735 619089
405321 557087
381893 912978
906828 805622
793128 897282
374588 626573
111383 582126
53163 152719
155218 476486
718610 278670
676731 139233
260362 779754
402723 292381
985874 977444
350900 994334
211901 644658
124257 274756
604874 341586
843506 189516
650848 60506
353921 911275
677696 111594
346455 47837
332307 592282
127054 352752
642038 134768
480929 123399
856704 432654
520097 195171
674386 967286
841198 791227
847630 113258
899530 524891
651937 826698
104344 601434
937799 772382
782574 303583
392557 678613
212910 686069
819968 701275
635242 17391
395450 989170
109984 22218
368860 22228
939206 494751
53698 267997
63698 573688
540054 382082
121753 754496
70744 339360
884804 185212
573658 212082
375793 919597
795363 298903
458863 452383
241006 180582
346318 625084
708556 610724
247424 168897
970399 526381
296574 462423
412190 156274
771026 419398
252063 348835
151825 699973
357815 750496
776447 368235
929638 17844
598032 711666
868276 75894
162576 796342
665233 476012
862747 54296
950964 927853
846704 336376
425291 888311
586149 808259
299272 595953
161922 416597
866560 441305
802368 349078
83658 14929
362843 915621
102197 509895
57555 239352
712762 201774
405730 161388
369641 43347
287896 39308
690504 11525
102038 439279
90363 969027
737019 728812
370156 703926
318927 142738
280983 908727
725464 197244
836137 322285
428997 589032
579387 476495
703706 382380
209379 980552
534789 560104
40676 980819
949856 968696
467412 707990
93860 20886
345237 975349
586302 341549
734904 400735
189081 771707
353059 489873
461882 446719
148136 708212
777152 761065
810372 800399
95434 556065
727863 39004
489926 32814
265752 421127
427056 601295
780506 907704
422347 434393
842307 170731
518715 913130
36036 665300
349581 179155
320416 202586
902065 398977
689150 234749
392187 400077
431382 881756
258352 36870
862637 943619
35023 380762
247358 621987
144027 432693
435744 469700
861737 960097
787333 129978
83406 812688
492050 954096
544471 641211
254606 151720
420714 57015
299828 640260
190760 611564
62889 361206
367249 268055
965641 258035
122607 617179
154852 205762
512928 360294
645780 611265
819909 497616
494579 18105
954253 560073
597926 416302
321429 454278
975455 525934
558161 523928
883283 33342
794316 316284
499501 294887
628389 619710
276356 67140
651054 988545
390828 657697
331650 74744
849385 804743
463578 608371
607565 785533
106269 360341
481058 782737
213689 675555
910217 546081
783443 607623
681125 140395
321492 438820
820675 116215
481453 113306
925328 591045
855825 279826
41537 250052
655291 848426
295994 775666
421066 985541
843810 4875
682752 465094
541135 3520
55219 627636
182253 764429
492355 95452
412020 403787
377510 439073
57127 805011
642366 197301
865771 82888
88114 295216
675106 530057
865881 58286
848975 679868
142746 614672
947534 901287
65786 39628
837974 402393
769503 605374
623678 427134
642931 320814
802956 776781
735382 315044
373789 292670
412599 780416
52334 551265
978665 685442
509583 149169
848391 6704
271684 101759
634750 491108
362660 10948
568765 654556
826628 641694
416092 931052
288791 986530
18450 215932
4070 561288
667307 455569
498492 691821
996259 275361
204564 207397
915360 167904
557046 636315
773867 200909
258579 68433
267786 334978
236272 406062
907720 430586
196886 676764
357033 970648
753614 699960
840525 974420
646707 429729
742485 387874
46664 942066
573823 948845
837758 959161
955822 581331
261124 699309
628581 431728
339017 383067
28779 625657
161373 185408
93021 417048
312445 200863
688984 869716
720686 754310
60453 103138
757131 316319
731499 82223
502511 893255
300982 739202
975724 633471
242241 29974
133327 312058
888002 132156
21247 462876
357643 183320
478730 338531
611659 473770
119556 45756
804200 989832
495942 584827
138652 338741
746681 529
953371 916602
217737 218902
606880 102576
511303 314581
974504 299352
865878 248796
543815 265434
491893 739970
821818 742609
412206 777263
857594 898879
532220 354958
423053 64956
337783 641345
590909 444232
231534 918535
223832 844634
971452 578027
585194 471355
363556 197220
405194 486661
369577 619096
514458 446211
807373 731602
911309 190187
525655 919591
529046 506076
14632 960890
460062 311249
69106 970974
781143 248993
552716 113458
392958 304953
963930 678126
803464 126374
125365 329607
681097 30582
736262 952582
67674 68811
93121 869468
345921 361057
513607 230293
926542 525242
66574 571781
910775 527017
115915 308513
482522 57307
695273 118928
213269 37733
283723 446836
156831 104038
933246 486601
522506 695161
721298 296206
240222 856415
751545 247014
881839 648372
326971 443325
94282 155663
718337 916939
924327 174952
926751 842685
756109 140414
48313 385085
475377 111915
272275 699207
555665 227564
697549 313186
475239 969445
602993 711613
887344 799709
949839 687923
280219 343870
205447 731500
482687 995434
949051 75153
16872 437339
472484 504119
241927 337920
382942 817089
64667 639819
39212 861667
580348 142781
878520 187502
33247 504783
739118 119804
925178 473689
568564 428454
926277 470366
214663 630152
630803 773732
343657 679098
378465 956069
557693 241107
849785 206873
522779 239411
51856 681879
595011 616286
933494 643168
814999 626381
567846 45710
24397 127166
596358 309663
249728 592034
539418 756161
737553 136207
895394 205382
259532 748866
597199 427214
678826 423480
584646 455711
918037 350474
756864 585962
896299 963425
329648 859180
867150 430547
617662 850412
125757 816859
79357 428163
58883 464317
355600 673909
336238 710397
744248 59032
666476 645261
154312 13758
370395 658108
213874 76774
674642 866974
870730 505224
281648 31695
167601 67094
846534 782094
968511 119107
879853 143937
854861 677352
358494 986132
185035 788041
244667 888610
787042 997652
370570 294424
468078 80867
151649 218800
914022 396494
565164 668927
612720 582866
550226 402504
884026 201474
73704 795425
935386 158214
1754 853616
435898 599612
613607 948255
893496 485793
412492 116362
575510 10025
96010 739388
388132 445861
894766 585391
776698 250477
394495 887067
977361 234887
920663 501736
617297 228767
863687 228054
82895 299652
757011 529948
634744 240113
191874 137333
265264 704762
190942 560028
386965 673537
829543 72853
797475 444918
908877 94165
599219 712358
200763 565685
975203 951866
180601 13940
629589 234125
405708 798236
612865 209050
34027 714041
411348 839359
70912 775384
639667 150299
888217 476899
650667 170588
163411 76148
302849 905029
109532 224414
354600 480506
269161 209979
301798 782546
902418 884011
25331 96352
715876 213647
157220 269226
300723 382616
715767 994599
331412 264086
453942 294740
712695 667700
802058 476610
47620 304135
1633 970532
78099 473798
483380 661545
905620 545756
452998 805441
223479 79791
832157 954414
495837 413591
485639 919656
268672 447466
77912 469410
498505 78719
889582 296440
480667 868317
115237 821686
322121 832000
435902 945007
256680 786176
586206 410833
838337 111870
169597 749934
102460 276713
297368 422669
813751 529476
414806 502674
988375 671963
142538 519556
486289 773964
43583 780190
316943 136625
782252 757153
350467 262860
126240 333112
502250 221317
364396 230297
725612 738019
940995 604133
639488 817379
690064 598268
900953 184891
196660 842925
768843 942209
8212 920707
147197 882572
252538 697714
504711 677609
990487 996945
944892 516756
815784 608976
164306 426065
651056 899261
25355 319139
488726 229518
123414 344046
248942 94305
899789 979024
205426 335124
682130 592481
942193 794261
971723 255804
958691 909478
861412 984350
290116 299138
708752 935551
595174 166072
986935 75032
551993 434088
842182 695158
844608 423405
57651 564433
980777 212245
98559 668055
143512 36490
152831 120290
965146 462240
221960 914825
830578 915486
249845 88354
304996 380914
59501 870416
56756 41033
564465 748757
834243 124823
469117 846080
644643 541365
538669 222098
916880 313274
749586 789946
537001 985160
908053 429937
48768 917543
219610 528662
872674 929997
931326 331487
389153 710999
920409 506752
266452 332415
938180 695229
76359 515223
962796 352
657228 537606
312041 445781
851950 227759
740731 181133
98667 67492
432709 553152
570955 775342
772880 459675
629286 392648
516202 657063
849216 153699
442974 208684
43489 668268
518163 260867
764374 640766
139412 373514
41375 29452
654760 991100
154437 297729
257102 485711
291433 638197
253340 72357
434737 348653
793522 208249
852032 558446
947970 882326
363091 254196
377826 562644
105428 103166
622138 990287
364779 247890
414702 229668
936846 882345
910619 722226
404928 414460
251677 213935
372917 606213
569394 768061
675538 16965
659780 563102
119930 691795
420562 520217
563044 830946
536870 148914
938209 27024
395153 215848
290495 592384
754441 433563
893953 620401
655671 774447
766778 806638
873012 36767
366323 592970
406266 241440
71766 462202
415543 827206
618884 389718
925966 245039
447430 183370
20271 596097
96886 568956
827119 993925
835361 536911
997205 102709
582959 917325
54437 534952
803092 940730
496852 582241
904236 957712
582221 112070
360935 712520
528082 123792
432023 696497
421579 160522
859981 45904
904994 689665
26788 867397
954709 58671
880658 246228
866285 372346
338400 529711
684166 601950
35796 468195
217963 156289
89710 578227
162448 867558
241750 996677
802050 404980
389300 660773
641063 295755
125678 488217
622661 132159
728509 76942
624636 296100
742056 303197
451416 569939
136416 821343
642577 166677
364506 172818
885482 201053
334265 690938
161458 46651
74669 955176
497871 412243
176993 306338
177675 527009
135418 752221
641971 936685
402709 280197
828583 671331
864459 296107
195712 559737
639490 573788
977353 198519
104204 590736
904560 346033
954608 102461
144328 661949
888481 541409
69149 234106
498198 185907
584959 207578
127855 578774
884686 39679
941684 687150
709165 136668
592833 847634
634945 444930
349401 85088
697302 178895
273792 322576
148097 905034
17800 267806
168689 716033
34721 96151
724541 315818
728564 710449
628674 819450
457693 183788
163965 235173
139729 554753
294757 961470
674381 714941
100608 560418
950887 294495
785834 542913
204411 270458
56641 284082
693583 19619
571832 78890
250392 982366
599836 29311
596754 485559
87439 178181
806285 693853
304964 487109
574125 135704
734953 605151
49303 860243
711973 668131
598268 845334
341379 955976
452448 429415
436691 162395
864197 301294
587353 184419
311594 513637
578067 52121
136912 78132
340778 163062
716019 438059
680522 891800
331737 239481
600484 481599
465657 384126
775535 778521
885419 434420
707585 722369
417882 59972
681519 115568
980049 962972
451448 924817
208826 710485
736333 723545
607184 198526
148387 172346
285416 852388
460971 733765
95136 696218
928628 519286
870191 698301
795018 741319
272563 6377
151898 547940
462680 356567
243248 220312
230566 376281
211443 835566
375500 769085
488624 951848
198359 59526
875108 672522
772510 214811
83956 175047
675083 369674
391931 144290
742037 180072
37270 268912
363456 802110
246544 701993
89120 389256
225098 600974
132243 891293
260251 394371
453395 509868
169927 866331
365224 433293
682249 729714
440933 589593
935863 96584
397658 882500
631284 130624
964482 59840
696187 182217
166351 393579
265406 576943
878146 767832
494281 299229
142143 768719
338671 402778
167578 377763
133239 250571
9587 674145
877728 553850
24974 692544
284383 499658
306861 22300
255498 642661
579596 679791
231511 349367
419642 452934
917358 851049
188679 35815
48642 224970
623930 650964
194064 231083
552046 968226
716597 299481
496014 119778
735746 30242
162926 498741
591112 688655
420315 650502
744573 149642
832680 231557
849524 597334
753451 334643
764940 756676
84407 567951
722723 42202
106707 292337
575660 340111
241175 271518
813681 705313
930694 503475
528800 450400
979092 368781
124158 38841
146143 176940
205655 935526
599791 979329
943718 942935
663309 35502
854809 548263
353049 418313
991396 776935
787218 388328
135872 510415
47119 43323
640814 723233
975483 353158
192389 99554
186872 352677
546003 376527
444884 194268
596425 814339
511625 149172
955115 548903
241371 123620
358159 530116
497284 614925
753119 402887
905465 908315
610952 598690
653840 896103
923377 557233
168741 500248
760276 69235
434805 29030
757852 932366
499036 363760
626946 435630
276149 252271
858197 659446
524795 333115
334512 679077
186126 237976
893515 52987
789679 793345
826378 47960
662036 310061
69155 695236
964261 625186
5191 559754
913524 585500
730753 954466
704540 699521
673873 817952
261590 281808
191320 187092
94644 988083
37237 123704
245836 372172
534547 905931
999845 899407
460477 449497
263734 729020
659407 57311
6288 781445
224424 308074
628877 124288
906953 540995
368300 208672
625795 514289
236331 718457
231493 736097
656527 728769
656615 295220
735984 959029
289073 575592
296856 636712
808053 523283
967539 697725
804378 370800
659488 25
809552 178508
748372 462979
476169 501462
934766 881952
615537 431872
22143 914582
988276 440432
13150 252325
455243 907481
547398 185314
918709 955346
176312 367093
748607 684793
650274 962765
194309 427342
775427 953140
651892 426706
2742 705030
419211 727596
827767 327819
525753 819858
35603 910255
270364 456685
753927 449534
356748 654668
681952 522841
986982 291575
282944 275295
324100 560754
105686 857404
184908 514267
182114 808520
648597 167851
118265 207521
896424 932101
801841 857728
965788 167804
82148 921693
195347 950924
542552 941519
768228 410405
835519 783571
540943 226510
350105 223376
428492 402483
234995 43142
427156 667432
976042 273168
852013 848448
471957 855922
657127 519004
390027 95961
313831 517742
525176 330135
509161 799727
148185 498627
787039 748639
828509 956007
748463 281562
858345 932755
625131 417512
935284 261884
777960 49604
644119 462242
327306 931372
927195 681205
907107 836751
669540 728846
878516 742577
148512 712331
934340 576751
432206 644207
774301 468919
71173 302429
592617 981957
671001 364767
65102 402218
781481 528639
560274 508394
595914 919189
762607 592333
284789 454725
777402 707247
522007 239962
51851 24692
210195 930533
530467 967031
107765 230372
903080 114588
81471 866096
191762 40645
923853 992331
763947 425115
981760 689883
764541 956359
178202 533318
240967 347573
371748 235065
937901 216982
334588 736803
350575 415255
985596 880751
589874 72677
713031 278292
274812 813447
627541 464535
367234 931251
17405 255761
378290 527356
62937 672698
79077 477585
172692 385794
845622 403651
188787 667239
36000 953633
398513 234129
478239 541937
331275 651746
373871 426980
692390 436585
64541 202591
214315 465926
549656 106506
19885 656632
656831 651770
117655 295153
221825 564887
285345 402005
316341 547727
338309 44842
577131 803386
606479 557057
304132 371706
373657 370403
536400 840911
915491 389329
340440 743610
274236 663511
33031 963602
773179 228488
74202 487492
9859 932824
800613 743129
859956 645576
607067 73726
130324 532427
926800 633929
322538 336965
40635 622735
637861 798138
284460 10849
582463 684493
533636 730073
496603 226903
140851 538531
613456 165274
778274 698912
694648 947207
745197 955017
104987 362362
287867 586801
604768 239226
550861 596647
688321 367006
907808 605700
658456 779550
965498 455505
263693 287029
590757 799644
365257 550646
590353 542548
67729 563262
713315 314923
731740 799706
869150 151111
309291 53279
840818 399625
733576 783415
639656 580559
141932 260829
17003 156784
879863 897113
552551 852850
702666 250246
954456 920535
414654 626121
893602 871421
771616 473385
45648 276311
849460 704791
633660 64414
505343 638714
936696 770575
199223 837526
602799 115483
938423 348524
617640 810799
364027 640515
447835 680726
435616 294575
958826 132459
731390 201676
464625 23300
409475 914712
372741 912106
839453 897082
315745 758875
372188 927738
49664 359437
894810 396313
263666 192202
185250 770379
21489 617903
562701 62930
329242 700281
398341 516617
311502 914390
572678 41653
202816 920571
444600 233820
573159 17628
805582 421163
715700 581057
691874 696979
46745 642978
155232 81879
605798 106590
391417 94969
631184 45565
449800 59157
116061 527103
283552 895515
965208 876771
186115 279502
976311 405221
238914 578218
585715 327667
241902 143714
776038 127623
524834 391138
737333 867487
517727 59517
871633 557890
183031 707544
685328 489371
672108 614011
236212 931271
543015 695258
224759 843811
198276 582351
872370 559759
181384 506712
882011 802849
168648 708107
623148 146061
511753 435451
616928 793577
454583 525420
237365 550569
886136 216830
253348 330902
393332 447706
750070 982399
704766 701520
517108 160940
761443 421348
536619 441890
785043 748345
572375 128650
177654 69716
247538 320752
803542 264541
204316 585373
155808 786370
671822 278823
19419 1954
170433 811090
991242 452706
12589 934125
344614 740158
60839 704771
984648 503745
97776 398347
415843 473616
971363 567790
237533 116963
249042 262242
689288 758073
476895 387335
805473 225658
986968 898318
830163 421607
222215 736121
574926 289749
822949 575916
216292 480215
219851 491021
687970 975633
310925 621091
236546 169592
613748 160065
467295 533449
599877 889789
480582 755158
188777 550195
96726 574015
306323 639040
621206 949930
712235 195858
342735 581837
812361 466558
911321 283605
67764 122563
2698 854395
457821 343596
648307 147146
500649 45063
54377 488737
78038 200079
480365 598063
165160 185664
389705 553180
619393 284214
88687 836553
369797 652886
64760 783791
576649 436984
93933 209050
186662 577181
711136 880888
335609 577958
339973 844922
92983 999671
421888 551883
260975 866259
223047 644830
947255 637374
46759 202962
317323 199445
625307 280611
213134 938688
876856 147898
316459 442002
210895 986323
141742 25755
775037 429073
896612 898188
697214 527975
764542 330421
272858 399133
260560 437173
873260 659948
693184 116571
905467 939259
590723 838162
347417 233839
980053 774880
564756 500290
179751 929789
674572 433368
141976 460400
635526 626118
319480 758574
933672 720808
856457 493265
697468 88420
881830 931433
681237 435052
62310 711380
901407 199992
108650 398021
513009 425317
139611 423771
944839 777025
986929 87613
414912 913403
93963 698749
757960 69519
647749 967617
278485 193278
166147 46841
877627 49134
663269 321090
25421 830417
76171 375150
328910 636059
833918 863570
335161 112292
55276 609154
985931 712816
172871 66191
609726 54600
395818 856082
219662 460718
885130 4398
175675 779815
568600 734198
142874 438677
972155 196043
325064 152668
357162 482669
19070 386735
9368 632470
807952 605347
19837 147742
501453 303086
325789 581339
382289 914479
433239 643965
77875 616191
26853 629380
526257 295293
324617 119480
363578 106908
886783 544639
35602 536168
464312 138106
356665 216208
580609 735409
586159 213296
676204 888483
561173 530764
440936 159882
79388 675752
145465 362650
866401 42249
944425 93680
17238 306199
677100 347292
787022 582828
934672 999203
22647 385567
660296 535054
933119 903720
90135 53049
4726 708250
33659 21854
753159 112561
583077 554778
482381 521237
724255 885239
169717 208179
116961 52091
69758 378140
588877 778720
375795 7579
196536 993761
439101 827387
367422 695061
787257 303224
818244 84227
517754 923357
253165 290192
743901 13766
52858 754494
166478 218823
247391 441874
175200 100391
705148 286048
796235 5311
465819 490454
350620 252500
896916 709682
344516 512734
774395 378417
783300 687882
813215 574864
828770 827025
543444 189482
752757 952961
10610 439798
731324 217859
740656 380003
342762 451287
610494 534403
122477 799537
320709 687329
152021 911330
639019 523118
78438 338799
599612 682842
417642 756761
407909 901078
265163 55096
837340 125068
656854 678519
388238 723016
123836 858556
599685 486503
182701 534834
725912 879459
927267 697771
205382 165100
635228 761478
211481 504943
383394 566618
687870 275785
286267 861596
593706 459771
874470 476867
25580 507997
199151 930634
82284 657415
15285 174239
863226 618483
396320 361163
160735 344451
966627 888265
279340 410200
817560 239094
973283 459138
958033 902035
839422 275231
192817 96061
638869 800333
37598 416288
528109 672702
334184 240552
544867 101889
277600 650911
686203 464559
614529 923933
729241 170666
603188 994319
570835 453947
675693 151558
942001 219580
411865 721631
783243 659864
205870 665638
564783 75001
749068 255549
59246 402221
64654 624824
43893 952788
499965 6134
643669 491887
124073 741544
11029 732221
719875 326845
804749 287196
287693 719644
12052 342633
917442 663478
408723 630252
817021 835815
227058 552049
231889 648311
90556 952046
132295 916354
726802 628630
210758 180172
919142 456782
956164 699282
278934 246196
638416 831021
400481 14965
835322 355832
846955 233821
423317 144609
532380 882149
802180 550416
771274 411761
136028 895828
839107 444613
122717 946966
155595 347726
237319 999652
711288 961052
625622 878498
234090 487688
126837 648239
301751 441981
319423 117987
511147 756873
134932 446491
712813 283890
250304 636606
467325 59959
621917 78985
725630 739336
70360 467411
721614 933769
848758 103821
883614 34850
348252 51035
465759 977476
66546 887260
487151 610
589024 789253
545491 301378
374617 83001
695415 182753
884215 508874
766924 702182
940469 431157
918077 16619
56630 339562
786680 15453
672889 448980
70433 670153
740407 345675
891877 820438
340729 63482
726301 782887
984562 160602
908538 681563
967686 162923
283245 52407
727716 429506
81316 196103
887307 793472
344055 168463
951697 77343
347751 685928
794522 959026
312357 39391
835212 758785
207646 514561
976786 915487
874211 306941
280793 272758
558112 689612
361519 345760
890197 173316
621582 554366
190526 808886
175509 467055
797466 18187
287503 770945
428601 803471
817353 875489
597175 259396
803252 8658
921445 318381
119276 220326
382076 697655
455993 973408
235717 288065
141955 93502
832849 299045
358040 679632
920008 444448
924908 994062
512789 655113
266433 479203
417313 785096
263804 523599
927315 960862
98423 656788
604520 974407
293414 145066
314053 362573
294786 994824
505281 63202
460147 33748
614987 749105
371047 838637
491581 391333
971216 478652
311307 806261
615477 987920
959819 673177
452111 968367
37686 782448
674198 150337
174384 92094
56501 501338
933016 492196
583628 688685
114812 762182
119276 302885
970 863565
61542 382565
984854 42657
943553 586114
939580 889879
112581 76267
801120 74631
979330 595646
532520 368485
987354 724244
815128 17688
756734 717361
809824 795069
319408 513749
933231 237462
828561 963062
949462 830082
658952 206282
456253 757151
617382 318039
403611 384960
763725 935450
404040 335854
185241 459316
948715 271327
814192 550794
726781 187035
26896 60998
785670 392323
218957 325342
879778 583052
732678 274519
161614 113892
122016 875416
478820 40112
731896 916286
732444 649522
538925 384647
882862 273112
939766 486224
757030 223740
641114 186254
806090 631214
490233 44683
925453 797330
380902 801785
372037 121945
728156 429641
560707 313976
802176 287117
865271 877109
768415 502299
626464 665850
268152 545018
411852 342197
455261 67851
182415 182448
154405 614814
669376 362829
723073 393594
113968 915968
92740 641346
333617 70567
620638 632699
475544 18442
200014 226918
855649 135341
764225 844210
653494 312259
172535 339598
922764 112852
868467 566812
393675 592153
40709 759493
5197 986397
852890 807810
226400 162196
586027 417611
262270 586156
405724 442421
86917 107215
732567 495573
323796 690661
706393 18153
801493 380540
286742 808304
10232 654530
452987 255551
929775 937860
60911 650192
638042 845941
57168 248952
88083 724044
259916 397143
269326 760714
290419 681019
736796 667462
650698 656832
543335 494630
323855 231089
745896 969787
307313 815382
223252 891560
66864 837639
664905 98045
961180 262319
586734 905511
942702 665216
184809 936368
862589 315062
880418 621687
344940 135222
665283 960975
332585 250573
64275 764407
53888 710027
506470 796075
29362 153023
272050 288672
703715 353720
576497 95217
717584 496592
731726 286481
806294 202366
926211 584908
192562 960591
323297 879725
849254 836642
991905 171340
410192 909550
638925 788912
224149 612362
572011 678854
191519 572085
557310 701060
213148 259309
121579 954731
401216 446389
756073 968967
803834 871628
236156 187343
507461 51703
935321 181884
74935 134587
586873 396415
683429 763550
918402 518064
682602 593587
396099 758707
410868 175473
28067 102249
691710 857170
780486 107726
239120 798659
434987 20666
677944 302793
180737 193703
865689 496416
482765 806150
689280 797214
703068 6811
978808 91070
288941 220319
106462 757277
900461 999225
19582 149520
785878 372306
351942 522055
160925 303652
313333 654101
458232 649899
493022 224672
427390 189133
536575 469067
401827 349025
733029 545217
378861 628226
736672 99534
366740 301425
301035 106302
581782 886604
581956 465535
579091 157697
219764 867202
908066 975733
