865 5 5687
284158 187481 5
597446 104158 3
149112 659952 1
750078 741885 1
470323 81345 1
562570 684789 2
395890 892196 3
27244 838975 2
956054 820484 3
879917 96834 5
623094 268512 2
683796 63009 2
965581 949573 1
14334 554200 1
158670 815558 1
275118 769666 4
346015 359875 3
940791 820589 5
300150 143541 1
9787 180054 2
299626 871436 5
102470 733634 5
286770 512871 1
270130 704664 1
464817 735108 5
15465 382057 4
245536 225017 1
559066 232140 1
207278 628859 3
452756 359625 2
587710 98658 1
373288 962715 3
963716 885310 4
696468 235177 2
266288 910843 2
68780 791040 4
436094 125311 1
954449 275643 2
165975 426548 3
154049 281067 1
761755 826653 3
260258 345857 3
543735 566543 1
257282 628294 1
228069 582044 3
486073 302989 3
865879 404567 5
724967 77112 1
104551 461615 2
778822 543894 3
798818 954279 4
498797 160745 2
945143 770433 5
890618 185793 2
690819 977414 2
609180 903602 5
217673 490189 4
774060 281677 1
987518 784726 1
908151 499849 4
579134 865662 2
826780 620468 1
139747 149180 5
50638 798565 5
945822 789947 2
432238 366964 3
602896 798796 4
32676 526736 3
361316 170359 3
431124 312556 4
480874 465059 5
484600 565104 3
582201 43705 5
642000 274683 1
222013 271963 4
438353 315380 1
145464 594990 2
610546 251942 3
191350 963465 3
921694 336014 2
868440 579966 5
678729 510624 2
610535 344236 1
723198 473349 5
283226 853047 2
328769 463493 2
17433 490446 3
587701 212062 3
45361 873485 5
295110 58582 4
66576 26586 5
814092 524833 4
403612 969333 2
314751 65730 3
964534 831337 2
793583 883313 3
884336 595146 4
882073 885593 5
966722 446217 5
821465 505622 2
302087 597698 1
210283 557333 2
933803 363855 3
704766 512879 5
446430 470651 2
927877 859806 3
262798 131852 2
678783 649948 2
294454 686987 3
22396 720008 4
863692 503103 3
933515 96809 5
142599 802700 1
455263 319736 2
930101 122564 4
153238 51282 3
963150 432246 3
971688 602131 5
687347 80596 3
451702 273470 5
69302 72724 4
913855 781335 2
548306 662562 3
872674 375263 5
339461 733101 2
718523 664477 5
482539 200261 3
692183 544470 4
829314 15399 2
274894 699322 3
874632 400601 2
608183 161680 1
778597 744772 5
311175 953329 1
605567 660031 2
35557 58514 2
862022 975586 2
243111 113893 5
651733 966088 1
267021 583682 3
785724 498872 4
12105 504161 1
335627 99081 3
881792 693760 3
71714 500294 5
406797 674907 3
352541 41562 2
939429 653697 1
412012 835931 2
355378 844901 4
969695 548999 4
470097 176126 1
718740 6882 5
26934 769662 1
144495 985388 4
175232 707058 3
986627 672496 1
826283 400633 2
611391 606286 3
369931 812790 4
85389 546409 2
676549 553383 5
731967 472565 2
104036 555952 4
78673 419129 4
63668 188313 2
52426 394139 3
367309 746828 3
559201 218320 2
655619 128136 2
178876 140640 4
374963 341802 5
857719 508225 3
985184 681004 4
977414 148031 5
158786 782695 5
45541 23074 4
750704 668012 2
59425 34733 1
901462 41978 5
989429 625368 2
270242 504176 3
184276 504494 3
360235 440048 4
71219 482349 2
19928 370506 2
791490 514352 5
8783 35374 4
977946 497874 4
630040 959419 4
823415 66419 2
134524 87550 2
622533 167470 3
750374 178871 1
967109 248810 5
61735 486792 2
131581 584455 1
209923 351096 5
289419 225532 5
694652 964304 2
604287 218939 2
382851 584149 1
933788 865670 5
287494 969766 4
456998 322418 5
762576 266264 2
106021 157006 2
746450 313226 1
426719 9424 3
386470 224277 3
307175 472583 1
254062 773826 5
248335 157603 4
300754 538951 3
268068 941065 5
695702 564526 2
620068 751018 2
724777 991843 4
969237 864170 1
259692 681458 5
482328 597752 4
675870 518159 1
991124 555183 3
292281 951040 2
198348 28467 4
777996 180766 2
788766 676888 5
302384 519557 5
346649 140477 5
860344 328431 5
263451 398665 2
614097 529687 4
36954 697719 4
647929 541692 4
116697 544957 3
811693 276756 5
386381 130644 3
91638 161172 1
787384 38842 3
64780 324143 5
394740 71939 3
7803 14532 4
948680 538552 3
744140 867621 4
430140 11257 4
429346 20889 4
12270 18373 3
51860 703911 5
24926 11999 4
911363 531683 3
872001 132028 5
74775 770484 4
215561 556349 5
990599 103236 2
120278 245431 1
552360 2029 5
634906 749890 1
555605 803373 2
415492 186407 1
424882 838285 1
302233 362858 4
632715 721082 5
224635 918676 5
269237 877091 5
97408 698575 4
792368 145794 3
148054 942414 4
563935 803365 3
654476 336045 5
207254 246281 4
634706 392347 4
907304 979004 1
290355 250396 3
18616 665038 2
514489 965752 1
972908 730182 2
860889 281327 4
380675 707157 1
259637 354131 5
855935 280 1
393711 783872 5
511302 889726 3
324578 872836 5
577255 693116 1
785099 295224 4
115932 772044 2
510 166431 4
606313 665595 4
366705 458554 2
190334 293131 5
136847 540464 3
696463 202769 3
734113 192391 1
280463 502098 4
411189 800802 4
21250 558789 4
391689 94801 3
942751 834746 3
771468 474135 1
797689 434763 2
26724 158315 2
121121 344380 3
330569 355041 4
942026 237819 3
95542 590524 5
735487 281441 2
878245 13374 5
730610 927013 2
550600 873057 4
906419 409805 4
729268 969160 3
371100 147933 3
966894 319884 2
450308 131918 3
498355 588894 5
861380 808023 3
899065 362840 5
556692 249936 2
205469 331894 2
441188 602246 4
23616 910092 1
699325 616286 1
128080 550695 4
196162 484357 5
772835 522281 2
999649 158505 5
583469 682690 1
806286 312530 3
663848 102900 4
926850 340856 3
902006 787871 5
190465 908616 4
667945 67564 1
220401 853225 2
740866 242082 2
789438 241909 3
874928 244470 2
163752 281059 4
471254 985044 1
664891 100740 4
912144 151909 4
481034 844006 1
639032 417099 2
620562 434375 2
866930 147691 1
597663 613078 2
124576 198970 2
62014 62958 2
411898 22972 4
849393 400142 1
450531 397320 2
389455 831253 5
865818 187920 5
211231 544573 3
75633 136845 1
339161 465160 3
224909 838855 1
391126 295525 4
346373 513901 4
121302 813695 2
77514 451217 3
608787 493142 1
679648 428015 1
20279 585256 3
323360 641715 3
765377 504933 5
759602 569951 3
196826 119948 3
784584 271222 4
255274 844313 5
598716 257306 1
408359 803668 4
387372 705534 3
139661 196116 5
873840 811441 1
643426 955168 3
225770 847938 2
419291 640561 1
164123 346414 2
885828 168766 5
400367 126191 1
495960 48861 1
664115 183410 2
414108 822666 2
984108 286590 2
368890 509826 5
880124 40916 1
209486 496532 5
509179 934696 2
404821 218430 1
830207 605051 3
170654 276667 3
484995 826025 3
21702 62934 3
229549 583543 3
659379 701967 1
136249 454227 2
168852 675869 4
518028 688859 3
566621 126820 1
538992 645237 3
275375 916890 4
34632 228221 2
948672 945780 2
546932 848621 1
795675 60827 5
592488 943716 2
608931 948077 4
97183 981206 4
337457 468405 2
765008 821724 5
384336 989478 3
663494 216218 2
81650 588592 1
638363 566160 4
123581 216590 1
164105 714676 5
41415 855284 2
881191 512609 4
848903 556279 5
677847 762586 5
382742 712579 2
757914 727127 1
211898 393423 2
151154 563710 1
963588 337695 4
251773 775649 3
476564 894748 1
269838 17715 1
78763 294012 1
408054 331160 5
656185 22974 5
64378 92723 3
849356 764961 4
736120 372090 2
13992 705108 1
322652 92231 2
557071 249979 3
864128 371330 1
349046 720677 4
976081 115376 5
922429 640931 1
455865 643981 3
479564 134843 3
246330 266230 1
157440 43512 2
263892 135765 2
264440 70121 5
673113 299982 4
743522 74902 3
916383 58955 3
625508 335966 1
697605 24907 1
668270 549134 4
610605 411317 2
465689 469422 4
389275 344517 1
213433 803942 4
646851 799366 3
428527 654087 5
707867 540664 1
551917 793191 3
333106 101608 3
826371 692307 1
334203 976501 3
978818 935517 3
591054 910394 1
117001 530771 5
962495 589629 4
877716 646651 1
112385 716612 2
40016 207543 2
132989 600977 4
473690 435672 1
189951 928486 5
333668 991847 5
574170 636040 5
524438 402280 4
976161 287030 3
163710 56430 2
292546 482229 1
265618 455997 5
54601 972559 3
67047 815041 3
558111 966684 3
972992 775656 1
872494 454211 1
676923 446358 3
576900 31000 2
248254 393157 4
217209 961544 4
827350 599635 3
494188 703759 2
722847 139112 5
300855 286010 2
39159 857395 3
520686 315378 2
125902 920280 2
756854 276974 4
249479 699454 5
316269 144207 5
768514 604528 3
739714 986374 3
248751 846074 1
918401 968312 1
303620 32127 1
896611 857123 3
523358 302273 4
252717 365576 1
548024 397170 3
111268 877490 2
756285 575196 5
757966 591919 4
483826 894834 2
932258 586330 5
552799 127843 1
323068 582048 2
806323 859322 2
149760 118671 5
905210 277416 5
117033 327765 4
941106 134266 1
848789 535442 4
75112 177473 4
932569 855673 3
495107 98597 1
888203 718349 1
783354 390579 2
546872 677983 3
395516 164532 5
566274 768034 2
247015 832870 5
869017 543582 2
107637 138806 5
491618 596883 5
418821 99395 3
374500 923534 5
360756 85893 2
490840 882078 5
764661 781723 4
509957 931038 3
254231 231055 4
776830 407593 5
934831 8392 1
212407 571900 3
155098 337004 3
694852 733205 3
737086 626064 2
849403 262573 1
227650 342830 4
127340 566490 4
113643 967881 3
851374 779131 3
790770 261268 2
401019 697144 2
194321 518135 3
963628 494107 2
385438 113435 4
635305 221906 4
906616 995958 3
824310 910854 1
915477 436010 2
877658 184101 4
451644 547790 1
399372 143744 2
835348 394819 3
691109 383498 2
145024 454154 5
769257 441844 3
483459 488631 1
321511 56589 5
415869 680542 3
158557 704137 2
949143 813954 4
903956 513691 2
615980 941092 4
14763 6309 3
202260 133633 5
282186 956461 4
261373 448562 2
845167 607071 4
504242 187986 1
164135 932306 5
74686 392467 5
209262 761539 2
774595 798537 5
380218 379798 2
780500 774123 2
629052 25729 2
386262 606433 2
227569 253866 3
407788 637962 2
793715 216910 1
377380 748436 1
866949 702508 2
605783 321408 3
925890 416155 3
485647 401632 4
373081 74930 4
166527 877075 5
407062 160256 3
92280 856746 1
619546 241746 2
337306 666243 3
218989 923943 2
233903 811691 5
624544 103255 2
736921 200347 5
508794 121281 1
383116 944522 3
324578 167153 4
589862 314428 2
740437 295241 4
341150 962074 2
30148 601974 1
989035 731650 4
200614 777092 1
232776 267633 1
381952 626592 3
327882 724998 5
994077 46874 2
130668 330173 3
638500 784641 1
170346 315981 2
266097 494579 3
561653 33665 5
312637 161680 4
918050 822087 4
736762 981489 3
54933 246904 2
779056 116068 1
772246 297483 1
390151 354656 3
264893 674040 4
336490 561643 3
790245 697997 5
961882 494555 1
520422 899822 5
417132 695909 2
795705 713369 5
301407 328818 2
392304 49566 3
570039 151105 1
871944 80138 2
340032 461869 4
341838 575966 4
650595 128278 4
146043 892657 1
905371 50335 1
827748 289418 3
525545 874144 5
849646 689972 3
677877 347303 2
273958 479868 1
843666 205907 3
663499 316122 5
433684 843060 4
182447 161995 2
153831 628601 2
728676 100218 5
646593 613434 4
294164 319885 1
834529 429471 3
571925 149241 4
150266 782123 2
162432 711058 1
5866 149378 2
820959 979248 1
509266 843619 5
127871 889764 4
170793 767271 2
913421 288392 5
398959 907786 1
906794 195658 2
103559 744485 3
532823 596235 2
52218 123356 3
73235 989279 4
75627 39289 3
478641 108143 4
312381 734201 4
141004 827726 1
251390 508771 2
158548 896002 1
801006 541074 4
582365 603791 1
942140 338006 5
997534 822535 5
205358 490115 1
832532 615351 5
99007 839680 1
211210 71221 4
40715 414500 4
422812 897906 5
883186 953455 2
197589 395371 2
510822 464669 5
282353 997566 1
594320 860277 2
599808 114238 2
244590 422414 4
541621 769196 5
665352 530007 3
1239 876429 3
301379 17970 2
187124 319149 3
940431 998636 5
6720 857023 1
28990 939965 2
973133 355207 4
585027 533074 1
96299 246460 4
592723 805154 1
569794 267391 3
830689 952964 5
537514 440675 3
937619 881659 5
203806 191356 1
795065 274731 3
144790 648988 3
967329 346756 3
626130 143798 5
510917 544466 2
672551 368614 3
179023 127857 3
838077 547171 2
481403 547651 5
297254 923505 1
799781 821484 3
733348 815467 5
988154 150947 5
798088 781004 3
68006 507914 3
166663 926906 1
260672 910445 4
267926 94031 4
699271 765217 5
1182 459600 4
433964 36559 1
349015 490902 1
731948 840531 4
963356 433372 5
97324 217131 1
48624 67970 3
95771 403567 3
107438 860169 5
575290 224931 5
979021 85652 4
930186 801707 1
715757 886363 2
221517 336702 2
626711 511956 1
914472 891683 4
467064 201973 4
919589 42643 3
687877 683772 3
439625 126086 5
22576 64000 2
730333 656374 5
527297 366084 2
846186 174171 4
296956 886107 1
696973 664462 4
630369 242932 1
738464 345717 5
154418 528025 5
119001 351979 1
813705 886428 4
627864 655548 2
398287 437548 1
888177 936016 5
8874 151807 1
258223 836314 5
189007 379853 3
149189 463051 2
846661 606931 4
688643 478471 5
98837 544192 3
888403 101770 4
703809 371064 4
935315 673310 4
861372 990874 3
682405 773776 2
675633 490262 1
52526 842381 1
273970 302842 4
710722 841217 5
889279 628040 5
256782 77979 3
270768 792135 1
236121 618068 1
644622 518404 3
73301 997366 3
672232 82864 3
380987 390236 2
272122 240473 3
844107 71345 2
851228 711326 3
552254 484754 2
940266 844666 5
817929 287854 3
776042 670067 1
446628 855427 3
388475 430320 3
924977 153516 4
370765 125979 3
967189 748646 4
744928 725128 2
813693 952476 2
390240 551627 1
16745 755984 3
308983 540364 2
558694 308383 5
990534 386308 5
819790 54307 5
6275 331363 2
186972 639399 4
594434 202648 1
522303 221470 1
347025 802084 3
299499 715940 1
745802 76943 3
706335 874523 1
667556 336072 4
496280 791678 4
594896 279349 5
357426 678235 5
774561 910992 3
583136 826144 5
580435 960618 3
161227 808793 2
955453 34855 4
691726 331252 3
952487 550678 2
136238 752314 4
59847 493309 2
806751 363271 4
729744 450832 3
733398 521105 3
115412 470729 3
284799 575720 5
353584 641250 1
799160 94473 4
816554 37374 2
361706 14764 1
887012 641700 4
676778 862472 3
127049 924539 5
449157 759723 2
722111 414327 5
998156 951637 2
530482 263536 3
382625 795958 2
566767 886204 5
170057 109531 3
330119 952383 2
747930 670007 4
546109 606795 3
810988 519769 3
193317 38108 5
25274 806504 2
967719 171320 5
497630 343293 1
898157 415008 3
288601 344280 3
459315 966219
261450 68141
595381 801389
334383 201530
933299 245297
858110 915706
448497 417644
125995 951665
313623 783949
749702 156487
806809 994703
611778 759121
937093 240348
233931 72232
942336 668881
52040 62079
742853 699715
519964 833965
854440 157348
874750 371681
193025 351851
237129 769714
361511 390690
396750 246340
737429 261250
741653 557151
104596 140103
765693 858781
858668 631988
954356 619411
445279 908712
966260 595965
492188 470467
680282 436497
966460 923071
493116 439653
582947 193434
567131 356171
665073 253302
168002 499111
607342 697796
378586 184861
963542 546931
295783 563655
385903 148709
128596 114871
650321 762426
203165 676370
311498 636911
206723 403524
971386 728028
732207 539664
69471 911290
343438 368659
360978 651059
885717 327010
474849 803628
133674 916866
13007 947866
54729 619588
451760 342760
6430 365949
483042 474970
436717 371269
97686 79040
536089 482279
834677 359252
170150 244660
208750 420626
253073 172648
885383 740024
514479 108965
496482 844491
872605 581018
223450 579127
625381 666670
94676 844416
809414 237152
639518 588374
570194 338515
210992 648808
750495 303978
577309 144939
396571 702787
51557 986991
982080 845314
410765 113933
722971 359725
505523 431192
915592 166780
945480 508362
218115 188944
253872 356822
3060 929912
242571 149840
556125 886546
145768 309298
965359 517938
497434 709102
143290 960704
313432 787167
308303 770145
576101 149796
920548 376175
801198 344845
45897 780553
523840 269888
320605 509143
514192 567182
214717 733419
831346 140927
850465 252942
57159 361227
583763 121634
925459 779589
290069 951289
714215 631303
624972 990905
927313 652667
511871 812744
825600 98452
698220 413469
817044 989973
405234 957560
506248 278869
834388 695734
506915 313004
195233 670677
155403 745327
12825 680099
80336 169464
410497 92647
570811 867924
527528 477420
528598 891954
628636 191294
850398 551203
404325 87480
527323 191510
975690 884110
587798 891616
788665 547641
576422 332907
272438 100143
527945 457166
960005 941861
491331 933765
751477 1805
71551 540092
748920 22410
515432 111807
717312 737945
440527 388333
338388 119845
296458 733458
252319 721707
555566 259530
283990 537136
173369 17353
572872 6966
237817 922354
806174 970193
193779 366446
614637 445471
17961 755016
945721 962209
796682 640890
192644 324571
523526 590612
968908 317808
121688 358121
999739 977485
861518 630064
694358 291018
209702 666548
415617 189466
211983 809898
437665 795767
155158 572511
937099 378335
126896 848114
129867 760036
842611 712236
326780 58113
14947 249938
811588 572473
525838 34526
921017 986756
497465 499945
428551 730272
451080 433710
377134 621898
737765 934487
760056 892141
932165 577563
948563 455972
14627 941167
504338 431223
634057 810558
57223 862895
36434 258318
975518 756271
671994 39619
418141 551790
388643 857514
560146 628207
859383 416433
68412 683569
217590 697734
774998 586170
473638 580258
745490 676163
171005 964156
801417 982932
495575 477244
330039 365252
814494 769279
776579 294807
803465 102376
595385 147524
329520 854933
942238 363361
122457 128562
193990 420431
956267 531165
310827 270712
842177 345689
612009 44459
89751 935492
292553 392660
412180 867436
865274 805961
5860 765490
66434 876694
432866 623751
420760 803555
956232 701592
576834 22057
471012 545372
460107 242104
279123 159035
637137 991696
851275 843882
935688 4222
582126 7540
629276 406680
972125 714123
540562 568413
408927 542377
552681 93185
730523 692884
734077 873897
886541 483837
387595 292751
486477 630377
566983 779073
78359 387446
678645 285994
404086 690523
435988 582828
686415 505583
856702 645491
922881 365519
792525 727065
384534 665014
902802 589413
70904 498232
513250 102386
251522 404889
313402 479656
199304 97538
619659 328742
319861 839939
464715 45226
201822 72589
371208 566589
531580 369033
640120 133542
613822 783135
387593 324926
470468 93359
416717 145723
746808 502696
475288 891967
235268 651670
666299 247525
739838 288893
720565 145191
151174 143671
619803 186694
147166 65099
62830 453599
537216 908279
619466 781674
562799 724559
746437 224236
809819 415775
434161 98004
887316 911037
991124 429510
428853 965093
833173 918210
161160 742212
836845 915186
801881 148394
738694 527825
689553 690708
217479 430575
448090 206683
182759 58679
64041 234534
268614 711817
849056 808552
17656 519819
813325 483986
120746 140289
108288 149874
494086 52822
228792 468345
348266 105342
42477 761332
748919 180145
6139 906794
217544 272193
36670 668646
749680 505147
76796 435661
754920 6116
969783 302268
496068 398242
740829 438398
582817 307559
254301 943132
359072 190783
515381 744224
298921 227159
95271 957244
601099 798971
369839 412290
569638 859089
169128 921730
677237 615718
168064 822027
724014 969884
954322 48001
508510 737451
436317 948454
617019 841738
333209 928146
375566 482062
364954 283361
868413 321715
866163 125347
83354 797309
160079 276449
546359 59799
311700 999392
557703 358057
519785 401375
110061 157196
331563 906248
179414 278619
616112 97549
975098 732781
478809 13482
500804 870331
612821 345183
197189 565208
793407 958296
268576 150818
997459 985268
26263 541287
379139 565964
514074 202298
6647 424024
688833 879949
298084 262884
6281 964323
639352 860237
354585 710883
646642 699269
678406 622791
69309 197090
381549 357423
237056 272110
913867 906473
431587 927124
785878 661547
924163 738209
109025 504780
509536 712287
107412 531763
692036 284368
281947 343565
238979 265471
36667 529296
27107 312930
570811 82979
700502 926601
557408 377823
247930 81759
748398 709281
413784 490316
471395 822173
140897 969707
262197 599993
624105 512023
678729 230238
837064 953772
335099 526026
186686 89020
592680 347883
657545 955957
374151 534703
514432 213698
631944 794388
572921 337030
455496 796608
267749 228327
367088 494664
940332 129590
564029 903270
73909 216768
935496 531089
350052 765172
413440 470842
619011 275620
516059 701451
493772 477837
376032 23673
272924 581378
934752 878265
115475 245239
834267 166533
871122 459996
636606 60729
615730 985454
88638 131214
757289 158128
665770 693528
524006 993130
845736 192971
209243 523922
1172 245267
591631 212883
396702 583563
476883 558886
397288 893750
711315 117685
22772 263773
185188 475815
524261 878490
863268 664614
118302 594884
185266 703605
445296 501327
445446 870658
310981 427258
77614 804276
660270 565576
678873 933123
839815 565844
119718 4706
988547 318672
147594 250509
424869 220997
463581 329843
506657 552859
308635 846606
404853 623522
104885 898494
364257 801868
351988 333749
588071 652918
329054 619586
624988 775526
393959 819181
917258 932386
621960 945083
3358 775454
201099 211481
980176 463627
225248 381939
83514 804241
553946 277095
272157 665272
365322 605049
556202 360798
32517 793370
81135 394609
583832 377638
635069 122916
675887 560267
302067 281075
864036 875972
5678 368949
189351 738973
285014 215801
326567 574516
452148 477508
360564 626580
236028 622365
193867 672007
809365 770532
269088 762297
430499 203719
643737 365234
284197 841168
797311 648046
932913 836053
98872 504542
9116 385032
265052 254094
451664 517966
914030 956146
56682 618461
684945 306172
544207 491686
938594 156977
896227 950765
923538 717678
856974 135479
527709 690878
439080 929939
863858 144420
149438 678205
263074 502296
772341 42670
776853 594180
891800 872087
680815 141182
966834 813691
188314 546903
854951 847033
490473 719318
69566 573253
229949 551299
171125 947076
823807 159657
479694 473392
886947 767484
339975 152436
948634 991359
874018 964010
544307 194762
74701 225416
504232 627681
608785 985460
92437 235385
166468 618159
73073 626624
904199 860320
279190 701416
223414 632212
186908 441334
42744 259516
937621 204577
802060 853270
204396 562393
111081 838612
679992 869726
856636 865892
754942 479027
341806 190752
687694 897042
679575 249473
640706 991280
717255 671895
873431 784389
194919 967896
988227 830380
622395 703146
694416 183731
933481 762591
466290 145110
403061 209456
632235 977746
35894 216992
968128 714373
252257 415965
205625 575500
660218 379460
241651 892926
418821 524716
664228 55830
644857 123648
421793 881714
902515 241130
122887 529796
756657 716458
365838 233980
722345 526825
875633 527803
874999 827968
541680 961894
542515 153169
658588 673532
927836 378846
175245 531322
419461 930120
458606 242145
652793 952701
612790 191147
998792 812894
755215 129201
119546 259591
449584 536231
564832 363554
543179 35027
968566 104546
57728 724956
637216 640251
206702 542085
243593 305783
469658 680714
567728 71738
984222 819183
116485 103845
664658 289353
409738 191969
899110 718136
132622 496548
85325 190110
544447 854351
822357 393999
106198 752216
46428 134045
535841 822823
128983 714605
174758 655422
224374 85139
428737 53040
962588 877072
219360 593435
267727 696392
174848 576617
652749 859085
783813 598402
93086 40277
133100 174372
67805 325020
130405 128430
193348 151600
886915 132113
635440 518758
12332 921780
206868 339488
2874 935326
859259 288415
111834 182715
241658 235493
51572 536733
420634 988053
915508 332550
988234 743432
796759 635261
606169 254627
809245 334066
189527 755117
529834 375073
572198 885092
143380 417528
158661 356702
364545 412133
256534 292982
343707 869348
571771 563545
547585 413363
43961 191794
584210 635869
243923 481941
45535 603491
48062 812897
309261 603234
964039 995471
158963 204876
272594 653342
640278 231235
195171 675264
938552 262478
952084 993105
628858 978648
471677 731542
801242 694714
440043 513055
344784 654611
406700 94823
369109 212118
681184 237234
769250 632549
729872 733122
570633 487118
927361 810483
654229 119036
392321 435086
848418 975551
901425 289258
399434 307213
94261 204210
936392 468444
403837 736185
956860 885749
942386 569408
103080 288191
363781 737070
168996 877018
767209 467877
731938 534819
793202 200781
603040 310724
160149 352476
256717 94941
688963 162209
527104 637005
41450 306985
533601 565903
434354 511118
912977 65624
901482 106449
594234 752631
801029 885699
420674 901736
178978 842985
565332 36046
73359 429117
90602 468767
758000 778191
940398 896358
457213 21769
189842 713310
715527 926458
241217 726810
745139 536960
375677 370262
855013 682415
732988 994192
59089 489805
283493 143930
494918 998206
130240 785787
147627 707078
854945 877811
489928 474151
818653 473774
907330 479169
378094 410658
526644 88868
358611 298316
513735 553385
911356 981761
767041 92671
865772 827128
171276 681875
637862 643395
76332 748259
155186 625885
31164 10242
150824 476204
202486 752927
652712 539399
929277 515204
84914 811869
419641 612413
991336 267612
674177 281547
710760 276879
280836 981539
712196 490603
982354 282358
213468 136998
204263 237264
526509 592404
956843 439920
559494 1304
651544 69486
859647 204181
107217 73806
814417 262776
255046 382379
248165 525732
12130 932127
158883 768072
896822 589067
661452 993965
568976 662220
516003 24658
167467 648557
445835 975030
662098 723242
812482 492633
512809 584301
831597 994943
321842 419285
648631 289759
441607 363500
507292 690350
186510 283299
642952 309421
577443 524425
751007 307005
92078 281166
325916 934871
638919 269654
807914 706030
993157 183278
275383 122862
105565 286659
431208 603205
192610 410346
977680 145172
803481 515417
692314 988314
745224 508888
847186 957893
942202 295891
811896 617806
709226 563446
499021 785984
797501 944808
650449 205906
119876 682908
299000 456930
699229 512800
184633 23682
188323 272401
530797 153151
300847 467092
256983 818121
514148 448487
426235 526695
198537 507759
701184 793475
867173 707401
207037 954020
650553 364465
795323 828657
546551 93449
703058 844716
362139 98585
499645 44588
424391 452233
923178 679763
379939 59692
205551 161393
188032 43718
398962 661314
580500 677953
762219 366145
547167 575710
532503 89153
298205 51970
158966 994253
459767 980398
349026 324413
685698 124208
629957 532943
590106 906895
233686 531768
837672 797468
820218 132005
162648 546014
106193 377388
290396 664778
616279 524062
953685 974638
310809 271829
557715 691021
853021 566290
56762 881155
253354 887534
951263 463813
792590 6987
154711 569000
46061 873804
131153 317429
226175 685298
871425 72963
17906 915998
657758 361532
713230 373434
717330 861113
967656 636598
457209 289980
361287 292132
173592 150984
40823 718414
758586 58229
29933 634058
347500 313871
680961 286277
83636 194710
624501 161945
197281 349329
626558 518335
948522 955309
465629 899941
915457 389960
29718 563130
734432 588423
614512 619312
582008 909778
345360 307618
274344 738517
54806 1986
273470 797173
997546 944168
515539 863865
552555 202699
515127 671869
841809 624172
856733 443701
214463 341537
663869 390915
418526 59025
271580 382907
517007 127218
862216 150431
694137 376377
432931 402070
457965 785864
710406 83490
687543 575916
919962 517521
777493 134675
866450 136379
61442 833232
236490 633665
427972 540136
312364 847047
599909 86969
74323 814978
585671 560189
622446 753986
259875 906169
28716 913622
132468 59489
311661 223367
532318 475137
161485 476980
568435 707173
178942 831475
62519 66703
389294 899098
100134 83837
544959 783911
625612 837189
187926 647085
276102 635819
3568 859405
127395 548146
790367 98131
220838 953919
603578 534563
572097 53492
611403 470976
787366 106541
771189 316680
889705 586781
933352 710627
540334 747280
792621 60467
109270 169072
748437 425291
152173 693004
155752 133030
834228 340112
749021 440865
242429 240190
817200 575280
267138 889859
631688 787029
322387 892922
115780 280069
263233 978709
844218 700694
210444 54526
190672 502568
348271 71683
773336 937285
344704 882884
933688 279315
565247 286951
991649 664104
844626 453881
270127 78250
833092 953844
895497 702684
64061 431886
765804 75530
984846 862406
447915 285061
946921 286807
538454 328320
1420 944082
141501 410017
244514 420865
149044 413073
460038 554124
25537 595199
451532 405406
940213 371649
790684 986560
688024 610236
407044 898497
705276 911387
676821 446554
433754 484761
922378 169090
470629 355506
790725 932538
930279 849864
894909 44213
892277 325416
501080 363563
490232 187434
795957 774976
649952 78963
205849 718437
468939 24958
938085 353706
528852 280666
196800 400277
131159 603537
693888 611729
504231 103385
420352 835102
867247 62794
866897 410479
725048 457218
194755 140654
810340 87132
174385 925780
466161 665978
968430 878014
273986 849562
922970 715384
393468 693739
618693 851979
60791 43244
583305 23998
308678 848465
35538 738439
971771 483147
394478 836067
147892 589985
26989 124952
817796 29888
406046 772955
115692 398706
108340 736641
672292 688582
19365 438842
983497 604772
671310 105079
63485 310685
478008 247878
705707 1298
273740 14141
247990 294650
411142 75874
418632 753660
491831 64148
480848 338103
804932 174409
898878 991537
700761 384700
276894 118857
138433 363468
354333 704048
703633 459596
579931 423293
336852 996784
85448 723549
981884 288525
801 769622
469276 530683
897081 308394
265653 668029
961674 831353
302424 190807
656618 197238
611842 398744
198057 705552
414742 265058
406239 496172
646594 248549
825526 472085
755607 527803
674686 817919
82440 964879
222632 530408
412624 52612
762499 938269
317276 854346
252661 400324
474408 730901
427132 605270
955612 952807
714100 414331
151066 161844
893658 143918
820143 291944
24154 214944
616916 566476
524321 370802
560715 151717
830894 123601
291272 789056
63975 114506
398130 668453
597669 434396
757953 590164
650782 251796
839474 395103
599388 358940
607819 343695
875056 887568
19765 872410
949444 953561
265311 428073
914126 959669
793831 94784
799058 425399
105271 260307
891194 146835
306843 150730
879427 808218
944448 307186
405520 774970
973720 597976
798876 173594
156210 477013
765596 664851
925103 714919
244187 731248
530096 318269
331130 243541
452860 931369
667524 420322
889827 87730
838548 241593
940081 837114
374723 727245
364776 940906
869513 23337
357390 971110
891173 558176
724680 54143
401130 469348
323161 987537
156224 885715
773926 985313
411336 377535
868171 313509
177333 849006
571011 813402
369416 566112
332923 379188
241462 647248
340103 738336
549768 573556
186667 978225
625401 594540
927015 676070
488899 994732
32228 737879
521428 353550
998255 378724
538145 121463
719343 260556
668945 395489
97611 84379
279824 306447
406656 422397
386209 598670
3683 178786
568290 152759
64140 191711
562869 517503
553741 854792
742287 239821
238656 803091
610310 245251
893502 261765
117810 718544
870885 967369
714570 39790
921556 297644
425938 689956
923133 352470
821947 626605
710359 924105
356417 338637
145926 459261
850416 889498
467496 566386
141527 109017
115532 955959
734968 174330
361233 661363
378083 482890
616625 748105
267780 492514
27394 915022
910231 110418
628114 689301
496534 520752
804802 931244
467347 100556
817745 801936
121936 50715
461968 551694
575863 27288
480406 196535
603031 560244
995218 867551
542384 686314
163506 299642
878371 300254
272642 367918
615976 923274
70637 42934
782250 189698
565519 170559
426203 554512
764993 278722
476568 457871
510929 152141
730664 392092
652989 385344
53938 402547
758390 38184
193525 449251
270906 389767
527525 993409
121727 567617
217210 875882
154024 677432
771848 715261
791338 64549
463954 962970
110565 257680
706466 861214
441082 821159
339063 13523
969106 837493
211015 410305
97112 869256
64644 65225
325591 30354
423108 771609
56866 243379
156564 516205
831252 929314
49530 258930
491519 252744
897235 706596
875546 675498
774133 531796
596307 594305
343430 112559
569515 656887
496972 701158
676757 508556
851625 523163
494127 739074
697739 183410
953958 412141
21830 127959
130337 119051
636786 686202
843594 646048
514930 67988
587745 339777
996556 282254
371508 13905
253323 511699
518654 634647
69977 868364
654609 441331
816897 137955
39297 861611
302083 631353
428016 900679
439693 563129
929460 222553
495436 907057
566159 844750
571157 997575
19384 523242
669233 9031
326278 574263
848930 419644
795225 860925
605867 732844
815622 538275
99235 979586
905615 556444
643330 791191
952538 58964
273045 697475
798905 316376
152259 517970
201099 275853
367095 201808
268145 764410
295186 777917
86303 978815
785466 518951
474866 505574
909861 252576
860448 820254
757302 787501
726318 327203
84688 779982
775740 67200
782816 373631
287855 834399
616963 519398
603817 390687
157672 164447
979398 129717
45404 478257
375597 601693
136097 741023
233933 819121
508629 581811
168171 672456
525561 974474
732923 14971
682637 206518
911061 802443
187776 43042
955358 689082
323565 401994
552491 772598
223100 886953
594714 33534
161451 138971
268362 249621
753371 722867
694497 978359
435143 867439
289004 529015
709307 478617
998481 123308
589273 403138
306634 46561
848868 836801
947420 942426
86421 639508
115862 876932
742120 484467
97861 815374
636742 468046
509023 649060
618643 832181
803702 329569
693246 609465
380114 4818
859647 628492
122231 577597
273073 291855
412108 229873
938665 290239
755352 216182
353639 557829
126451 803467
194810 509195
892320 370002
225528 624202
628445 383583
837270 175623
836939 78822
33741 27150
394113 230972
361604 716685
775283 523830
582130 26566
143436 687003
508873 452547
488087 195789
122075 704354
130786 507586
755511 241946
752776 613046
341784 248605
859760 707345
124821 723494
313650 710149
822829 346502
119191 372110
46575 761072
937974 624785
741438 317286
216178 751428
884846 295685
431148 460089
584559 669519
966674 829205
841547 180605
123839 137562
493629 304788
484493 821587
588825 243698
285226 146027
968840 169113
815919 319814
28976 423551
427905 892259
645135 876999
734946 989096
756416 508064
265693 874475
888076 597108
488691 265310
324944 594080
188644 856993
186531 898771
771278 481641
191182 412888
703331 825831
845009 939834
293758 269552
22878 220887
121302 682200
199133 400579
711573 839058
257728 700606
780828 998503
942402 879879
217701 604158
336281 430022
340718 565650
634171 19591
949021 659918
978129 855667
442026 584940
380347 874932
981867 900550
903876 359619
776032 862833
916952 230943
515264 386851
726508 828088
319928 528693
721620 733156
489591 662835
172654 789280
964570 284366
211638 398994
660507 543575
613402 450072
220131 232332
116569 700203
439692 114434
30777 816705
954710 125417
259467 30467
78215 450045
773415 772798
495708 410260
163545 54087
234725 505283
973910 670510
673650 185158
455488 239804
404365 698867
698850 853831
608697 35720
15513 24614
627583 338902
409555 510047
571882 570964
797859 922238
413704 706931
543180 881399
221977 675312
339855 152599
750791 792613
661371 33464
381087 287202
717695 470690
904623 470003
228581 655038
793376 79168
958458 839008
838360 394297
578163 618258
314295 976268
475007 896192
226569 928435
759462 964233
915116 439992
537421 879621
680117 474480
215696 274883
832953 454258
492003 907224
761543 200458
274382 740397
590466 613384
396004 593939
679985 668217
442694 109018
435733 591192
975335 18995
68069 842959
660879 912860
472905 839960
165899 5758
463890 992349
178921 405892
496915 987746
682433 297846
205941 595470
65179 750633
898089 562155
916153 865858
683554 469028
742704 32824
869186 272239
324886 864000
828818 349748
65740 213742
909884 658175
738680 546705
834651 998188
927015 416727
420540 216184
131311 602641
845488 506979
221992 123162
472156 616888
716590 33297
64723 278191
360893 896609
408085 881506
736196 527016
587389 41339
44428 742548
289448 581614
720864 916805
182073 278407
940288 88257
816764 255138
106908 769456
632698 609981
63026 271531
207698 884283
167796 806109
843776 758642
442319 289500
642094 685005
229324 87860
443066 820638
176685 611545
846590 149362
454744 950069
931176 949516
268054 885069
190441 76426
372381 832196
934997 30060
803230 710013
600223 490054
882041 486428
862602 344560
583859 415726
475614 319443
546220 230166
289816 570985
936046 210159
761450 152569
741358 937734
314182 3549
649857 673139
422762 804239
996360 617067
962439 966161
432102 775535
854401 948961
199736 651390
44957 48662
967766 644170
548960 60308
726362 716710
90917 399269
453352 332348
367231 66687
498715 726382
778768 271909
748565 858397
197823 734847
19073 432662
881330 213058
103533 813601
128299 186989
783764 880387
340889 21704
698000 623888
642965 550119
943652 517211
318795 168686
147299 530274
679911 72984
458378 302817
854499 510811
911977 715685
672598 732454
758151 835059
949531 387717
427659 61747
286833 511313
859443 894347
176844 282277
466119 81420
558658 444331
130027 340341
583147 195448
275922 999562
277276 64135
361991 892440
16312 169499
964216 46375
301019 771210
12672 742473
557771 596816
795050 7739
37130 333479
474123 754248
44499 296261
692855 286016
207255 107113
350754 585436
269740 345185
674167 357210
353891 813151
825671 838365
583538 968515
415507 389477
477903 186922
778733 909853
165260 634297
667887 855280
720677 934562
197770 820514
646895 907507
58685 514029
567613 463813
542072 798391
295030 228412
617862 449381
307835 535626
810494 727593
117751 402015
499353 278844
684964 510694
724538 369055
420126 553284
147449 319025
312031 648390
681703 690198
795897 16632
673616 111051
751211 345068
251477 84692
362536 620170
198769 195475
752249 949883
320385 728343
712713 12881
909772 645510
179464 619000
68388 366689
692952 68837
899823 747912
17238 191643
641410 142426
909128 921180
584775 214455
7860 953799
942607 576873
4966 326539
26068 879756
414646 753778
254270 107146
540922 449649
873994 708968
693093 105005
596438 750134
637534 772969
673036 524843
896556 109813
290108 959989
28825 352960
581742 105033
144486 973446
435982 585529
14402 641198
370998 414367
117839 448934
413589 127631
192645 790774
387658 318564
176997 790991
777438 800371
863481 385228
732558 661296
221715 893905
13658 399780
236404 278976
967594 546372
765150 902244
133068 644788
885400 239918
524544 767832
695461 353622
226691 430506
239089 578095
275816 848597
666522 778855
333243 960366
17442 21745
709960 807746
603598 1760
899178 814553
870073 117791
488562 848434
982162 769999
459044 179064
807377 359073
767195 854398
772951 489251
553814 190939
600749 538243
607196 935360
573737 816636
812159 7516
307546 843008
273358 504345
860360 872211
640369 799441
594056 864715
857904 355982
900465 709493
794834 721500
651793 451836
2046 428226
585158 596733
570400 927236
597427 842504
626949 519719
931681 846332
771045 754265
513037 341564
374623 686469
132485 375663
181728 900455
745428 372519
594089 340809
594075 238066
432987 654183
921055 870489
551778 17462
805943 857597
757709 477083
167503 955066
900615 921142
711492 865922
475821 349869
603657 936392
546013 920547
118297 529591
112005 901860
405236 833389
277168 644219
587829 762399
802943 954209
661422 906502
769952 185665
412587 897491
516463 660043
382390 659743
878846 883526
51560 41352
135193 828327
733884 460773
799637 23317
391427 438429
32352 171204
899162 955662
876491 298614
541074 2273
129389 912641
796955 50692
741496 991213
709359 126452
219689 675117
309985 890990
747472 509788
452279 557039
903002 651264
692634 639861
956953 975933
466047 697513
353319 134731
43800 366225
434740 213081
720030 751670
563132 626340
958773 851375
510191 251775
25769 18457
540809 169194
125521 742307
645495 891033
697683 831494
541844 78956
889822 271614
357857 755771
68416 433271
505217 955164
760894 684851
572010 231124
856913 284594
934924 305101
897948 634594
54527 575057
214348 731133
953761 740107
238365 183941
785103 883573
649325 488881
717082 624651
596186 799971
953960 471304
414943 210234
633428 979512
735500 138023
202193 921826
259765 567988
946242 162160
964392 976024
929621 160280
710120 898590
177731 66116
107917 563676
275991 183143
697057 532305
423509 675784
552239 510278
651659 143943
511589 827011
806365 280639
592266 233129
62052 781374
483333 133388
911941 18711
561709 965656
711458 168093
373379 823070
520262 906743
813894 875728
814623 767392
529405 186325
105811 976530
11432 977299
814551 686089
326876 231800
886192 238368
563210 244998
899792 447438
862909 648202
759760 564931
263273 810203
720520 134659
390233 193956
72537 383317
356457 302572
241758 366275
605430 266315
203430 952881
387013 111543
742337 454112
913171 779040
195017 66473
492061 420122
930595 2957
600272 24426
564499 401429
845326 681851
150543 31740
505592 725606
21134 414264
739769 891989
440821 92463
903163 131557
791751 530181
534105 492255
401638 422091
605190 235070
787538 662311
453761 275811
914881 483990
334523 421348
908463 435222
375891 167803
408513 364104
874877 749395
530436 85893
54176 672398
704701 193021
594827 301288
99162 969867
305259 382053
801583 73842
674168 481147
945248 236081
633800 916556
209581 798144
78168 500341
642857 888716
277279 133137
146815 274385
46955 62724
226061 364092
773042 910364
463962 318983
442159 651458
957626 37654
300558 343143
693679 607398
191130 783482
862982 397405
632278 286967
672123 743488
121490 235260
834072 340205
647621 469648
850908 307682
819149 430313
812876 288394
465932 352274
506915 420268
278051 463091
969580 492889
604784 627731
941268 579734
825540 934467
884923 73752
458588 138985
110458 121841
504658 406246
733350 824069
880841 420640
745091 618519
79319 654663
498372 164054
457825 33149
144237 462211
679065 767285
816978 3151
113971 571656
690616 810639
727749 558305
51774 572333
954145 934582
463316 941675
134195 549304
601463 322487
705834 343657
792406 30400
845202 397530
315266 595222
437239 23958
493570 506792
923894 387481
932838 155284
321552 431132
668080 914546
658048 339603
323482 464959
403339 15569
739106 774952
703337 544344
419261 89182
133039 946265
545535 515011
522237 401545
985398 302104
937453 206749
345382 244661
465289 110032
449475 719430
809066 660040
171588 908692
214121 764899
334489 679131
128945 282417
874396 144557
650659 457246
217849 607683
420607 270109
439921 515961
186064 388518
830054 686613
85433 272468
916117 104977
345072 689700
210091 999018
381924 64414
305349 705424
754175 325702
537175 286457
267650 661129
389890 103987
592432 53319
368609 457579
214817 510778
506848 116884
309224 177291
588946 567036
925563 360931
665149 568181
8949 130095
162616 450641
896142 612808
773441 513342
981088 658514
527176 868769
845893 390047
58475 47872
512352 646463
493169 219119
196853 335615
175773 101849
952544 811696
406234 788355
80585 246124
95270 993980
755079 576036
828226 946167
19849 544861
32397 778915
76533 587899
926770 572832
717331 419290
768958 340109
220465 959064
940124 498442
375290 484869
121649 527762
227393 506857
548248 68724
779417 335119
913954 34783
605918 906370
530527 807922
197777 284302
273818 521165
608181 696744
375530 876836
980196 212322
457481 258498
124263 759685
244766 385271
760863 351550
89617 589481
723456 5655
679187 238230
186658 141305
916122 511098
660042 466469
49269 450898
237619 249206
57746 805662
139190 599696
952129 256182
674769 947781
249328 679810
764655 285243
920680 822162
904264 444481
435723 750343
459683 480608
146245 862421
880098 785489
251293 89028
491206 350108
810563 934513
377533 286722
771452 849780
545938 818196
529371 963843
190909 704149
232320 45540
985244 95593
671727 41583
292473 433944
520482 775486
338261 697980
241764 156358
985004 598852
40159 710930
401717 735827
113777 76610
226419 703100
240641 402375
928414 782254
327271 733653
225545 5972
654502 193078
958406 817533
903761 486622
339004 484566
494459 255517
562789 159555
359684 605275
407762 84286
848767 331186
763312 20914
307823 604968
727793 264824
267859 447273
940144 104052
909584 632589
505396 641130
143530 453369
731427 730387
469530 950791
156614 898804
329041 298887
406656 197091
232629 737576
515419 66126
636965 773729
866404 339775
517185 834513
515493 109419
562448 989593
194671 625992
880756 417209
325355 916037
779141 811720
574844 387149
100389 258830
173862 895692
397195 148266
75751 646924
523891 866205
10653 329489
673078 148446
360323 738226
915266 224948
951005 476512
39991 367416
784070 433819
46829 915310
427184 728506
838107 891325
938416 264230
159757 78717
525822 604071
693750 449574
964999 369584
366449 783342
503979 621125
90751 467591
614903 645207
847114 603258
40363 199455
994769 471735
540906 690688
319869 320338
606183 947652
380283 921297
703542 710290
595289 116001
725886 580454
447906 893048
443204 371538
830953 588027
174443 762077
196500 36140
744303 270680
262160 192774
67763 874144
218348 892525
247476 182508
826309 908423
945707 228374
893729 181695
821586 210110
878174 221750
946998 118411
285609 769847
816178 704824
206685 463056
138741 796181
471402 46955
519060 171840
630735 960863
615130 594668
113760 435430
460459 783071
841266 603323
882615 126974
18948 750390
311674 52477
222554 996067
988644 215940
770505 401873
371789 198445
840891 734709
928924 334966
936641 13974
386968 265151
659145 909468
791055 301700
752060 619439
652013 160359
838773 923937
966098 392156
646955 278287
375520 217485
782133 747273
14877 464568
717500 177165
820832 240267
645454 328219
573398 861001
153574 695014
657359 842015
513407 435512
759301 48060
297385 956105
162255 348827
111678 943242
769624 731577
708069 100870
608891 590955
113932 369649
616328 250741
450169 902548
830063 942352
273158 426877
189251 266074
287785 517522
983543 277100
135477 253684
127655 216989
330508 959331
862972 45026
873540 900526
406 693450
515636 435245
997841 493606
25489 231915
362632 408116
72125 75571
416731 355520
951138 785827
5100 757684
357123 962353
618977 567027
422081 498490
506985 19460
664028 373637
843674 470048
200536 249196
592109 532869
19861 451289
511325 893554
196388 329491
75106 723728
289045 641978
613918 933675
257192 642553
614448 781695
693146 988902
223501 753997
63458 311565
344542 72577
801025 447587
697128 747016
657968 659727
318550 62710
440140 773248
502687 410575
686148 401192
845692 760646
547493 871082
747171 489538
465738 292600
900380 706515
87912 4649
31739 117777
484224 963780
105055 818767
751627 481565
433108 897610
349701 464833
613752 642565
946428 78508
675982 442170
948212 195249
798623 921363
138928 445924
1263 69963
928543 228549
997048 780575
85089 357553
111047 797316
120051 971473
504187 871472
285227 363659
44604 187908
948272 499199
627349 138816
621178 711216
160448 134851
980981 407092
478247 384474
536274 509695
712694 755834
592976 314588
351213 981196
508990 39545
681927 936937
203125 515767
902469 298377
967807 219141
870652 596397
818024 252718
833991 445729
678763 495347
767651 168030
664977 433664
958104 590287
247674 830376
180706 402720
832641 222703
999224 906255
690560 487366
494473 29940
953722 331638
515195 644917
646669 92954
337644 315754
966501 482363
151906 872402
643047 187935
446797 544096
881223 267876
327601 919237
219072 310021
639100 680156
876433 176861
990335 713949
131009 33746
331374 665807
412787 43942
601079 45321
13453 436187
115425 909501
455544 862667
368046 936959
721430 468306
449844 112097
279803 501787
217108 501087
581074 912948
754187 700095
770303 363391
993809 759824
486090 537454
565943 422829
983446 279142
472652 644699
462496 993498
138735 106995
444338 405430
905070 489064
731241 801327
880026 804061
749323 559674
201370 395048
751981 602444
533065 385088
412410 872862
881598 743890
794860 588196
276223 874456
186612 114229
468010 81123
328650 105098
319278 568382
739095 559974
658235 415647
853051 177677
858420 545770
365638 400806
208255 756924
928805 760930
514651 519135
322221 343883
426635 529475
181901 178651
338299 469738
710983 854153
437431 412559
595288 28356
878348 70277
337033 298359
977241 61567
205016 557959
411076 150501
137048 398441
668867 151786
389937 7083
450083 334654
549992 566706
972924 404111
698914 136394
953218 806235
391590 258810
410683 548993
583546 801085
910698 134945
411743 657470
480460 255292
66767 367602
509167 799580
119000 835108
415927 71981
735410 111950
478360 26535
112798 436896
784664 499666
552092 928871
227601 226134
281477 619011
268514 989251
496382 90962
601161 176006
670002 988713
494174 217337
22005 434189
498247 897541
336782 128627
125947 272698
953861 292155
236046 348710
528698 289959
596424 921557
971083 31393
416609 504512
951240 599169
853585 494507
413145 144532
398231 851578
448758 36611
956697 38594
817533 308138
343883 75746
325065 538836
482834 611475
707331 409358
732644 496555
730351 719062
308096 945544
392500 295324
56257 690653
668171 67087
399947 950808
744655 7785
139703 969582
815600 226701
398168 678464
915490 3740
616329 65679
602483 28789
932813 276258
21280 159762
48827 214656
516871 83805
293684 277286
190781 67612
739041 684263
47370 962390
309857 7753
936770 25386
258519 42493
389287 908693
816040 485576
260517 181525
282906 416979
289856 815890
794813 187257
43984 1458
183177 818219
570710 36912
522336 806273
744492 548996
727152 758121
298046 410699
968213 383309
485669 23237
169876 606469
49500 768512
475881 370061
279675 475835
183780 182004
478154 839992
878436 832661
642160 358822
158217 539849
40645 70652
337867 300533
230638 373252
150098 712863
483433 653867
761069 14354
83390 440254
54028 969831
476679 771775
25207 341137
850792 167388
711095 627328
917380 792324
856603 815622
513750 453687
731889 97965
157156 617042
334586 15727
477469 450300
412059 280421
941810 301280
863097 954695
647164 97278
937899 812217
184424 885906
839420 305992
21241 259085
722313 587510
435912 585044
723418 767101
112602 796783
390726 905441
205125 458169
238634 848343
872355 647869
51937 861109
876491 55534
535000 776546
202266 659696
934296 824210
669855 254987
120299 70938
1878 60960
281808 331555
368835 137691
877064 933997
671218 915904
603221 774045
689669 86857
337370 345841
161673 108900
298399 214403
912463 658389
656106 454653
199099 993773
75244 473628
215008 526994
305178 118223
391765 300239
420289 13619
738414 132575
237834 818688
732030 88869
695915 521321
938261 590167
159043 955682
1542 787684
342012 301207
633918 507208
531889 80805
846323 341502
201271 820782
983127 517340
601795 363857
677547 368749
804488 993889
194826 493832
161727 764273
577284 711951
713448 726504
792206 407708
41693 379266
179604 648592
422324 585347
819886 119424
151484 670426
684222 891919
151434 249534
801428 541302
415629 997109
240161 243422
387066 800541
40577 7531
802618 191546
161023 346052
986581 472362
688189 821664
488885 464031
380468 756200
767896 494650
707458 261832
134649 279649
143130 596147
978401 479076
498249 699362
693439 409512
243437 155682
167970 947361
505661 221281
255875 536367
811957 847939
737655 222033
428062 932213
920328 184004
919551 639690
970059 599748
138549 782417
541509 181696
29088 833574
858976 77738
68735 148553
513846 201246
762230 321393
493487 844157
393892 290875
29927 542055
774758 286975
751768 929589
829721 776967
691735 630098
716226 73554
947614 792882
794412 615097
829690 604220
841425 367978
103811 362163
860515 379777
963723 893972
683254 610851
15222 59416
162969 12226
418761 747520
597887 157274
376116 192167
603824 947282
336205 330146
75210 225714
200577 330149
658464 972533
881904 127222
804032 892878
221309 563375
130089 465047
667421 283090
29202 409585
947611 681629
645475 206167
952229 708208
852186 105161
428494 393062
102641 208116
93256 214830
368960 777676
762195 226065
187647 649888
46249 367057
902780 229062
957031 880266
846702 542844
163699 973506
936609 21533
35234 948513
789525 486642
338910 735745
632636 849350
270037 740720
528456 591950
746489 385030
266898 99278
165818 667054
645004 859319
919995 423000
788025 760551
391247 185432
112797 463018
851819 962267
937954 509566
988028 826082
979754 921207
250547 184926
654470 36794
635081 399470
858088 491288
976438 93694
9517 720429
329744 540713
209781 15313
653735 401801
982012 840374
258968 411088
434540 816029
39939 254824
19407 678111
863964 812467
317438 490943
791588 629646
255851 108198
908595 313441
71423 61070
953857 52159
674465 780643
491061 174443
186371 605790
404101 244449
36402 730921
212979 54905
527301 215293
176247 831282
930517 840913
955244 815628
800641 597804
319654 637002
255649 667703
434596 742918
167579 57336
935570 778829
781221 89462
294429 74831
735402 911788
945978 675814
230640 1259
544750 488463
795838 391214
160158 904467
30459 421491
280385 171802
965071 275133
302399 723487
438711 751826
868704 880822
465400 344264
602824 771065
5297 264704
333954 584658
837298 128351
291487 417889
344067 179703
409330 656200
773304 339727
699649 204303
327125 344981
182024 469769
558047 591698
161072 362747
764904 305962
247450 997804
754993 690432
982402 650716
944710 99810
804372 365249
379185 671835
144716 500797
386424 457428
576165 634512
775826 686151
655920 726232
769598 434266
393667 891580
759371 896735
650155 162664
739096 211410
677706 261727
996919 882458
68027 430091
635102 261539
380595 712485
63906 808149
72264 339426
197900 809285
485236 271089
794682 174485
921913 983576
213764 127634
374003 330097
570926 992746
206845 299612
64049 817697
858989 239956
201759 526341
286893 406939
995454 644167
13391 553910
3194 413558
915512 91559
637159 429410
788275 855500
722114 284297
136682 553223
152980 125944
261766 264190
708994 972006
384326 733910
274476 728508
943520 731994
888512 142710
424184 383997
985531 373404
576197 280658
782768 599331
199729 748301
914836 46461
700894 361380
865936 596123
500530 943587
405548 402105
789802 499971
498481 691198
689696 419348
493743 614935
795506 675397
379080 46071
280627 403791
260956 625028
688959 580022
281042 883258
19498 379717
686001 807312
422607 387533
915407 332561
567131 160329
876850 948938
489182 789920
400952 468424
149089 983243
986379 892886
275547 733442
523527 630677
748377 653867
814745 72498
387397 938039
549276 94254
901680 212461
453989 394602
267244 969558
40751 561137
951228 729574
803314 816854
782081 745566
987197 815745
209150 808980
435920 396503
290729 185957
602627 574253
76186 525892
621467 399088
750706 669297
305527 902439
620093 6347
127087 292450
166081 187388
167436 293850
812016 700322
231347 564846
658889 105831
455620 506807
807490 883457
514904 175431
322778 102520
40687 757021
273412 354797
296161 631680
719128 272858
583134 463985
497159 429742
658234 200349
508891 266334
154070 146617
666690 222639
607838 971943
884237 347589
21426 14781
371448 612632
120515 870112
356093 991954
122628 131674
295063 844479
602388 873359
233833 69574
510005 711890
79536 403744
242312 97047
340059 673361
130258 411955
91848 150088
445635 764017
863229 208695
537034 728690
505604 507511
334810 612008
790645 459109
974364 309764
992016 179972
872632 268360
374709 267416
299469 578985
106873 336986
231696 583819
261519 47077
843182 549836
597381 615094
713268 351258
97073 117462
542410 513468
813363 999472
16072 980288
225657 373364
328747 274286
810191 332128
353386 844502
360103 146973
549896 667877
808705 535775
206963 399849
459920 733858
84441 389247
570367 623090
193959 967969
560402 16488
330227 247780
777102 412411
620785 733460
796254 430249
635246 672651
880351 37284
464694 484337
244943 771403
325535 22509
52603 970138
397508 108097
380091 997074
249224 442306
522932 295668
234318 103987
492137 141643
972118 68215
133275 259908
276115 847962
226791 170368
456490 80245
116624 900435
629698 983564
465815 669555
977050 679595
293266 967995
190537 713267
330926 639815
908891 83800
300233 960896
770964 157553
938295 88355
134134 440467
319185 566838
107708 362924
253676 217063
214019 827805
189481 826138
580512 724026
418289 857138
498608 271528
671902 383377
964582 348732
698272 975356
962733 789938
387762 366320
847026 506301
598521 731964
488961 211690
348153 285778
698139 23791
49093 56458
895742 576609
415719 959624
213579 89120
478483 514595
784713 807024
492279 744273
882612 927357
648047 308861
546352 448188
443955 634172
781883 850402
365513 416172
950975 996977
204049 208767
480203 853668
77435 925573
493284 951927
520060 180751
887997 138896
823269 550245
522960 398799
380587 363517
897946 331156
228312 623643
363007 274562
538290 147042
717283 929346
203123 254146
850603 471678
604631 735449
647782 988193
956534 132201
980390 120364
183299 766590
243116 843346
852935 800799
454178 883580
638695 143260
645001 738701
323038 794986
758200 464011
215935 670471
196915 792616
815663 129750
778190 965972
482637 998878
231429 686988
205151 831814
487620 293023
957845 606025
98746 956151
953443 391487
222913 478474
331611 598928
174048 781609
118816 552075
689431 132356
90068 635228
616761 32514
509953 324656
849332 569469
551082 249020
554029 299397
283176 262553
184559 442761
867239 333234
734831 875493
89423 902434
81036 140986
583964 333249
713619 555532
390686 588864
608057 642076
852311 857181
924919 908543
209862 81524
789271 244764
540390 375941
304384 863166
215241 851882
7506 573314
960724 663104
713991 928929
647709 514017
852506 238429
725032 573824
250380 704364
220421 119061
161031 661046
585590 342721
10012 563033
448600 2158
793823 501612
17942 872014
674260 686687
153477 653866
746760 878806
373511 82166
664931 290962
870425 195587
523431 606497
594114 764134
411591 261081
424808 660585
318591 550123
139904 740047
936736 293075
385427 885370
712359 364278
268559 901779
216908 327503
31672 492961
105395 593974
706681 475137
699813 117045
203316 938683
59214 251088
563074 82899
309161 587826
157859 830145
770473 948198
9421 856169
626908 135233
561574 83993
898449 284685
434699 992552
445129 856223
724021 245630
601786 32554
205447 271547
220964 159510
484753 121580
819010 798353
868308 161609
376503 652373
948209 520188
742145 404230
831313 636157
192463 74218
652511 587969
127953 953553
310176 262510
776120 464788
659536 476296
140238 881720
663169 620003
443168 668069
803474 414726
657609 37314
37048 90016
464147 560068
902437 673403
1589 487277
326801 178972
313928 892272
935506 588998
892175 694427
977167 939454
262956 166641
9037 622237
752232 388336
415869 805090
601911 593954
314134 353602
3438 944316
691031 864645
946241 827333
801353 260951
664434 818473
245227 792595
722564 320392
580328 745448
93937 679560
2416 420754
619828 226704
513825 274682
757436 401581
141568 146077
583729 432939
824322 105599
196087 174254
239639 721735
701029 243656
16350 974726
2030 592955
630694 743287
812565 437402
477728 821673
496908 276861
719372 498393
310385 546810
633745 246949
564552 896041
902252 249228
454276 483804
124338 850927
508450 928355
247048 758748
507271 36235
437428 927896
470654 649786
31473 483049
663127 51573
437542 873852
628905 69647
794557 600517
727054 166173
571550 980488
357059 947960
151489 446702
306208 1034
485184 57824
713412 228022
923838 548279
860060 675876
722186 444368
108641 441705
996882 657601
663311 37452
338052 759673
426028 334139
497483 796381
388610 509381
430958 849567
42326 323910
44586 753394
824460 151445
359152 461814
846506 749475
278522 428802
14259 15228
507695 186771
161361 77815
706298 876747
906626 182803
297678 237860
551180 720068
725210 963456
370286 425635
233884 261157
155478 694174
392224 731364
283089 32925
20866 341436
758893 801290
570756 202675
129322 524284
131875 405732
891819 840778
769126 218794
463637 289604
61027 704864
842277 920434
537173 120499
736216 278965
290950 946928
269439 444171
606710 679646
770619 592164
396427 8939
862258 143900
320388 71798
745618 105670
931301 564743
925068 370985
614021 530227
107873 876205
621137 236793
244937 454159
313498 954892
515811 147287
771749 676076
746901 827109
550112 722943
479993 880354
219269 913058
788627 418406
668434 858805
17046 267899
664240 391135
248947 593751
756998 998490
378506 765801
108068 408865
111320 334343
423856 322910
916357 528373
363595 378661
752788 332565
670548 708568
1871 133858
787511 123975
485566 873070
975591 877271
439848 371693
796769 714941
320231 551351
945670 79502
339164 730467
90316 251228
592031 811430
981826 35135
499712 110486
167105 605410
182 809683
545917 806775
73908 753740
146656 164499
159031 803001
277694 230711
781331 404041
639146 717985
327386 313660
407681 607410
887508 117817
186331 760375
441752 420778
939554 809983
135727 943086
586244 901184
342823 546176
636695 125554
57550 846701
9078 431187
609327 741286
847414 824860
884733 758531
490415 157094
367292 223546
535010 718090
635423 970646
400035 81285
719814 587345
792941 917832
391981 12857
479725 316533
386198 814412
980547 882568
61920 446892
545089 639704
579340 189504
898996 54974
844507 745203
950818 813250
807310 823826
313063 690650
86785 367905
85256 683501
159789 905692
362421 522994
244971 121053
257076 53806
577498 354263
647314 348936
928037 533510
917247 622498
276180 839642
784179 20543
262976 596849
100285 749639
921747 854368
231621 70249
214335 687632
305570 58568
402007 577262
713847 416180
608752 341826
937378 796336
916315 549058
931946 915768
242335 317543
331073 490832
33330 592282
613413 999017
221659 296357
689306 418336
16270 305076
475973 991232
577829 637009
878468 654748
490983 557740
438470 992736
44233 530444
316585 702630
720571 125991
776236 873571
973586 523130
209216 470298
829224 349928
972312 569504
844505 371892
472245 777800
28597 630289
553539 947356
215564 12713
946741 706308
16993 684424
752803 644573
979394 707944
159791 459781
690377 450889
794575 464695
746800 701964
218862 949112
70827 308459
647797 989018
704706 618720
559901 189953
660198 86413
443220 601601
82397 382694
139452 324477
692955 313853
793399 591687
46623 388869
288590 506048
695817 681087
624403 696888
577934 596112
805776 455363
698995 875943
638569 264834
196248 286349
346139 96461
316936 680961
564269 881401
221829 442273
884401 762272
333058 789964
230031 444823
618540 710518
99146 809258
225423 651721
89617 211756
416726 38486
785375 408615
374761 4196
762504 862128
179395 259006
761438 942125
69418 819080
858026 542811
808003 563389
864214 816073
283287 382967
682486 953250
21977 505369
665879 133402
922201 36953
95704 317333
234396 213743
385049 296630
744590 555397
142753 987010
731317 284254
642003 553775
320096 67713
186700 818567
404046 744565
705684 220927
302427 21696
48846 175874
843636 400907
450992 892485
555023 570952
135072 304318
722359 961207
742207 15069
983776 190868
127455 669114
882379 331657
75738 551651
869365 245448
730101 450939
58533 684785
112354 53860
448878 546645
833237 686040
815220 959297
854395 76955
519232 207551
564452 894187
458406 33186
758629 847140
900742 196716
334326 419738
522057 586809
189505 676640
486678 826782
773534 886604
880545 829521
147579 502402
960849 146465
493223 944653
894259 987052
140380 533733
937136 573611
910073 660156
413236 671012
948003 984552
968574 681227
271809 148753
987219 250303
527623 12372
179968 12079
335851 416027
964938 603685
325463 592924
16531 705058
983777 210527
128847 743335
77747 576062
533068 900781
876518 540581
99953 963652
184279 888130
823447 836076
877582 534953
894918 400384
754341 155764
351776 755061
583535 339966
973800 991268
395454 216763
475011 16139
392549 303384
561425 61279
268521 843111
773010 616826
306421 531482
139517 998307
829817 197651
77887 773917
331051 295319
715426 632639
89987 191847
77708 166833
676243 73386
17483 219269
35841 741424
983463 957241
117003 84778
267702 790834
233866 100136
60070 98659
938441 700228
458999 600830
19440 356285
251018 143714
157733 860353
305007 81871
521078 65446
748424 656761
637625 670549
993171 798919
934142 700601
627980 298553
475280 169231
714305 41089
105636 634516
586097 827581
344760 505229
399514 373125
173223 699865
996397 900664
211596 998416
196593 296708
979797 184276
768804 587623
244653 572791
847185 548447
432348 533118
81290 832128
3306 221053
190128 980101
361901 849557
43696 976510
880878 628320
445458 205883
477316 11203
485198 935345
169549 40114
999835 452547
158422 595579
238524 507574
876203 753002
491253 143235
682734 992818
612804 391261
256185 622509
300382 496972
941088 959161
337375 512833
827654 665620
175756 705306
322305 912975
75991 817286
108789 90131
108447 908624
926855 344863
458544 55487
67876 951048
357822 569674
938362 349272
862504 678728
753085 763351
918165 878124
481461 666335
601769 418413
28443 469052
317669 827959
288748 921469
724923 991421
746479 851530
303473 173934
543526 224650
624707 155612
399019 380793
947834 202312
683594 865009
900628 516830
852396 232906
624160 25751
214478 484095
824422 418990
80597 684756
393984 87571
393305 350964
790806 149860
52632 151195
102103 901477
905007 933673
103894 429649
500978 876656
265434 389126
962948 821218
292658 70981
601562 322498
714510 665227
467512 22074
126217 826212
502693 764252
553789 464408
604494 17404
134712 876878
99688 827440
893157 519309
81833 694060
107274 28540
975644 883799
332404 825483
773208 171195
433311 810407
339014 401345
598616 290376
778750 377700
533475 370200
475414 806898
63697 345791
758106 71370
272742 695058
134322 644065
865278 571969
268322 830678
44236 382132
896482 681580
939846 854904
127222 856295
299370 77806
661027 760379
121745 856373
143682 675472
814407 723243
208246 204607
148001 91988
131888 792509
159296 717054
765268 7753
132309 825834
362250 171820
908527 7243
841276 747082
953519 44205
673192 644242
898395 748982
849370 669558
911343 935750
167291 814771
873479 595836
293186 307339
642762 737845
792198 31580
570255 266437
190591 54506
388692 106590
105021 936024
842117 725388
537431 43143
307785 793280
407293 774868
427359 463899
592099 310815
115793 694106
994724 979623
730228 170251
786459 213760
66589 705113
570499 680007
180299 945747
760096 590593
332370 362248
523210 239814
282064 388667
214670 804678
200335 666141
306661 878189
314225 867610
541413 202282
188579 669788
156629 85743
647979 146825
258054 410898
126758 465735
400187 786647
257835 785905
330336 300959
338076 643121
925386 526297
95762 36986
832628 52577
871878 341463
444457 918402
645340 864030
759241 409854
217142 845488
717090 933280
397608 325106
683795 408708
27664 3299
45884 45883
378996 483813
176987 397741
323677 379653
249078 853817
275191 116981
86677 997843
720577 582681
106364 358618
513004 977594
181276 345340
51917 386064
81470 269081
360771 260481
281429 253988
547677 406653
105390 846477
929301 478261
526812 976680
139642 391697
567299 800663
483355 156738
918308 491722
884703 308073
625348 315315
671265 281698
724647 90549
761602 993604
51596 307243
623747 939106
992955 664744
466833 169538
37371 639509
694701 685119
382283 53353
325953 154533
317708 962640
855665 928955
555257 139748
37077 417631
198745 587394
219477 851576
372954 395717
380947 728800
422314 273427
844577 899483
585911 852471
775004 820954
770873 486197
33474 907114
522639 780732
307268 490754
475993 579651
939903 183528
480786 326898
860388 365551
271948 617692
352230 533172
690577 731318
644198 42313
489144 499337
474968 885218
588686 593100
602564 358364
773465 495998
231572 615095
808964 598859
629820 547471
108440 979799
245062 163874
588735 864551
367801 857897
956305 871611
851778 592120
255555 964484
932755 378349
128295 838308
188421 423007
65357 688637
223049 324847
911627 95398
503105 286170
519178 258795
799227 936464
611449 226627
378622 786754
324632 980455
129086 349068
860367 728486
820354 496797
635419 273755
507679 18085
851288 299919
138127 872158
956581 103292
711399 797199
73030 850604
583684 3421
684145 961783
138697 760736
979785 677598
157882 36642
604982 833296
746796 929711
101886 743585
844591 648142
970456 153881
278185 42555
916916 138070
907714 642233
140348 419619
749369 910022
287334 34
595727 426090
518720 984606
578141 542882
473471 64181
199736 748948
78835 607429
191175 273536
52580 614727
421814 824098
324320 463680
328548 801752
25897 705548
93367 126881
312262 943732
932728 782836
42167 193151
235890 77672
167224 425651
402004 91154
811281 288440
318433 929787
889313 35747
177235 215621
870834 742064
672251 572012
54490 995166
532612 613971
326257 764515
104311 210808
189487 292555
835682 656891
727230 241801
738448 775398
721535 39874
305257 583487
786963 929871
649724 908550
112449 697307
831199 375010
876202 184309
779290 801016
818615 603239
435578 202766
235440 141272
667865 310137
505049 460702
305760 951306
362737 917824
122285 610108
652319 72756
301164 808604
40645 579479
504302 278507
302133 723726
166174 876355
945611 425378
156077 101192
725477 412271
671408 970069
805460 49624
263933 251892
79536 365492
587118 576810
798609 217737
182030 635201
750218 271742
816714 597271
757380 774081
65086 979147
690886 791519
329988 959174
726138 979713
417295 406021
142261 277504
544290 109834
137829 418546
912642 46271
91063 71024
726207 21273
988736 969043
64754 210396
907028 333312
982000 805919
466754 116026
385918 941252
629836 693677
951385 758150
584779 115643
123774 880274
254894 721134
966215 132264
81370 254438
868927 906915
361061 613232
179736 187699
681218 964879
841436 743786
163761 164251
157436 688808
94666 198310
105207 881647
674451 627535
967496 833531
916421 373551
863645 995446
368221 671512
695449 72443
910022 880605
325760 379599
3362 182840
931338 73522
191108 897400
594512 110601
707353 525599
907952 383906
924412 665780
590376 349472
589155 591264
80812 230196
141786 999448
218352 87547
435107 108790
431259 768873
954107 482351
653519 702949
646139 139395
965813 336253
607873 818419
576498 352614
594424 245477
21798 419106
100308 426534
994005 562005
827927 875327
341248 270974
634365 735034
291357 906001
58485 585457
722981 47071
167931 535353
1007 472358
749534 952204
866485 806621
138480 15006
285709 538696
362418 907527
183653 452530
130110 966207
868136 761680
23814 412757
422273 941475
449312 153951
410214 652937
977492 669452
643396 94076
228747 278832
196354 471742
56948 160684
750648 928948
700869 9279
640127 973037
454701 683817
357880 968880
522489 494331
465376 703459
891395 86287
673189 214391
61899 535405
704352 892188
150536 869799
254106 273462
545421 992309
212461 700596
136690 682991
695424 22177
38435 8355
76576 400385
701475 887323
365610 912650
754310 438131
73713 950103
718002 410113
111825 292068
17633 576541
426095 111937
352980 73105
19303 614769
934566 112857
839833 926089
293341 146626
585780 708378
332789 596348
468623 232285
458911 343620
982951 495541
906603 732647
21420 721630
195429 317848
217660 546775
860912 973
441514 659825
829833 260269
973080 34122
647282 266226
554454 772874
63396 647557
657823 101700
686821 650354
211512 345085
893617 211869
174152 509099
1586 550698
445221 196674
752300 170862
175122 543567
142001 267714
825462 143426
300492 581789
818560 926305
838108 847854
744517 269083
907252 580502
746626 427877
94898 17322
635634 408794
159198 541938
626073 724765
895688 462427
277134 419704
504174 522227
543886 634508
514118 251220
648302 388783
160757 710869
545203 836622
909117 949308
468637 875931
221129 824965
989259 351220
382388 451647
42453 713691
719517 627153
232061 957020
591623 178763
201622 491301
854143 64830
584936 416479
455986 274374
610163 326653
378511 314250
126632 16656
781768 51294
4848 570984
466375 862806
706267 256513
414304 332167
4505 555208
58236 553718
291069 858155
912356 352116
994304 995022
161999 690267
136616 415672
472562 176368
567223 667835
67760 362768
23256 988129
509066 654211
166286 144601
374632 665078
916685 895388
789903 475966
680680 210465
82506 851112
380344 222051
951889 172079
2135 859849
474688 697930
597569 806426
462982 848344
629344 882041
563976 707263
230269 31421
998563 524420
191572 202476
635421 128686
663495 951982
520974 145630
961292 887780
989673 234752
648838 227543
245558 362173
139214 986608
786786 580301
585455 692281
775350 531947
946539 980157
219984 20573
478194 893375
19828 618941
17985 827468
519333 836413
647456 514710
754623 661974
120797 936579
327966 784472
48542 776612
556180 270268
48447 897516
831418 350347
515249 359307
185692 721837
401999 582295
165123 492339
16541 373469
658042 775868
439023 249894
229457 747701
424547 332510
567723 641472
714798 613400
109738 601490
965403 619179
117129 500370
194018 924639
380403 65755
459191 282896
140791 170186
371300 154345
532212 800531
530828 741404
740535 130471
504830 75156
61354 340448
734662 744460
583480 414866
56078 569606
203124 826475
474284 258764
56258 589091
526424 600695
254055 724202
815727 389701
689445 333425
536319 753480
416964 676218
466723 629384
762501 907604
710368 568802
975172 223063
610690 352440
21718 140341
315694 487794
722482 92625
239324 721738
444008 401378
223916 416529
91468 988776
507569 423331
669431 100458
234125 494592
82665 100080
78716 669712
289166 433619
733882 553236
734635 731665
149025 478778
43079 62059
497440 993660
944728 120088
931147 834345
581009 88194
738072 830413
608500 857924
648849 454607
772833 888988
232380 820352
212377 655700
932196 374298
451895 890576
324427 215816
644636 633437
942234 297812
764611 324570
227643 792598
832306 356529
634701 726507
225801 607215
467511 322259
8140 597269
36538 302443
81918 331759
517511 12147
707050 332436
804805 716192
982183 536663
166650 158529
629523 254676
825928 408302
620422 402571
89647 730438
705135 107341
904238 854764
906365 956681
951695 341908
702462 717393
716036 265811
648478 674456
529121 123916
695752 612839
931271 944627
969359 760791
112654 35717
616202 745206
103578 813068
560133 12259
546784 518333
69192 484287
130459 97186
178123 943468
67269 96102
302031 88513
865469 402523
453398 597112
435501 324108
174726 479886
607451 359465
852657 361539
670158 70319
932752 853413
190248 654586
610112 475550
539903 107016
933370 190434
789346 236998
953173 423904
121628 187470
477373 840720
263810 410103
943228 132676
860104 959068
991213 257957
303918 307517
996835 501497
33906 578263
525332 367893
547742 348622
655985 855908
475704 735610
978371 346698
448512 715392
755230 669630
776715 774751
611692 627167
757151 564351
684940 476753
532031 635990
52469 925986
366749 692407
806669 535136
30049 975002
370086 100871
281656 750347
432427 79559
666955 345471
907383 72865
832477 617721
553907 524696
168612 447487
377929 649125
114682 929772
355298 987812
196089 607911
403164 36974
148449 703882
362046 665354
402198 392772
735460 823650
584187 960372
264178 244188
857859 387003
515453 297231
564580 596023
30637 266952
839439 539499
615646 831172
749581 159020
962680 961256
442865 761551
174026 585611
973941 833610
651563 794252
35965 316570
728187 997344
456803 873324
49681 32818
258318 466416
902551 860483
627005 34471
239295 74498
446804 31822
86436 23346
618504 212215
227866 246971
653714 501074
869685 605944
25784 393140
991572 433936
212785 611687
150981 721509
974612 876199
734840 773111
611403 94573
958579 609185
498553 992924
841345 211234
712591 543296
347211 404361
900218 741927
557981 114152
617553 100047
923746 780597
613138 427909
266872 783748
758742 945146
962811 27838
699675 392636
447995 372547
500745 713764
26812 169534
626118 740392
417189 53035
83716 247122
380177 114628
207913 818926
513392 974197
743958 236849
91191 773516
739214 764058
290682 724844
842821 177758
640564 221297
60098 226475
789539 219204
285766 756521
104130 870302
32843 883247
912500 763638
552670 38109
707144 298086
77771 393452
669342 792643
327846 709019
57487 339781
155741 426214
338089 727898
347959 835608
584170 66871
433656 527560
927836 471485
431458 169130
510911 971874
188096 662513
650224 931091
21806 316888
3099 698337
85946 479304
659439 709046
577526 489824
473327 375128
520116 925656
891540 839856
941740 402292
344891 326989
91381 452341
978455 477417
379441 470101
259834 788334
462975 990047
549337 914005
518620 921925
732277 453288
443215 999192
201496 718423
110102 938678
386472 110587
158093 273387
789721 702302
545354 170174
485314 591801
959964 884115
785811 560682
204533 461211
863934 826045
9021 128791
588649 443997
756050 339299
909468 967959
298645 904599
136822 610297
73724 237997
196411 649483
613936 676594
570054 779757
15418 534245
503783 310891
416064 460350
794926 425987
316890 781038
834382 951055
689378 360831
425711 902768
871886 62478
124673 713663
576375 510471
513132 628492
357964 529899
332464 12993
69057 915066
742502 537750
257384 518551
459651 854634
168466 836316
290107 117699
878710 32751
626045 848677
98406 50376
497256 775340
12609 693535
522859 107733
943617 948059
607074 414471
652481 788529
766608 742484
28565 593418
497069 104288
826053 387586
220085 356488
717612 495747
768331 490504
544256 114538
282914 337968
54662 238001
348394 949255
112574 965939
353917 725135
721008 767235
137311 480543
625820 307493
858498 989247
245886 485790
894850 197079
425350 627048
467904 548120
725789 565001
158807 802163
15351 31993
112231 237352
817055 298982
53610 10039
930784 203872
673317 278538
553579 110215
542079 302418
769098 433916
165728 406143
356677 924591
29571 709603
317366 998163
604334 24942
897552 393208
432330 807252
197805 641823
509028 269966
310511 758736
497412 45594
917072 285601
107884 350841
988062 381254
955256 848464
808624 177524
64455 107979
258305 461009
633522 613836
670060 853559
940300 156506
685268 320746
961587 59009
49649 639504
29522 331862
314347 879631
300451 401441
797023 401015
667813 274659
838611 298256
192388 964959
749567 418115
808421 839293
620885 980743
721195 101251
356579 547302
521645 404541
48352 877006
260187 378686
888364 430311
654353 679095
343956 610164
599249 714467
898675 153027
719592 884607
472368 960213
895801 618773
297728 961286
277566 174151
189249 453936
468811 571090
617305 456059
178060 128093
216286 700697
493027 310022
621278 134886
433533 367951
832676 845565
685679 173899
349621 492270
839329 191273
513339 558525
181581 499247
560373 820099
526981 210439
614888 982644
273840 852715
52860 140146
226106 76777
636579 185510
99670 104688
138041 737991
510494 403174
393417 37151
507408 123864
538905 95216
629641 990559
413327 189249
210006 153536
810235 172101
175905 526978
637582 51792
822130 373946
698127 989618
829076 999003
902438 574538
588867 849094
541254 57632
166722 207469
78895 234596
343791 570671
44472 788633
279771 494488
920016 947102
266347 146136
377522 227296
732868 521331
140115 52239
629841 994618
156398 146491
170767 635742
548624 799445
855674 173433
789621 312020
281223 30979
534589 892526
341324 425037
558129 171478
429693 985273
508757 911796
300003 414650
560539 314151
302286 836060
907991 667982
946301 439156
512566 256453
738921 570952
243618 642432
721241 858950
255939 237683
816733 55445
318837 285068
895325 204719
881313 722218
876806 529084
542438 685022
661372 574323
273293 569032
696513 458962
734077 6257
374811 919026
521023 640653
58176 171892
667073 217544
502424 707596
60907 963243
151223 718383
534722 632461
230601 215711
518202 29472
789419 812546
788548 350843
519836 881537
384072 564523
92917 164819
76157 882
517677 585294
120511 649233
743538 366149
641354 246230
631289 793642
902905 138420
757454 769946
877959 924793
56553 68711
76272 414967
744681 482605
275176 677607
353391 626986
653590 312555
659667 217335
449302 748305
879363 427514
245650 839822
783238 841373
792844 662973
415613 157159
294234 694271
305914 203377
357360 504905
55375 512685
795564 789354
405665 477535
871105 815713
133922 473014
999880 508208
885682 314908
90424 286796
895357 637100
485204 540918
481059 993120
724639 365063
842036 495348
904497 140077
403025 355830
741899 228625
116879 756075
656339 403183
389720 399652
683789 27999
102209 442692
914409 788900
802084 89818
230260 571022
818594 64891
272862 915784
581778 254581
808724 382034
696336 828479
724465 909309
813327 140406
153165 917402
932882 877492
943263 232855
129216 245892
942374 151738
942771 528068
404623 792959
376294 127394
387710 861316
362154 802932
48130 608027
827075 2888
504187 954342
717148 96160
417348 830351
681235 155652
721941 398761
291570 786002
977553 222019
867167 267432
320330 483490
393301 71865
440381 334788
86042 415656
257027 426344
207980 710617
5148 300492
715327 669859
635499 2589
134128 54091
813035 880037
870827 533544
440808 867322
695594 472274
121685 891625
803147 855733
492695 11536
836373 948102
399761 110380
684241 120835
342630 327251
695730 337068
770044 597476
25041 174421
463371 453895
473434 242218
324811 132955
778888 253112
530754 51611
921760 296096
131316 29734
508412 42770
445240 284356
558374 5469
301758 767111
835653 259923
680001 875563
513090 254107
242305 152347
384953 498155
47061 767652
906238 377012
465363 927652
448586 945192
835400 779781
827135 710554
902874 246027
213072 412863
485417 613282
710894 185378
854274 413324
709593 485641
26879 855293
640093 30812
556241 909769
99440 442157
947299 447014
492462 907808
741460 15338
402760 472979
711926 910687
431774 931987
446946 557888
964743 367387
207373 261023
393815 642494
663311 709759
503201 924674
692906 494668
67985 199781
977382 609955
385629 623930
665123 291008
191056 493294
737197 164986
356593 55893
651580 507453
834941 128950
266894 661191
954801 384193
354159 150798
716728 264092
770274 319076
589489 914979
950710 86786
493518 451898
425762 660983
181683 333435
853078 813009
560443 329487
981640 432972
962966 563651
956560 216063
381998 211958
946102 917175
345689 785939
282539 635330
511289 552001
278763 770478
266099 385083
856618 511895
188415 824403
534893 694861
647562 733192
711417 50282
647557 484888
9092 343792
890258 560057
397555 893669
218015 365271
924070 996948
472420 77788
863298 931639
992938 380036
445407 751612
181948 178595
46555 671805
191677 716310
555787 536139
742808 706265
901187 705522
406795 866509
238664 417023
850404 34338
106776 523200
165106 683807
774732 175794
295462 594197
279506 522340
129554 710233
486529 334986
487290 3354
404890 857362
933515 83305
423824 735997
473500 788364
468588 611749
765591 591966
109980 521235
897335 525585
804414 240512
742843 911145
846132 635470
736237 858617
530915 865440
162425 920656
518246 893886
833512 752764
46804 860875
550222 127558
750615 198998
479482 397694
50668 847822
608413 975297
815212 174401
181405 275749
857536 372954
412494 353414
488434 786587
719959 810900
471260 485872
320531 815740
590993 403257
535530 3631
850021 52586
498911 446941
902880 287152
143603 293724
992383 965821
878690 989816
920457 337537
382435 239856
127556 779484
730458 865618
322841 701755
688731 261969
830421 934462
832973 435318
586254 112488
22167 204801
841864 792653
982452 385219
45805 148089
590562 361962
425743 355200
935942 274630
123301 941381
417959 673589
984984 689191
608103 836786
722283 787711
495743 424578
324818 725866
642638 88991
142614 705782
549315 358452
44162 334158
682071 635110
647807 326682
262761 700386
160056 389514
161905 215475
866904 958485
171392 840345
866415 738313
269624 150886
481506 153751
528643 650640
945881 583852
782764 747076
311355 24352
338413 521800
99488 628988
234603 186781
893834 740862
96793 893266
25502 11244
17576 842319
348008 606823
304861 747945
602858 815343
277321 533185
424098 231301
852118 760502
302826 878264
986198 27891
101496 524551
976835 279362
178504 356974
40777 648136
728832 860621
550106 397306
941547 260627
750227 99360
222282 70542
219361 185022
545868 382482
822023 767257
189814 561534
606996 110355
923365 919901
963855 975983
19926 342007
469614 998721
480567 134745
822719 679420
414379 350583
258670 835453
334813 921295
716327 209264
422255 693784
391909 764200
751275 274616
88775 758028
381789 531399
299042 472591
426332 998228
739883 165226
244185 609459
212390 104199
373639 983409
584347 541206
435779 265611
906438 731346
370902 131456
855166 30624
560844 971396
309249 382644
446346 706607
772035 237467
985854 497620
2243 878109
261261 466945
732769 672645
969270 450550
920388 761173
307267 155011
261930 629273
962766 131849
803283 158226
842851 839023
832394 792436
70374 280936
778577 190667
139891 160437
837964 24122
1634 64261
621520 727718
919649 675261
124576 338351
256780 484877
154503 193868
25994 875062
891454 764418
820681 110057
305247 943207
124953 669146
882666 484230
379992 76524
916112 282684
113288 565185
902422 687075
611087 772792
974673 505746
943013 817362
985427 499175
792855 670310
469088 20745
725787 544402
12844 672957
29169 818814
636643 548394
377891 978605
690143 397296
352552 332017
120857 428091
10327 186294
414716 950441
944500 751949
625965 169730
496252 480019
802959 809253
411401 835667
162589 870823
617443 418910
404272 680433
335684 384117
980189 248160
281848 669422
539380 454383
223309 134866
784184 47283
920845 448144
931183 285232
223007 943959
907500 198308
406718 668139
42371 767805
104233 393036
609392 312717
964697 581323
668683 150994
979640 495212
626113 123933
772324 15376
425708 950909
821460 8897
190488 56028
837180 207691
4136 358055
115111 371146
54495 598797
905048 276808
950751 656220
83045 267845
457686 265708
271229 909749
208395 528373
86298 873724
349056 107037
570712 453527
337339 95268
992449 864235
436637 106597
968061 8480
728395 218987
881319 129736
332012 304485
700516 163689
31009 488604
624077 598654
869945 606766
616986 996838
996858 657029
121135 192650
329082 524399
541006 709654
184675 657411
566692 720862
289213 976519
447914 637124
488479 101410
811627 391022
266029 178707
683604 295856
329421 69231
816214 614769
51500 544579
102237 521552
462572 405215
173027 426788
446192 506587
113178 102021
107784 184596
503694 179000
704018 746264
454929 881279
934273 196612
947249 905420
950055 799468
904099 12496
737693 241098
347601 288937
719406 797261
341798 702493
212376 609855
777604 498952
406915 426282
517913 921088
919911 450637
91157 478015
740823 828929
631752 319518
825622 758298
597603 957161
378415 927572
901190 5581
859197 810420
463196 422893
675603 743067
267485 186759
114056 462503
969922 187242
132240 860794
893670 122619
661936 731401
645066 265306
717984 749380
858391 949494
751601 395098
909342 9626
767986 666776
680632 762693
134060 455953
691254 122727
964231 979996
673576 768907
757288 725977
374223 351109
281139 965441
895985 353562
131584 399285
731883 744616
826232 353943
984670 947911
18052 539886
187852 173255
974919 619184
441825 554338
497732 668731
31967 768738
545466 780666
771003 511117
988059 617375
810093 692501
612906 306375
954661 514906
424007 767001
389146 831449
945550 566018
283397 800239
429546 273199
322524 804264
125885 839170
474056 564430
868755 762639
632266 78926
253685 948091
518255 524016
23979 402371
593490 510112
11275 625061
313799 923676
260904 985056
829782 118076
825337 148611
513005 226882
770644 899543
413215 685987
197570 349038
223462 702672
429226 359670
687414 936178
610031 802558
74987 260058
927657 232912
944909 567773
577608 134478
424036 63467
614251 121983
441577 164538
313504 117366
177237 346398
845371 981491
566294 158674
325706 823665
234669 376498
99871 672418
240521 387244
907707 779763
362776 754760
143114 386573
422378 679006
617081 253676
49575 923873
776617 401199
876090 660416
270355 558511
485206 481737
954629 723076
840670 602314
402350 102418
124088 577884
602917 726707
250293 209515
865208 106351
765671 141257
368183 99603
634655 56220
602958 612662
278079 199092
583231 694304
959980 192724
844011 643161
766091 458850
752801 598566
141919 279997
210422 930829
961375 36096
357772 646007
52858 601998
785144 408403
928349 853379
334644 636583
488919 208379
837607 821700
923313 340457
312146 487287
531109 719678
74281 44980
439353 858578
776092 518284
787373 627343
531477 309292
343230 154233
919090 307284
620708 134432
766191 957914
473355 627728
895026 926297
659175 437989
354640 30188
282564 761524
111170 306790
968848 82420
288480 130647
865210 53318
848154 32353
566470 408339
462305 235669
287462 964216
459017 393219
592652 210752
572325 813912
632079 78198
963394 213771
904279 398645
858543 154813
352638 623218
32473 135467
925572 566339
991795 759110
758323 20943
988625 463924
946894 588902
230867 340804
724686 475950
74194 975124
363415 936399
359853 231297
211801 267796
917704 352559
864650 332578
432641 896594
346238 27319
388097 250076
188147 383577
215696 374082
76027 716566
29899 465355
165180 450921
650900 829495
720036 441094
206827 711795
891507 156450
387975 890513
278216 822543
54475 95220
231895 746360
742901 646778
364418 464547
183254 293172
727619 464312
83768 735997
515847 999047
901637 577019
383452 822685
463845 568786
846627 4168
723128 558775
621937 485525
325517 85056
83131 191190
723952 819658
913692 765910
899617 386861
611861 377470
229193 136672
401786 598686
74131 221797
653336 860372
229287 95138
239055 598565
868442 684107
987434 748802
538288 654641
435315 327031
507928 669817
88322 605129
391710 374406
936702 90529
108642 832504
321368 540192
591310 707237
840490 649908
893298 144410
179773 167481
892647 644388
558884 100411
193244 172713
519145 320448
44921 352377
38937 396041
765534 75351
780964 945887
380341 314659
238158 361833
405398 425077
869250 301279
448485 674888
912888 127567
787833 276972
560060 300324
132294 122265
983058 143343
105694 941342
474536 145735
898944 252658
147047 273060
531796 134030
771 435459
262286 973248
733458 786211
646274 173468
194918 265705
844690 985206
900448 735670
803073 701246
461200 60604
77120 110320
417082 273951
865602 414349
224705 575684
706933 139490
569557 850053
495049 704011
215704 837367
770034 998455
798851 543360
759330 720613
953670 704073
79323 951060
606780 663511
150681 758564
320134 648025
917407 429774
29976 752070
868127 356608
239574 171464
936831 451057
596854 719277
607675 926987
544595 939606
201733 939179
488405 667820
920014 350570
329617 530500
267567 843796
100837 196825
70205 451726
428373 974386
484442 884605
537799 110190
997147 812631
765608 372263
653372 859690
707800 720472
360821 234467
872545 921941
930731 310726
60217 823734
614959 251384
510064 765419
463849 750438
234630 525270
997778 500449
679488 228199
952382 97521
755924 412066
380404 347486
412550 373814
368854 982538
330964 328736
581936 310113
466647 732212
542155 78183
690010 77159
967335 167242
244773 903037
334494 635943
199716 755545
827948 841701
826894 733546
676199 65447
547604 352374
79160 344651
216169 60547
858679 276692
494029 964217
245458 336350
501492 376745
413438 52158
555310 398589
185993 628285
326542 612095
366817 786928
747294 425444
390230 740676
955766 612648
30151 51692
179923 143421
912965 334922
283361 696242
585613 845676
166856 301002
325361 809793
727013 266776
244444 27236
161596 332679
474365 531192
97483 981281
924051 577366
286377 783827
915986 987567
156811 745876
693912 92513
973137 38069
430805 509609
163499 7014
280736 207680
56394 983072
942619 780348
438694 662189
29104 287225
310823 593450
763045 917599
274829 881343
849069 961701
308349 363043
665213 817191
200992 385954
178669 783396
815576 528370
485970 635294
23356 788376
575514 797064
295652 828654
293322 106686
320245 914196
758522 159328
950393 575714
528972 231783
448865 429664
225207 70589
139438 812471
956465 326358
439855 496925
991825 934105
599163 682810
607189 555437
906399 225865
470150 968257
578167 49850
637620 830638
980515 579509
209109 960858
13618 535842
21761 54487
126826 208359
759860 323713
146505 824391
404029 474414
69919 137889
733434 101187
843236 422545
442906 695708
488671 190755
226141 416731
778146 223385
988259 312051
356767 538598
948880 434931
724178 908627
506849 69302
811140 232587
238798 692937
625481 494294
220093 768342
319862 976883
971797 566605
822417 968598
829070 794291
263423 236125
657618 980897
190010 286332
997236 771702
841598 971547
840864 83016
398909 339378
430765 5130
133738 915195
694671 411914
143274 298196
932547 928851
720978 636605
560058 274192
440728 988276
48013 163798
330615 247488
141098 833814
544575 293092
867592 181543
563337 444620
845141 359336
527938 191621
950580 509007
396601 648183
408098 497024
377017 847628
335265 537865
219093 8586
993725 199531
303601 853860
526057 549349
388901 961239
737043 908434
840832 365130
915493 937501
419547 480965
174619 505459
35912 64364
761636 106897
163814 117599
668283 670308
878649 468211
993509 398777
554765 983497
990274 672108
70869 258196
653445 318895
126335 250505
704859 504037
732166 862515
27053 331073
978565 265454
238004 670228
622441 716996
493364 538319
967984 660809
589375 445534
989234 568623
868347 881043
424362 12963
839822 109538
826633 623979
95367 718719
542138 503522
913297 329467
518903 370471
501505 691778
427031 453882
191270 429960
945485 155051
691372 83586
181629 799145
510541 756206
258929 3679
220662 173029
120068 995099
310810 571136
766435 541587
341490 425393
551566 397761
46686 673946
387464 886415
469166 898811
168659 751335
835374 290833
229188 596954
289843 596331
573097 424853
975984 247602
713875 600583
667891 132816
778655 662528
274267 249151
60033 271575
621730 643670
168841 682979
665491 675505
926105 745302
568255 715992
895213 342405
712471 757107
174819 628469
210446 707914
284950 970328
763647 75301
978821 611754
168987 59154
965062 131841
911866 463275
204908 660093
368195 783926
462848 748525
858863 465016
661824 445590
422325 464118
715495 524908
249765 676638
476310 152295
