3111 2 2635
19129 459559 1
687284 261656 1
872323 277870 1
993812 874738 2
630496 374634 2
161480 988843 2
193411 977780 1
606142 347281 2
393604 585100 2
799355 923056 1
934843 854434 2
853471 830700 1
134465 651000 1
793891 694594 2
475597 649105 2
967617 650372 2
758534 709132 2
297099 501637 2
478148 421631 2
468677 362600 2
603517 657268 1
681243 447664 2
335877 481567 2
55823 199760 1
587756 707226 1
947213 421556 1
892086 637275 2
769931 725164 2
771530 856746 1
537851 868922 1
852018 310074 1
37629 342501 2
762979 80393 2
692490 781783 1
576655 389765 2
484977 198203 1
361949 403122 2
588994 60486 2
258582 935966 2
640857 679711 1
704316 886216 1
453005 696689 2
522787 23242 1
552525 992764 1
150125 677432 1
392863 200227 1
892540 725861 2
622797 663722 2
326817 987126 2
63778 572571 1
337306 723554 1
598212 225589 1
919472 235134 2
530959 585005 1
437430 401815 1
469749 922754 2
58841 139211 2
51634 118764 2
672392 733552 1
343472 843593 2
688444 116786 2
207200 195566 1
327872 213878 1
914892 317118 2
155375 631509 1
184989 437209 2
229388 881740 2
415275 53549 2
982208 479239 1
833902 464692 2
725467 672772 1
234197 584504 2
41092 560521 2
72204 789351 2
98443 272173 1
777058 340447 2
936695 736943 1
947243 933868 2
138021 131357 2
155191 317691 1
883160 725020 1
468729 403790 2
435060 552323 1
874226 124886 2
19627 676340 1
903735 281494 2
880585 163581 1
313715 597977 2
223535 123706 1
74207 798959 2
357882 127074 2
515871 412640 1
272043 121565 1
290897 594455 1
451053 904554 2
183097 979500 1
504045 549926 1
423782 979205 2
531351 35224 2
546675 750755 1
315414 705728 2
909001 121303 2
475528 209962 1
29112 926941 2
285790 472649 1
792170 825542 1
865266 978166 1
617879 51983 1
696852 112142 2
404911 679853 1
27868 312705 1
552356 823015 1
855150 528053 2
156157 670701 2
92360 506689 2
509507 929070 1
146024 851184 1
561637 884228 2
798258 513633 2
135840 290659 2
480143 949716 1
23058 544637 1
31920 399786 2
862755 344234 1
39493 746045 1
625588 714297 1
345528 130069 1
220122 801431 2
381351 383592 2
869428 441802 1
872439 594344 2
963948 122053 2
870075 66810 2
522181 232278 1
471808 596895 2
802654 951832 1
692271 208431 1
410327 9220 1
619247 411647 2
267599 489581 2
576619 685770 1
742900 737089 1
842637 374602 1
610527 487924 2
691856 689617 2
856814 54322 1
791322 59879 2
237307 537727 1
214288 300400 1
804849 387935 2
562133 188234 1
587395 114421 1
770078 78963 1
426374 825406 1
251284 49078 1
614412 769208 1
926490 143345 1
986215 842438 2
136395 336904 1
648022 683384 2
62720 134646 2
796515 152214 1
151937 378663 1
118823 532838 2
923773 715281 1
928851 673831 2
139697 805059 1
513785 682789 2
677830 194461 1
739046 565503 2
148424 864805 1
319469 196519 1
638186 440809 1
896551 513172 1
695740 240840 2
192027 29646 2
575551 206227 1
389922 569442 1
894132 602115 2
104891 467815 1
778413 355574 1
8541 33617 1
800744 765325 1
747044 90487 1
508628 519696 1
55467 934398 1
113196 230939 2
727902 150853 2
740950 629918 1
972611 609868 1
908436 446571 1
960068 890355 1
271863 835494 2
611247 858254 1
74937 650570 2
423583 213143 2
606845 808116 1
307820 555634 1
601922 230007 1
42010 608275 2
85187 694638 2
340988 644362 1
200019 959627 2
266528 243534 1
640194 65556 2
699759 385345 1
136821 894425 1
438334 33416 2
673757 341578 1
449626 409452 2
424352 46473 1
812938 445225 1
88762 759083 2
107679 515235 1
500627 236694 1
630353 545418 1
755574 103984 1
695039 111574 2
797267 359957 1
773462 202024 1
965901 813628 2
928590 578397 1
405439 192906 2
159981 590737 1
92373 6345 1
512244 648225 2
326338 809770 2
456134 859274 1
240790 234987 1
701167 808182 1
636971 511113 1
842240 826564 2
662108 643444 2
802972 976482 1
2987 758743 2
4895 971235 2
659128 175476 2
197263 188817 2
974686 74459 1
603781 330852 2
681433 4102 1
714561 680902 2
633815 797067 1
889205 578890 1
488359 261643 1
489373 949809 2
613104 358756 2
900607 22710 2
967882 16974 2
243966 894784 1
691970 666366 2
429019 980815 1
374154 49657 1
705325 363723 2
783797 697063 1
812072 502921 2
682529 2469 2
507289 492134 1
554083 503942 1
987806 416071 2
146413 601500 2
489068 638488 2
409245 682072 1
288568 160684 2
282794 720975 1
524851 914022 2
673121 663462 2
283510 822920 2
72835 393862 1
459230 634465 1
1531 250519 1
392400 499713 2
988920 264518 2
230 849295 1
553951 333533 2
167845 438536 2
786244 24863 1
562190 390473 1
911850 847806 1
825393 215843 1
445339 804795 1
360979 861091 1
78054 785445 2
640205 470799 1
809521 550921 1
117515 158724 1
709615 702934 2
513326 824965 1
561708 999585 1
469965 781768 1
918386 174647 2
239205 737766 1
966840 657164 2
396293 474797 1
388540 883858 2
328733 510970 2
658605 139663 2
996683 961910 1
33565 670027 1
862455 900070 1
608592 764535 1
49072 778722 1
342491 865765 1
224629 779780 2
777907 269849 1
300104 480885 1
889340 509209 2
226797 938325 1
754143 23852 2
495471 419615 2
146988 378314 2
954848 176742 1
94918 109887 1
305622 423110 1
903551 872036 2
481542 817458 1
507994 789365 2
300978 752804 1
384692 528011 2
346677 709194 2
186832 231292 2
240556 272117 2
560887 131329 1
530945 973165 1
46364 50027 2
510589 478369 1
861202 992903 1
260546 165867 1
665038 20761 2
160680 726226 2
388991 855244 1
269753 625874 1
326768 10785 1
920799 33162 2
576662 106220 2
481025 278569 2
944466 848170 2
723390 863124 1
666877 63972 1
279560 613563 1
489368 597557 2
842347 354496 1
427822 232106 1
959571 166942 2
980228 966959 1
735145 780694 2
876023 391771 1
751411 600472 1
190480 324354 2
845530 506171 1
745107 90302 2
143968 952078 1
121971 459060 2
401467 2064 1
788287 914047 2
136003 8598 1
323716 915226 1
366876 174958 1
853295 947910 1
405000 429189 2
683800 96399 1
481098 856076 1
520880 637626 1
577866 656051 1
575211 140977 1
919230 515771 1
857083 381661 2
640314 984911 2
199287 252680 1
209907 45701 2
132526 967700 2
213437 393832 1
552715 868915 1
521264 438725 1
518879 228562 1
772770 904176 1
838654 204269 1
417758 629019 2
962248 271916 1
336916 677306 1
89851 777127 1
324551 798919 2
565424 250287 1
453527 495815 1
834479 17261 1
833933 160431 2
337941 767665 1
103120 314247 1
509613 240315 1
129492 844788 2
141209 964321 2
124381 431933 2
71295 195746 1
437250 633528 2
201771 477472 1
165859 547639 1
231047 2737 1
971322 732291 2
704894 936143 2
808475 64862 1
619862 624713 1
652848 634228 1
616957 369390 1
268387 786454 1
147268 444995 2
752555 845482 2
22766 822384 1
970025 166311 2
5775 535243 2
453906 901452 2
662265 967160 2
481596 542392 2
17053 741777 1
453377 562939 2
688838 307460 1
91462 230332 1
353554 486203 1
506674 519219 1
656062 461626 1
901382 816666 2
535000 220401 1
974112 916408 2
583294 95133 1
17492 742201 2
87778 19537 1
67692 534379 2
560329 897551 2
109266 323962 1
956094 239698 1
856638 541870 1
964715 223371 1
129250 380393 1
649504 800905 1
751099 353305 1
761626 940213 2
562212 484530 2
799389 645015 1
804021 339737 2
952404 203499 2
320947 716311 1
194526 672219 1
530491 696098 2
290752 753271 1
603651 567186 2
161074 588593 1
289528 657923 2
314127 250350 1
258719 620334 1
326255 765161 2
897373 298244 2
810862 838577 2
284910 251197 1
459099 343630 2
715753 913349 1
629740 274407 1
880973 535881 1
337354 248609 2
875820 6864 2
59317 663194 2
274183 360169 2
873890 297459 1
282699 774705 1
175934 134806 1
493842 202292 2
272439 619794 2
199948 462101 2
6313 937140 1
114185 477438 1
250757 614188 2
63312 397439 1
191381 274590 2
338516 351912 2
312255 311524 2
959468 746329 1
718934 579676 1
38618 984708 2
649162 112484 2
442085 384859 2
310897 505078 2
861337 309571 1
682664 334379 1
242150 822475 2
14454 760578 2
682026 790829 1
771269 414943 1
217528 44170 1
665369 132434 2
605411 23897 1
916960 639034 1
300417 714820 2
885899 306937 2
943527 759925 1
374963 921368 2
537053 777475 1
924195 570351 2
659443 221477 2
863786 62127 2
260322 366812 1
975558 225040 2
80214 680605 2
226309 724354 1
430123 833938 1
835613 553228 2
395802 886869 1
749592 880325 2
240216 201275 2
602848 677773 1
210587 392887 1
1541 991699 1
272484 820705 2
105316 742 2
937752 726148 1
515153 288341 1
348978 475110 1
569112 699256 2
126942 911040 1
346741 558616 2
226381 423265 1
842158 609542 2
903200 673934 2
507170 951033 2
104692 463268 2
12219 500218 1
971873 562958 1
109253 695064 1
191183 412412 2
370168 272374 2
353394 690758 2
701863 429733 1
424934 878660 2
891293 369501 2
247055 252121 2
399302 254943 1
847683 262238 1
111701 17750 2
229600 546950 1
777139 510460 2
925463 447962 2
367383 506045 2
199880 761512 1
49896 448590 1
356121 927549 2
907907 539657 2
20965 179860 1
914873 375089 2
877879 256523 2
776912 328191 1
220998 961388 1
601293 133269 1
809175 381801 1
85377 479143 1
887601 388685 2
434010 558417 2
808159 764064 1
862458 858716 1
982850 262957 2
241590 39881 1
720199 489029 1
951940 660365 2
449928 846364 2
259822 625486 2
741924 43363 1
476839 642209 2
316298 290824 2
111077 560229 1
341671 379995 1
610974 568386 2
166966 841202 1
783307 726803 2
118370 84591 2
994586 801706 2
210912 566201 1
100640 7756 2
151423 769540 2
287198 147818 1
55856 574094 1
404578 801272 2
298947 457268 1
190598 982572 1
13282 550815 2
465702 33836 1
420052 935735 1
930622 230842 2
959982 965818 1
486506 943869 1
460994 928733 1
246980 826476 2
546222 448519 2
419157 223548 2
736042 637085 2
221090 835533 1
201292 941193 2
608573 580917 1
744947 341689 2
799108 662442 2
394844 174774 2
912436 523706 1
923547 739692 2
371566 17344 2
980361 959480 1
478607 17743 1
933816 575835 1
897642 470242 2
810043 607704 2
327923 496028 2
583144 613004 2
678605 352731 1
645603 204647 2
580506 457771 2
912643 42983 2
453952 473220 1
728741 868314 2
581729 256425 2
160906 253590 2
616794 347422 1
4732 656565 2
292607 758399 2
539818 798682 2
202386 172354 2
834458 849960 2
333729 764920 1
823538 575757 2
933163 243198 1
557859 460780 1
544841 941044 2
359404 950224 2
725859 417803 2
586256 42714 2
527405 312049 1
575100 999381 2
56860 260855 2
786638 8170 2
642748 395290 1
77272 953503 1
37358 855114 1
779833 561702 1
96152 189373 1
63323 206216 2
274098 747467 2
773682 53938 2
341975 636755 2
335505 376628 1
529665 84928 2
840792 518538 2
491801 254662 1
13653 287372 2
526740 379946 1
589767 804687 2
23924 66508 2
341719 472835 1
808848 310873 1
564942 349032 1
586472 969 1
740100 421364 1
996041 70337 2
177128 708037 2
370063 286725 1
828972 404011 2
958037 527517 2
328959 74809 2
902564 289362 2
937807 304134 1
726768 496286 1
13410 82121 1
760829 545807 2
64909 735362 1
899781 95572 1
281802 75815 2
463088 28956 2
215291 567126 1
701331 785273 1
904826 816775 1
100957 480496 1
192981 462793 1
224032 309536 2
935385 841127 1
938257 651593 2
359069 14297 2
726717 177185 2
126212 391668 1
360452 850168 1
482725 134745 2
936523 11649 1
145597 752171 1
190928 797675 1
704336 355393 2
287703 270436 1
207108 974360 2
933531 193810 1
875274 690284 1
532026 506909 2
160192 909701 1
906274 737956 1
478506 443931 2
928603 484946 2
658277 131381 1
65923 590626 1
545315 22356 1
723224 293641 1
785017 799495 2
562241 767917 1
684317 400661 2
137461 65339 2
251839 220558 1
902278 952929 1
484443 959143 1
741717 84445 2
859758 931267 1
443385 120089 1
717924 89769 1
373644 409939 1
783061 998003 1
700980 477955 2
748501 541581 1
810396 343198 1
421420 687347 2
569532 373411 2
375199 291165 2
174065 557286 2
163048 142126 2
505070 286081 1
442631 377973 2
946783 503021 1
649526 802379 1
524460 556172 2
457121 904560 2
556213 694449 2
431776 162095 2
460314 688090 2
343516 562252 2
776830 796842 2
944238 767501 2
583587 381126 2
682593 822380 1
30386 907979 2
345455 949373 2
389135 109107 1
263321 222658 2
251001 158472 2
517858 784899 1
472559 838421 1
214212 69697 1
176515 394272 1
504763 527232 1
483091 692276 2
718180 133574 1
356145 790485 2
333299 828632 2
712897 274213 2
736032 747897 1
764136 679386 2
805137 95834 2
45209 178513 2
14899 543404 1
508343 967852 1
100839 357525 2
865870 445187 1
479537 804847 1
345186 314339 2
671814 747322 2
588755 785576 1
269892 24376 1
690330 989765 1
788473 775071 1
977896 926961 2
34598 250642 1
601416 859730 1
937659 508227 1
455189 400698 1
502722 652679 2
576207 863177 2
939364 167060 1
918550 384332 2
873129 887464 1
901476 934454 2
509372 37510 2
406238 877782 2
434446 187447 2
537006 413338 1
93806 915542 1
882997 542060 2
892185 142053 1
511976 908063 1
830724 395179 1
599786 918971 2
117473 703137 2
900110 889920 1
30786 156277 2
685380 536754 2
752994 756302 1
518496 395551 1
46214 816449 1
519189 196576 2
523163 888509 1
434289 597541 2
675078 619920 1
801119 808133 2
291991 849732 1
896951 638377 2
858654 197549 1
11495 970836 2
802158 973537 2
687432 541051 1
335844 675515 2
46438 726032 1
398808 528873 1
719046 353981 2
267559 443936 1
571846 94254 2
736076 949709 1
931744 307528 1
309461 368495 2
36782 485177 1
292638 249834 1
360121 983119 1
773395 933550 1
551425 173879 2
836939 339748 2
764887 784614 2
77257 490691 2
858538 107504 2
884264 716292 2
952403 953163 2
457123 64533 2
768735 665445 1
426180 975849 2
924410 188782 2
297515 463291 2
152484 157806 1
740698 154231 2
357320 997310 2
363197 674306 1
200418 213624 2
696418 146182 1
761629 222954 1
425099 493236 2
409617 343127 1
91376 976072 1
289456 282293 1
152486 235451 2
677350 598670 1
199921 535770 1
370613 862950 1
94269 74428 1
458631 821738 1
371700 227274 2
164807 614768 2
596764 362056 1
42964 541304 1
130958 195530 2
6956 370211 2
243457 760133 2
198796 319466 1
340726 893190 1
476699 414667 1
825222 173333 1
886501 857642 2
383774 2917 1
732289 658791 2
17531 155880 1
185106 966763 1
435136 47940 1
738137 873746 2
517 192990 2
480486 836628 1
386567 776703 2
546479 222622 2
692729 718220 1
727027 301371 2
742327 83723 2
473717 773484 1
614209 296739 1
318210 984808 1
118176 30451 2
478760 716783 1
482507 427097 2
835841 761612 1
994974 668423 2
588179 958709 2
627276 594415 2
843617 174368 1
777711 782582 2
150029 993170 2
893143 729119 2
362991 44573 1
683803 53031 1
757764 200668 1
403079 282086 1
676326 264697 2
712094 813044 2
809274 734592 1
213082 980420 1
56080 580476 1
982155 876258 1
278616 353688 1
392023 15890 1
104508 256304 2
243304 884156 1
862104 220770 2
855284 464933 1
843130 719041 2
735620 864348 1
711444 267378 2
452218 275902 1
670920 569509 2
53092 993905 2
779027 881836 2
336797 713460 2
860653 262911 1
303552 41012 2
369872 305880 1
813840 185369 2
923828 424718 1
747393 968430 1
917215 76270 2
623097 434946 2
666469 649232 1
988067 729210 2
383682 787859 2
666962 640840 2
185953 930062 2
414668 498541 1
591671 476660 2
928193 813823 1
497019 223242 1
864100 347240 1
25363 32988 1
488144 249406 1
43744 665825 2
600661 249475 2
675554 258252 1
117005 523682 2
315538 581606 2
276571 820721 2
180691 846114 1
803404 685190 2
574172 320645 2
660824 564612 1
474260 63569 1
271685 621233 2
447556 356565 2
830135 937938 1
716108 28427 1
735764 349197 1
913242 79584 1
628842 125096 2
454364 796408 2
560752 380563 1
841863 17443 1
376392 10927 1
540518 463349 1
99027 905394 2
398132 809597 1
905247 626645 1
974486 850683 1
109059 527977 2
504214 308980 2
943989 774819 1
970281 511064 1
446514 74363 2
170534 147665 1
774485 639103 2
92412 983371 1
100284 505117 2
414916 928099 1
826838 653126 1
302085 924217 2
24316 972905 1
845842 919127 2
83328 101326 1
497409 779623 1
587897 906061 1
519386 632193 1
183400 417472 1
564533 228735 2
761054 42535 2
724697 99733 1
862023 595832 1
839339 443012 2
553424 780653 2
90735 177029 1
255875 701094 1
934374 314304 1
196076 560087 1
911936 130445 1
746661 635125 1
395957 702142 2
178029 521957 1
260537 495471 1
141719 399936 2
535710 745033 2
236964 651904 2
426493 835025 2
13848 15026 2
793688 863168 1
560439 396255 1
781131 886593 1
929032 69033 2
310706 35000 2
991874 823187 1
553309 824110 2
1190 836322 2
196873 336128 1
500273 476587 1
662810 259479 1
584951 868276 1
206712 632078 2
341367 505883 2
609805 992753 2
764343 37463 2
459905 808800 2
575243 750157 1
729469 464222 1
215414 641179 1
777488 117081 1
320058 794404 2
100764 812970 2
246651 657506 1
364342 904368 2
653640 646191 2
766684 187003 2
510019 705716 2
689731 155626 2
642445 342418 1
426232 321161 1
869632 330994 2
586750 412319 2
146069 992133 2
154611 695248 2
258307 614819 1
481890 212071 1
83099 605696 1
970610 343221 2
199906 269243 1
484491 291789 2
33569 780837 1
221889 166014 2
275460 83321 1
847976 931484 2
730214 698230 2
16434 179786 2
445828 517874 1
688398 743520 1
920836 422312 2
656554 491250 1
943877 256958 1
477439 258528 2
827840 172746 1
490727 654893 2
695783 805898 2
241325 187348 1
416302 851119 2
814377 103103 2
826259 596332 1
880556 73257 1
15889 985274 1
436574 303293 2
167945 55588 2
834512 172432 1
281942 434293 2
141244 677522 2
720016 918522 1
929964 119786 1
188643 384272 1
520559 108257 2
656861 458692 1
158627 419232 2
710922 415904 2
376510 84757 1
965690 583422 1
974043 849106 2
211599 436155 2
958787 454835 2
183417 759078 1
84299 206878 1
728658 91224 2
768809 961793 2
187838 326963 1
222894 881927 2
936967 941417 1
58650 497908 2
491830 373384 1
124083 51785 1
566552 715777 1
476791 641632 1
677577 676928 1
867704 748119 1
816414 458923 2
673127 296715 2
329128 654538 2
801586 988014 1
142110 291622 1
845855 625104 2
217917 852264 1
278993 700623 1
928442 128144 2
341284 730346 1
83103 986386 2
562786 344547 2
276472 764288 2
405809 53134 1
825832 210863 2
578780 223608 2
835458 254497 2
145936 129406 1
197139 309910 1
217438 985653 1
409598 797535 1
741973 998681 2
440577 457606 2
497909 867700 2
606263 641586 2
165271 777862 1
822569 856705 1
928416 174699 2
242553 58877 2
569482 420658 1
628945 534477 2
292507 750287 2
773140 815670 1
572450 810748 2
687533 489191 1
800451 542970 1
76969 74636 1
668106 304218 2
455260 534024 2
519554 13181 2
446740 279699 1
272026 18910 2
247214 737802 2
937163 622485 2
76045 153295 2
271986 248246 2
967105 275498 1
287314 435193 1
916172 140320 1
196644 152100 2
899701 430763 1
615480 757876 2
453820 170004 2
712238 510206 2
952553 191709 2
995816 48628 1
46155 46388 2
798555 971820 2
653348 84985 2
387938 457995 1
313507 524571 1
966079 799450 2
651239 760544 1
871725 107632 1
466031 662347 1
290588 578779 1
422977 755473 2
733724 752678 1
511948 670583 2
248753 449590 2
880095 337721 2
591711 674351 1
231848 559029 2
393511 271874 1
642060 86443 2
652410 4972 1
241349 880079 1
706831 334013 1
203619 573049 1
742197 691772 2
714437 2904 2
548464 646566 2
646052 39202 2
157444 995203 1
418099 110656 1
312648 438511 2
515606 838892 2
928595 770459 1
809303 516897 1
906543 293892 2
584310 721892 1
234083 932004 2
964860 883585 1
313835 78773 1
540780 566195 2
144946 892504 2
24267 954534 1
375228 418690 2
919877 503008 1
722130 924390 2
900232 363216 1
356868 563635 1
60748 495193 2
994120 167404 2
823824 629389 2
36603 267298 1
916175 820495 2
391729 702596 2
267413 526006 2
958096 406104 2
636104 265248 2
974711 666936 2
561189 578394 2
707777 984148 1
390003 572864 1
666976 954551 2
55115 960946 2
898491 798711 2
132239 988091 1
571312 839592 2
896359 854717 2
426604 362647 2
593871 168367 1
776721 917932 2
964050 415905 2
236323 607409 1
356002 213368 2
679820 121411 2
691345 569032 2
862345 433537 2
605003 944512 1
40456 907028 1
295090 796566 2
202818 928363 1
309353 954507 2
255062 541829 1
765013 164079 1
110901 104836 1
254826 441117 1
890869 516052 1
435777 306038 1
613153 786792 1
193522 870713 1
537264 955461 2
156260 754822 1
595147 891961 1
336205 334911 2
705333 210056 1
389658 689455 2
118882 67613 2
841857 259835 2
489292 454154 2
509073 720166 2
9105 166395 2
546522 556803 1
476547 426044 1
69371 877519 1
145262 789353 2
499533 355178 1
311421 91386 2
719220 113285 1
468594 216362 2
488806 648487 1
649209 704592 2
234052 260992 1
694663 780301 1
424496 12317 2
14428 831855 1
504388 969852 2
84843 476842 1
92879 194990 2
57614 579987 2
748355 825491 2
46204 347202 1
248478 490012 1
739221 343049 2
436535 551012 1
466743 985009 2
352864 44640 1
79178 74664 2
39579 842704 2
726120 599700 2
314665 476502 2
278736 185266 1
34150 666014 2
58567 24325 1
594696 846311 2
640092 366593 1
339014 183555 2
227278 989464 2
776240 169636 2
915176 743004 2
137466 850278 2
373021 646959 2
987953 763699 1
913427 713396 2
742137 80883 1
840668 257744 2
700124 723920 2
433371 97121 1
212819 349040 1
36154 845850 2
363240 108787 2
246329 898711 2
747313 125926 1
917285 917361 1
56635 736686 2
717884 80424 1
609601 798472 2
311931 93808 1
453289 504825 1
670996 396646 2
445011 324138 2
321077 228317 2
139437 650580 2
397043 475693 1
507889 712403 1
542094 428887 1
404862 995459 1
806488 261895 2
633744 444066 1
352252 882936 1
227658 499395 1
401862 6900 1
390519 565557 2
780454 396669 2
844290 528462 2
668187 477026 2
62486 116979 1
436363 399739 2
501361 465111 2
938566 813219 2
95486 174159 1
835521 26522 1
470185 525608 2
849242 343938 2
182187 972537 1
111408 332644 1
638018 472688 1
570323 586606 1
326567 55694 1
44535 493263 1
175006 753842 2
142218 11438 1
702545 715661 2
820224 730620 2
465935 800519 2
477237 720834 1
741889 723671 2
497154 973195 2
999934 354087 1
229219 160598 1
412503 773837 1
705668 179292 1
355118 281891 2
491907 955643 1
935061 121532 2
619857 763788 1
405707 183302 2
887694 371485 1
548225 650516 1
377918 806899 2
204307 280576 1
596000 600175 2
982659 70073 2
330365 609320 2
676475 74176 1
572328 327456 1
20370 145106 2
230291 294159 1
559433 807722 2
665698 49845 1
703620 243434 1
671436 559853 2
571435 599728 2
466337 592359 1
767104 663701 1
53206 398559 2
389740 494280 2
96331 59022 2
648332 610748 2
830369 34566 2
542192 390569 1
516675 449139 2
193483 170213 1
857540 570489 1
421176 540861 2
330593 777135 1
777392 835510 2
488537 870779 1
42364 398234 2
946393 74215 2
53296 915133 1
748070 708691 1
606505 566760 2
215431 972500 2
223381 131977 1
774672 64 1
116403 502587 1
869851 888485 2
181601 464888 2
348212 767671 2
531088 107418 2
635684 240337 1
361161 850215 2
570878 360547 2
132745 150095 2
396912 537749 2
191616 713411 1
470552 832251 2
217355 393305 1
568453 264771 1
450186 473069 2
654195 753815 1
77430 695374 1
571006 196939 2
344426 693004 2
29968 483130 2
46112 601304 1
81230 635041 2
821191 573029 1
365789 214308 1
747789 725836 2
419298 317419 2
18197 449288 1
898486 710968 2
570440 58358 2
671755 47077 2
179739 48399 2
565340 653026 1
750729 457606 1
72395 45243 2
387015 250528 2
239469 117853 1
309956 806813 2
802213 746698 1
518231 866041 2
118985 33639 2
200355 488896 1
628566 671712 1
2816 829476 2
879498 830737 2
485676 758630 2
97909 925153 2
964044 5052 2
659213 986034 1
422122 195538 2
888707 943283 2
320068 200955 1
379376 946548 2
244189 617771 1
713583 348753 2
195126 957701 1
330966 919026 1
891333 111327 1
999901 733999 1
82107 999178 2
24463 850913 2
375384 901091 2
78592 710984 2
840180 494777 2
256810 951847 2
470661 208940 2
871972 579070 1
499917 895362 2
613656 733372 1
69371 4189 2
892747 676117 2
973306 564490 2
214857 176526 2
33090 848111 2
503888 20536 1
107780 531638 1
587910 219281 1
416405 518607 1
816213 614698 1
10369 992418 1
71988 796076 1
694177 552751 2
767354 579645 1
553401 422651 1
325864 719593 1
695357 687335 1
222912 884996 1
264833 960580 1
67199 570163 2
524154 382376 1
490560 495161 2
231917 271818 1
147197 301333 2
887136 764984 2
838628 67612 2
466515 923980 1
305253 828407 1
607924 876378 1
552373 403038 1
181287 520586 2
568880 378934 2
699043 683277 1
52734 16438 1
233593 478194 2
500697 94191 2
640462 276121 1
228222 388825 2
213484 548092 1
518727 342447 2
909473 901128 1
291047 549456 1
268983 438169 1
361669 797228 1
655784 256234 2
140693 783573 2
349110 979727 1
566120 568531 1
703555 527827 1
664322 484368 1
42766 558383 2
824632 589010 1
401763 254205 2
451981 33028 1
188259 660243 1
754301 456482 2
528457 617960 1
133667 816690 1
185102 60540 2
364352 280930 2
775366 885909 2
407162 791278 1
161759 568802 2
354163 441591 2
68616 410176 1
492534 58002 2
315082 685333 1
114160 500033 1
57299 488329 2
787405 110924 2
999933 717986 1
368690 641729 2
512548 238138 2
673323 291163 2
77482 865571 2
942739 613902 2
492279 811875 2
913724 727110 2
784572 752661 2
365085 993959 2
938853 462468 2
417948 369112 1
829448 979558 2
625618 356831 1
155920 807532 2
666022 524161 2
279779 48255 1
673969 979299 2
796382 365503 2
805470 489471 1
846439 273190 1
335545 234017 1
971043 196179 2
422047 432521 2
29865 548548 1
264395 454953 2
531314 892704 1
911297 891510 1
678251 691516 1
300370 389592 2
713024 3095 2
884935 729528 2
828350 373662 2
355636 660911 2
374037 590429 1
745019 189354 2
905286 384649 2
548759 367957 2
840433 508773 2
986418 944236 2
747718 87863 1
332147 819564 1
584658 129339 1
897640 655510 2
662583 910710 1
848720 262514 1
150650 940789 2
661740 620620 2
7375 286544 1
116607 993354 1
832761 598600 1
308247 879163 2
724762 856490 2
601662 251749 2
138977 217870 2
956733 626991 2
519862 218077 2
415359 474629 1
489107 510520 1
441794 979911 1
229779 605168 2
246392 549592 2
701918 394777 1
32574 727099 1
551979 963476 2
867675 901972 2
732255 838793 2
941306 847612 2
366925 180206 2
875270 145367 2
123615 54353 1
123302 866229 2
990650 500250 1
132755 620651 1
25199 530990 2
476532 743334 1
682103 109516 1
417682 658300 2
600193 21635 2
429030 363044 1
643459 367149 2
953453 962146 1
582811 235440 1
318099 725212 2
152296 368977 1
794353 576203 1
369927 412803 2
362892 268460 1
549341 84456 2
604348 527992 2
315682 728924 2
187396 454774 1
829797 113324 1
909803 91609 2
276949 81231 2
819787 486260 1
633459 519268 1
845180 453915 1
957174 276311 2
739689 952218 1
586890 278511 1
690372 558831 1
885571 95597 1
232106 425531 2
990380 955525 2
324921 616428 2
724337 673317 2
988832 513844 2
673593 609088 2
509954 172530 1
345154 96454 1
152750 327417 2
846756 198546 1
527584 820847 2
597867 565538 1
709393 53225 2
88186 253722 2
231236 504573 2
263740 230984 1
244907 63735 2
242630 478515 2
483619 544376 1
37004 86714 1
304129 273334 1
377079 71538 1
411584 559198 1
782572 764529 2
494133 59114 1
57151 180898 1
587157 989656 2
978540 821337 2
938080 383965 2
64570 4785 1
96979 499216 1
358846 618983 2
10586 581359 1
813973 311818 2
811549 925166 1
60781 553535 2
112957 742656 1
322762 221743 2
46453 483190 1
34420 289149 2
673484 382043 2
647919 983668 2
137920 932611 2
32424 569154 2
426959 943526 2
65287 392694 1
358360 514860 1
303785 517909 2
528147 891786 2
358761 329856 1
823166 379585 1
213274 30777 2
439397 363671 1
719581 334643 2
289876 877003 1
198154 603838 2
899935 520403 2
362639 499901 1
608527 364992 1
953069 788543 1
75415 168289 1
150646 777022 2
839921 146683 2
418120 630838 2
73141 770566 2
463463 248325 2
364965 214951 2
178535 773840 2
677117 911481 1
150052 931056 2
180849 814929 2
367079 798943 1
797886 682885 2
582956 502226 2
461565 447014 2
239657 375822 1
412699 885461 2
730530 101971 1
510370 799856 2
998180 980394 2
978368 170436 2
962829 722344 1
696879 681610 1
419393 101551 1
981093 624223 2
795601 917346 2
822430 141166 1
356673 885958 1
747044 793147 1
293758 127725 1
364426 151821 2
417112 634244 1
522279 949254 1
231343 687514 2
297981 419165 2
503505 378788 2
490500 408759 2
256286 68242 1
871222 194217 1
391715 585711 2
708481 842149 2
459103 393549 2
605731 922801 1
237874 168394 1
26061 596618 1
373771 723139 2
776564 960681 1
402573 497411 1
645839 279599 2
438980 769032 1
314598 203166 1
137629 337607 2
254479 134915 2
496608 664238 1
945668 612888 2
589324 669888 1
514490 195614 2
790115 801500 2
48129 462764 2
588790 377400 1
408626 752563 2
630323 42793 1
547519 899421 2
735014 797846 1
469316 20919 1
14358 777352 1
572607 446961 1
446805 115073 1
748951 810115 2
495414 210536 1
149351 707608 2
223073 994405 2
793606 282642 2
280682 973319 1
939009 761629 1
559780 489690 1
669290 32522 1
281762 343565 2
515811 44770 2
40340 277903 1
278332 939322 2
967971 947479 1
163591 757856 2
363015 997629 1
914345 268157 1
669192 521073 1
488544 466117 1
842242 883954 2
522180 178634 2
460422 869261 2
85690 494347 2
760773 791601 1
768333 408051 2
841878 805424 1
780734 627690 2
755803 68377 2
120541 414089 1
544863 939871 1
540254 720171 1
291898 405936 2
102375 905436 2
272099 942474 2
311863 397559 2
116386 715306 1
777581 423269 1
570736 435122 1
447371 670425 2
697561 610151 1
298073 488288 1
898372 551983 2
855590 886990 2
892258 300333 1
873520 298962 2
933961 337615 2
444681 536122 2
252931 963736 1
796946 867819 1
369498 418012 1
882465 44398 1
528499 828798 2
888276 490819 1
57418 451332 1
164548 427704 1
414022 147639 1
895086 331735 1
685316 535043 1
711275 553354 2
301596 437265 1
898429 540160 1
929422 512920 1
18739 45385 1
220662 348245 1
5836 809451 2
916535 367517 1
840437 421226 2
281306 49552 2
345652 288074 2
251308 452818 1
413706 274958 1
267986 364887 1
762442 568649 2
536306 552258 2
259317 295532 2
911086 140761 2
513094 913712 2
703341 582056 1
478513 791541 2
517114 162146 2
478877 544719 1
713418 552876 2
665682 548872 2
607821 691373 2
911479 862744 1
947762 853497 2
698037 895441 2
520335 24027 1
674012 270692 1
572867 910019 2
815537 328464 1
26945 149527 1
128311 132855 2
658598 864812 1
955186 652335 1
371102 588267 2
566291 274060 2
789250 214295 1
967412 250376 1
398027 675988 1
716591 566508 1
5327 181598 2
945154 583958 2
392846 674524 1
317828 12114 1
100205 28571 1
171819 551784 2
656520 134601 1
324810 369189 2
983002 127136 1
893568 187304 2
938358 649443 1
786978 523638 1
374586 758651 1
388165 107036 2
936878 225845 2
10058 321552 1
736302 617043 2
33705 267288 2
914778 824970 1
666869 700794 2
274763 762086 1
341471 557954 2
641257 921073 1
698856 195804 2
459337 562657 1
40332 217784 1
758589 541995 2
287098 182730 2
233764 509670 2
281489 835922 2
554493 530971 1
743761 603379 1
321400 667764 2
673577 739740 2
418487 677896 2
212319 980956 1
477406 530939 1
181582 184788 1
421836 488475 1
390017 606855 2
987344 261819 1
766720 999088 1
670518 1307 2
929323 181460 2
573363 929380 1
923745 326465 1
780729 13997 2
335710 266188 1
417933 264663 2
887987 786127 2
244697 84475 2
133349 823836 1
30472 33763 2
135747 15594 1
662450 949865 1
723639 503157 1
370326 104966 1
88038 711464 2
492310 477343 2
228942 806193 2
885808 708392 1
228126 970350 2
878930 115708 1
360954 82519 1
578255 723342 1
75584 404250 1
891087 306278 2
362694 884311 1
182664 188658 2
204642 790000 2
527881 583136 1
611924 458562 1
197857 992590 1
976326 834105 1
376606 656162 2
538746 147328 1
177055 679222 1
542886 433 2
746495 721257 2
752791 843511 1
404937 265450 1
395349 151965 1
32483 170968 2
557543 141378 1
443566 939161 2
176572 450834 1
986182 549858 1
11157 663443 1
319234 102769 1
141442 264332 2
122908 421886 1
898620 200435 1
454504 236669 2
333761 605467 2
725558 239613 1
478566 311390 1
224763 746742 1
908940 912337 2
780656 136010 1
983551 662150 2
763770 280486 2
522313 3802 1
116481 872686 1
905710 436285 2
671679 192171 2
981295 298797 2
778763 364631 2
583705 636551 2
637949 710369 2
632493 972356 1
339896 106577 2
239786 971118 2
433676 846527 1
335722 253651 1
947840 432111 2
360308 332902 2
261296 241316 1
350905 756251 2
709709 956415 1
545601 657308 1
720809 9708 2
611989 854542 2
621174 386482 1
91929 790021 1
281986 867478 2
532482 57531 2
205975 698811 1
212513 727314 2
974654 687205 2
735565 388685 1
649000 814975 1
817246 421283 1
539107 788251 1
580043 92859 2
606679 537200 2
665965 76240 2
148678 231188 1
567324 374261 2
44655 342406 1
709654 323296 1
838336 402577 1
925294 133771 1
969250 436604 1
726985 946099 2
282673 510704 2
891759 6865 1
986379 833067 1
913322 107766 2
12591 772364 1
361689 613014 2
155821 754209 1
392785 393567 1
820004 784067 1
520088 960969 2
510524 993487 1
359559 484060 2
188285 722928 2
403996 541926 2
977472 370989 2
62776 972992 2
863000 375744 2
649366 362846 1
967570 744335 2
737005 621576 2
501686 658556 2
386671 744560 1
602719 650128 2
136946 674196 1
391584 758871 1
991525 869249 1
700486 106541 1
906769 810708 1
216777 368105 1
570465 599299 1
922772 175373 2
51586 48168 2
107563 486843 1
754027 450241 1
593020 178506 2
878221 173627 2
312272 207126 2
601402 991433 2
356792 386700 1
605092 484772 1
725898 349651 1
629368 263261 1
21618 288548 2
474151 425848 2
840939 418936 1
965919 517804 2
165291 754401 1
20563 987379 1
122163 824781 1
485984 904246 2
589313 16755 2
553177 588425 1
20401 270470 2
97526 396042 2
426292 581096 1
231204 199069 2
484383 25911 1
272739 56960 2
326678 16966 2
174173 494033 2
790101 237698 1
484794 114149 1
359844 554848 1
232697 881857 1
396008 366936 2
775277 828768 1
952141 443519 1
855489 353537 1
227820 303326 2
630675 487750 1
298236 787677 1
635981 52858 1
890510 989237 2
889817 797063 1
521970 801802 2
966666 823422 2
7206 839027 2
919226 794806 1
110149 514195 2
361710 143059 1
455278 789045 2
411827 53624 1
861938 270898 2
638503 725648 1
275826 588987 1
169572 954920 2
824761 49198 2
971511 874491 2
596996 185473 2
749772 913806 2
500229 564215 2
78079 741175 2
788432 267601 1
498102 947505 1
363470 537648 1
770184 407092 1
607277 462701 1
396611 486709 1
196089 467267 2
977311 251170 1
378900 505116 1
808149 802567 1
400259 686471 1
194251 349794 2
13475 909856 2
107024 930457 2
258882 440684 2
921477 809978 2
365565 702167 2
955128 234475 2
482150 593932 1
151776 757878 2
945281 132436 2
872806 560996 1
385319 949199 1
420726 179282 1
543075 58169 1
601914 216094 2
707581 449787 1
787740 889360 2
763421 343233 1
274926 652688 2
93843 258350 2
74330 759532 2
443660 710077 2
948006 294373 1
843198 896546 2
360476 562153 2
22038 797631 1
918568 931446 1
718256 47960 2
537814 541531 2
417253 241582 1
280013 610685 1
389318 24562 1
487578 995137 2
962993 890601 1
831764 21727 1
572969 580381 1
841408 136398 2
700390 929448 1
181991 866931 1
783878 936315 2
93833 617690 2
63540 600425 2
454981 949488 2
928906 909030 1
282884 593495 1
13441 224407 2
690679 860572 1
554575 438047 2
232424 583167 2
588017 966365 2
720505 874579 2
190757 566016 1
392619 349201 1
604658 398203 2
323065 512695 1
336237 143556 2
573216 161901 2
421200 465320 2
195032 915242 1
569674 668081 2
635049 392217 2
213357 472214 1
654934 301423 2
313773 999772 1
500768 368964 2
498973 197145 1
300607 246745 2
669501 800100 1
798389 846625 1
269593 361344 2
630607 491326 2
512909 217150 1
821867 629704 2
773312 80412 2
767308 906851 1
878723 655758 1
952875 621790 1
29858 55321 1
682452 906860 2
500805 418694 1
458207 283646 2
752044 905367 1
243017 270985 2
979925 481602 2
553674 522830 1
916935 209204 2
287950 528860 1
356560 621773 1
676513 225058 1
811170 224214 1
394300 224463 2
678357 693116 2
968083 185872 1
209803 380266 2
215029 441085 2
611022 512994 1
553507 831035 2
829769 680406 1
23048 71096 2
910487 383993 1
450707 8334 2
3679 180892 1
842062 232050 2
377263 342124 2
277345 917000 1
80526 886444 1
687622 944686 2
823852 935242 2
16107 441805 2
96796 158998 1
157731 805132 2
989721 419856 1
191692 974063 1
39867 494140 1
217174 292838 1
981012 11360 2
460991 722477 1
257459 667782 2
468198 17975 1
745487 443003 2
584911 564521 2
939330 984577 1
758704 673398 1
788489 868558 1
73889 225794 2
474885 92050 2
992975 383363 2
597961 628416 2
847404 331105 1
428984 482890 2
633029 877578 1
939760 38646 1
738064 989983 1
940316 772843 2
884335 754919 1
894919 155594 2
833314 587275 2
766872 450469 1
842027 218876 2
738079 312424 1
814646 527167 2
54684 230252 1
614302 361938 2
584845 980967 1
415419 722092 2
157893 5492 1
178544 35785 2
317145 508334 1
410618 647599 2
484700 136785 1
151448 728814 1
534894 432108 2
422854 869318 1
943128 383943 2
362518 658163 2
331929 645815 2
92173 427607 1
350542 748022 2
528721 304406 1
573907 61092 1
40973 887609 1
431189 801461 1
443283 700427 2
632203 635291 2
975848 38089 1
348699 511576 1
724946 925104 2
540131 299006 2
933313 105955 2
4868 156228 2
299136 499772 2
306900 377590 1
930726 270951 2
532170 216669 1
739789 211890 2
346584 351777 1
927322 83142 2
357152 974703 2
455689 37781 2
209221 52791 2
45095 918917 1
593503 976115 2
327237 358344 1
45262 926220 2
699081 575127 2
800126 629963 1
123337 827829 1
103157 564193 1
848103 543000 1
890035 876249 2
195879 397904 1
962015 452729 2
143855 79399 2
697175 515652 2
712867 980743 2
299718 202983 2
457957 193805 1
909576 84173 1
30948 160825 2
601396 993687 1
50236 83098 2
394288 297330 1
251318 574050 1
732538 815921 1
568207 773889 1
442710 739182 2
755129 713175 1
82816 218592 2
418979 676420 2
526021 326158 2
106774 83018 2
853152 203031 1
847780 396710 1
734858 701846 1
495969 111274 2
915659 341139 1
490833 988741 2
687752 922037 2
626322 165657 2
76753 836569 2
972335 677375 2
985181 277306 1
590111 457322 1
982657 529451 1
140179 778324 1
537120 579563 2
357814 719754 2
866130 587632 2
43862 754221 2
249389 78989 1
670618 92378 1
952557 777314 2
276240 713568 1
104977 715465 2
840192 33018 1
979201 80039 1
3501 574937 2
833332 970540 1
932417 196262 1
840274 293913 1
273875 164508 2
447948 963118 1
165105 154767 1
244916 697448 2
900844 930841 1
921981 589796 1
456796 836891 1
337341 356230 2
685011 948482 2
209104 25516 1
599612 962314 2
706071 979812 2
23991 469229 1
277353 124404 2
446496 682144 1
526620 77710 2
201695 689074 1
525504 513228 1
858074 38106 2
899871 504508 1
4881 662541 1
44178 727837 2
448284 769835 1
341001 926327 1
516894 957688 2
563251 790837 1
539864 555517 1
731923 120368 1
573132 255338 1
860531 793633 1
991881 349402 2
86885 526649 1
615736 483784 2
486292 489767 2
592634 746508 1
639995 55243 1
686641 88705 1
605138 658386 2
254969 767087 1
305302 16283 2
710317 297857 2
934360 356033 1
872041 750891 2
916774 349632 2
553911 416780 2
252723 824211 1
331668 19588 1
387852 114235 2
230442 118449 1
471419 469606 1
693255 883655 2
719393 403926 2
934890 634115 2
847907 48796 1
163126 32446 1
225490 388974 2
281003 975746 1
618987 627432 2
514474 332756 1
600461 638845 2
702029 798580 2
575302 805955 2
961528 735260 1
732903 679105 1
597306 196190 1
23604 75589 2
349706 666272 1
569275 757087 2
178906 57952 2
718588 913192 1
804081 490082 1
590844 877654 2
880838 324325 2
263239 715817 2
43688 561006 2
496058 60236 1
262493 838592 2
777725 45011 1
27320 491093 2
232454 694357 1
188536 425521 1
623541 591094 2
47099 595295 2
245 530692 2
726121 22574 2
547830 755687 2
66977 184087 1
44245 353510 2
906539 539803 2
200778 801917 2
575295 381680 2
305096 789788 2
422506 79757 1
843566 70343 1
788231 113433 2
638721 576166 1
861249 630061 2
843533 988744 1
578995 751516 2
86460 177241 1
923754 848695 1
428807 412696 1
967691 274340 1
580694 864126 2
783771 83327 1
256398 800015 1
840952 88179 1
469473 445581 1
669439 108237 1
815421 380435 2
399589 956524 1
495500 960637 2
87099 561181 1
862351 448136 2
260453 312516 2
295314 665949 1
433047 77899 1
151203 292228 1
25434 109722 2
587541 461762 1
423362 241809 1
33835 482985 1
125961 811598 1
88737 100115 2
535537 310509 2
925439 199104 1
219919 625282 2
697244 645967 1
57084 522427 1
689895 71311 1
807153 621598 2
323651 45638 1
274819 829425 2
464414 964942 1
315970 844275 2
355989 83524 1
794970 800014 2
476815 896523 2
233297 728017 1
383779 157895 1
710200 710349 1
39823 892465 1
728374 896755 1
308869 253809 2
262450 296877 2
783900 764061 2
774407 917799 2
286620 719631 1
82445 784892 2
180087 336555 1
519236 406363 1
598710 800443 1
762808 275890 1
778397 602224 1
132443 577879 1
597160 87185 1
843981 709327 1
201563 439927 2
441000 114902 1
382778 593450 1
617804 567985 1
357517 793330 1
139148 391200 1
608009 657398 2
237540 784482 2
776724 784667 1
670444 894534 2
347906 260996 2
420926 724103 1
290431 953454 1
63392 12390 1
270420 79160 1
563321 39069 1
797652 161856 1
562811 276880 1
750828 681973 2
182584 752222 2
768891 233798 1
751676 437421 2
374285 712944 2
168500 11405 2
818553 94291 1
880908 277882 2
497099 715319 2
303552 834236 1
730908 711337 2
664713 911781 2
800239 123360 1
49614 862496 2
610418 606657 1
200401 692121 1
612816 826217 2
475761 306730 2
269949 88626 2
268047 996574 1
360512 69346 2
257613 109480 2
467855 629598 2
834760 515121 1
656121 660178 2
389765 826663 1
517307 723091 2
697774 986865 1
963922 793071 2
916188 42152 1
538876 127151 2
190812 225498 1
449214 48959 2
174564 817849 1
18669 739615 2
240082 294221 2
488185 406914 2
344470 644454 2
30799 27743 2
556090 623597 1
2016 401223 2
635226 850131 2
624394 508089 2
158221 331694 2
947883 471646 2
843780 671538 1
397209 845607 1
54826 827899 2
282979 307262 1
683375 549974 2
224402 520306 1
448593 376918 1
773645 238577 2
787542 409192 1
189970 433846 1
60522 264954 2
348680 963739 1
917937 658219 2
256286 632673 2
735133 384414 1
997815 773741 1
464999 467905 2
81752 269856 1
421912 622186 1
209477 915181 1
614992 573421 2
773962 289952 2
565272 636997 1
780703 650008 2
779691 570578 2
89287 997265 2
7416 452057 2
619670 245769 1
487181 413719 1
332048 800054 1
142210 679508 2
962671 510792 2
91799 349139 2
22150 130090 2
382880 925781 1
962346 803950 1
889555 390343 2
589964 319832 1
300420 13720 1
18046 155578 1
436347 396135 2
520013 807146 1
830336 428133 2
82027 892825 2
937207 11826 1
319556 922863 2
262006 336133 1
849375 658110 1
891321 465853 1
915081 937412 1
651053 181983 2
846832 554694 1
264200 136073 1
820653 571590 1
76859 72181 2
865004 523849 1
684855 79307 2
871801 876539 1
474829 761898 1
787787 709151 1
444303 363748 2
903776 946723 1
777757 762270 2
698279 477173 1
125195 455177 1
536236 153992 1
2257 961347 2
170282 917331 1
131121 846201 1
391930 733961 2
956073 705107 1
406331 50599 1
204158 902704 1
238057 361875 2
172889 555637 2
26542 782123 1
180195 356863 1
433788 632916 1
76132 547033 1
682709 984251 2
837374 45658 2
853013 255799 1
343563 285622 2
792950 444025 2
153396 438835 2
547992 58242 2
615550 473587 1
922979 652880 2
284545 638827 1
569477 998935 1
94504 481558 2
544330 625414 1
654010 859122 2
688578 836837 1
82145 360631 2
58639 326959 1
765875 691923 2
521198 802462 1
987842 115841 1
205619 719674 2
572180 770311 1
931811 427557 2
96841 205020 1
254254 800598 1
632696 322278 1
467161 380972 1
901752 445582 1
415951 889487 2
284383 296937 2
73295 755465 2
49523 36605 1
694005 877045 1
255849 677786 2
396525 111350 1
191702 164838 1
98680 375697 2
835448 49661 1
589874 961469 1
693354 610635 2
271232 172245 1
547045 983971 2
80132 903117 2
811879 699066 1
720103 120266 2
930700 753134 1
569499 397008 1
980377 53695 2
581041 537618 1
365602 491720 1
934606 253864 1
370145 727549 2
784753 867190 1
845862 205764 1
306090 610877 1
988152 634940 1
499367 113330 1
400442 834517 2
173971 483670 2
151744 957175 1
327276 13615 1
143121 766760 1
499249 435444 1
203533 800147 1
9676 524622 2
61424 479998 2
610019 495547 1
713340 572282 2
685332 491190 1
442862 470891 1
552829 357090 2
410872 786021 1
422161 402157 1
378262 853491 2
644714 234318 1
697186 79637 2
749539 818346 1
770697 362251 1
743002 276596 2
334008 138266 1
484795 580073 1
36352 879218 1
167351 347850 1
684696 464433 2
854347 547921 2
695573 118818 1
207359 911235 2
607263 604302 1
325256 195633 2
293104 792602 2
700693 824104 1
534273 664244 1
585658 359244 1
291482 341117 2
281850 481701 1
998256 561300 1
895263 250610 1
816994 610818 1
797259 441071 2
10335 869143 2
681186 118212 1
901830 429442 2
314870 642331 1
847565 897229 1
134757 754711 2
228211 73121 1
98306 951731 1
545813 583907 1
677257 588110 1
469763 247985 2
235754 907697 2
159390 28389 2
192779 565027 2
935108 319878 2
868380 945116 2
101019 211794 1
307364 823234 2
100560 478159 2
863847 386425 2
638774 692241 1
545624 554309 2
526736 208804 2
19218 470905 1
390400 354253 1
197867 644173 2
63728 223639 2
14976 43031 2
612415 893878 1
273153 473610 1
681883 65945 1
437025 332179 1
893754 213552 1
329116 777760 2
835933 897233 1
478906 155360 1
833982 431905 1
67412 174856 2
936380 632296 1
313328 160237 1
799193 338400 1
869149 893979 2
69754 57933 2
521283 257849 2
197011 274748 1
225704 326586 1
741127 242132 1
487551 128205 1
981790 227372 1
480854 207571 2
968121 245555 1
548803 272996 2
659275 554377 1
121410 829250 1
439608 779023 2
999743 8312 2
408212 743365 1
365426 359911 2
606694 918414 1
846269 868408 1
953157 216055 1
259880 383327 1
375154 142677 1
765512 130382 2
384780 33576 1
983559 521157 1
307107 335547 1
329646 720910 2
191722 170528 1
338547 560204 1
28843 914794 2
820660 922046 1
178123 205590 2
801878 605003 1
629258 873704 2
403355 91832 1
25128 692160 1
624232 43395 1
448478 885095 1
83273 195142 1
944238 840497 1
7667 743113 2
432754 281230 2
142793 641298 1
693459 907169 1
837959 679206 2
690377 95915 1
870334 586105 1
840341 961425 2
553195 595736 2
7979 680379 1
273620 619146 2
602582 133129 1
386740 942460 1
964897 181570 1
958802 443569 2
918009 245470 2
590401 943295 1
439218 471926 2
480600 71345 2
800274 354645 1
930002 25144 1
125008 591578 1
634522 896229 2
314503 497981 2
224208 700179 1
447467 324210 1
466454 565848 2
49718 12050 1
942464 776609 1
59034 547987 2
836897 726846 2
314261 14872 2
368295 758850 1
963223 428588 2
681250 609364 1
959455 696116 1
644912 122952 1
335928 977736 2
484728 503034 1
751381 552343 2
131609 373240 2
996708 905929 1
587765 283 1
387158 542729 1
244335 731346 1
997666 303912 1
55272 620262 2
325451 765751 1
843716 649913 1
32005 607074 2
111406 501791 2
562927 130903 2
724227 751574 2
973523 59243 2
185349 374671 2
285318 710432 1
64579 94325 2
281211 292203 1
731158 272011 2
316958 191097 2
875512 810917 1
7129 28466 2
750288 447990 1
616959 892744 2
56613 893808 2
296576 697169 1
245603 162183 2
816258 883920 1
718465 710726 2
884453 538320 2
264553 670012 1
10034 739099 2
273116 805731 2
729839 749217 2
851917 17518 1
160909 80654 2
977688 427432 2
321622 358007 1
699164 28841 1
348218 489002 1
555368 712268 1
514834 27597 2
144884 925905 1
587338 612307 2
275809 546214 2
203837 674799 1
837195 832620 2
188627 656804 2
769835 691141 1
787437 42738 2
839851 94960 1
577197 797008 1
382409 626659 2
757079 265136 1
910590 14324 1
285464 415613 1
342899 965264 2
271258 592912 2
751267 449073 2
534589 541547 2
775487 22890 2
465432 659526 1
54444 765739 2
913795 485422 2
84554 83607 1
64439 94941 2
857125 38121 1
228832 643292 2
16700 395134 1
758403 530156 1
15688 687015 2
284546 807151 1
22855 826016 2
216595 45501 1
394772 736774 2
787129 522468 1
907953 301332 1
875720 352532 2
757565 274919 1
866724 805845 1
317001 214156 2
716528 377916 2
672977 917678 1
999885 384264 1
550 771154 1
946786 316637 1
829387 865174 2
933733 810967 2
872447 655 2
67744 216218 2
238046 90198 1
331245 881127 1
393252 243633 1
594644 636320 2
995618 942290 1
150512 897657 2
323417 67401 1
61818 456715 1
915331 136527 2
556684 593195 1
99084 713266 1
484512 567567 1
586116 189169 2
22035 636717 2
689964 163448 2
289664 32063 1
606742 213043 1
929513 901707 2
105565 889986 2
73187 587475 2
440563 73798 2
65891 505612 2
226635 239802 1
325168 559498 2
60646 371592 2
328594 892457 2
884187 941323 1
425816 221587 1
503752 124818 2
501429 362594 1
984256 546122 2
577518 212477 1
488906 42291 1
834787 547379 2
599905 790495 1
910387 268708 1
475861 141608 2
692456 422129 2
776851 553441 2
930075 637712 2
242854 16062 2
765507 91607 1
965301 662899 2
129650 855538 1
426794 222443 2
358692 647066 2
552246 901719 2
782104 753144 1
86081 710055 1
841610 551762 1
842974 93821 1
109029 350776 1
391884 829818 1
357999 609606 1
754830 478720 1
964770 835724 2
455696 924011 2
461024 524143 1
924000 744161 1
788230 702496 1
4595 266406 1
673273 808469 1
692822 53332 2
149982 660273 2
521382 913596 1
935079 154748 2
174343 709800 1
786709 368416 2
216604 727185 2
901027 374748 1
53087 213296 1
93454 757975 2
893989 730203 2
858818 700148 1
364308 375789 1
394744 405575 2
109134 102564 1
521247 119410 2
573872 611642 1
75833 196869 1
586557 209938 1
669797 151807 2
445503 341535 2
291894 299886 2
928214 264498 2
905661 291912 2
964643 102756 2
562412 478258 1
954705 419303 1
614580 129107 2
7296 771242 2
758270 310994 1
453166 830510 2
453841 721826 1
993331 968930 1
815217 516182 1
118439 49189 2
210368 302340 1
947264 313075 2
329787 367306 2
813621 913139 1
756348 868202 2
982320 630568 1
996458 801617 1
134657 133221 2
451789 603215 1
912567 78000 2
225007 873912 2
322811 165145 1
956307 946159 2
783453 735536 2
649501 467089 2
453204 884132 1
95987 479862 1
444556 58070 1
89348 453586 1
80926 874828 2
211421 557980 2
975508 211173 1
609638 274391 1
240510 716064 1
315192 900702 1
92672 151502 1
17944 239239 1
845298 165315 2
747209 541463 2
119743 883906 1
365309 698178 2
773087 940663 1
540666 532330 2
955227 623058 2
812257 945124 1
303059 961013 2
991903 397284 2
216198 877612 1
43415 950875 2
209643 489326 2
722987 265281 1
857868 279127 1
94699 875857 2
112246 558615 1
802390 29216 1
60451 783783 2
694676 450499 1
152147 901368 1
748470 252543 1
506406 259727 2
846991 131330 2
369604 812999 1
584915 698697 2
271675 341179 1
270309 360767 1
582148 554102 2
121605 131260 2
247914 340265 1
430241 762869 2
335080 634033 2
654301 613523 1
205423 804147 1
523432 202653 1
390469 632276
591655 825249
689338 866792
303961 736155
921732 674269
200372 227081
391523 984632
70794 312248
136916 367058
2645 671881
132206 780992
30804 421312
145859 756208
741394 850853
573297 247176
902264 415275
753690 220296
661897 50302
197518 928963
578396 290413
432540 97076
824940 294233
639835 345620
62142 680423
250869 102111
615911 399096
909250 573907
107660 251149
992002 909419
843830 828193
417928 689715
260387 316175
285365 722924
928203 569837
435407 601743
321006 513061
688005 427899
786243 620438
170523 589863
968139 610283
249189 286520
788548 323140
859821 581746
778405 492711
475751 492413
728707 50388
317686 406078
556546 77853
280233 579194
361908 403408
806463 366094
408887 606175
963429 43783
511557 806033
311764 402601
259280 861109
612258 6318
69750 887438
901663 129810
801331 372371
369156 891303
372395 560327
579792 852381
117606 601229
844727 233168
324167 228962
575829 69326
278870 48910
165604 878839
927524 325047
891200 833758
453196 363165
84183 208493
499629 253061
4172 564942
616664 550649
333481 836638
680563 126409
259212 11554
733947 374961
494346 642419
528898 109342
484320 122959
608902 245639
392155 374590
972913 69974
15179 628315
287533 130184
277801 620052
805119 570709
596766 42504
611399 671030
836203 716030
953770 780117
644231 328401
209829 288006
214034 86171
546730 79496
251047 182927
989415 225885
438629 50768
268618 853069
618737 585857
991542 621679
446763 266577
375421 835879
749523 362468
300017 266998
410185 806985
796667 351438
407192 579204
683264 166708
283482 648750
77456 515762
864634 92747
760249 310840
364719 552552
586170 716188
188936 200719
744336 742905
917423 25692
304602 647934
39344 529534
935149 399966
224187 504601
84522 82200
532969 263020
542448 592305
397132 299299
395498 993259
44812 505625
348476 764542
999826 714805
144157 40736
964108 640598
992904 327538
28149 916537
23886 353988
701806 765910
144322 292646
895448 808544
865068 974030
184255 588208
201661 631400
987404 392069
38259 503546
860285 410146
760707 524897
587585 832751
966860 952196
971627 723022
987911 661158
177279 878651
497381 512264
921237 443404
540576 863353
284200 749203
502757 840527
279851 720750
486727 701178
98472 807941
688575 763377
28708 574288
687413 407861
793089 676090
201852 180876
937543 892837
550496 9569
400160 863962
72105 772245
643699 525305
251220 647964
46020 109752
205678 623029
361577 341710
644323 51787
74042 605212
507430 157553
526662 155102
188805 433939
372735 792912
76708 621485
680050 755199
600097 369860
826457 468515
364142 484222
810926 291365
614438 341591
374520 822319
943879 246545
445883 157545
111862 135009
738987 273634
922470 330175
959749 845204
123568 330847
474489 73976
671976 488580
275983 495213
294992 711922
740532 152370
705835 325204
604105 969878
575062 96308
171078 799374
998459 669990
504628 970004
869702 809617
962777 150394
193724 921976
408730 645411
831692 317968
412449 545254
454443 103838
653635 273577
534964 207707
33477 56847
823366 459997
609957 509230
627512 768117
773435 28232
118276 670547
505682 109706
800303 125018
683821 671142
872910 462326
366705 105927
116834 642667
408859 30954
423168 130617
124333 343116
307571 18289
954143 920579
57674 227387
581860 804390
86604 523009
676774 871452
908733 232406
292184 313851
280405 679595
314939 464666
229272 96378
584424 665879
751472 929240
970749 920867
466645 357391
580 630893
617721 433249
639742 201712
914283 796093
31283 715942
15425 462168
242799 159697
651892 822194
363519 524100
568302 780320
655311 64318
447741 948772
497438 988634
641012 528011
319280 306917
821016 623615
830658 860803
405141 908390
943529 316266
49603 15842
375741 69172
878407 143316
581636 855859
324828 353879
201291 221357
465774 751796
548220 54887
955865 876679
940590 286744
73912 792692
151633 890165
936243 482510
165134 240620
124194 272080
850746 856566
643756 819336
973549 387881
698166 602975
785363 573633
187695 821912
679051 346383
266287 908957
971474 210417
179455 45451
147772 683551
902485 732102
120282 292807
118185 984464
873338 236289
817581 646447
530091 310394
968537 205757
962548 638688
121615 7196
865441 593911
385762 338011
693247 590498
679051 594135
225907 938952
570028 360488
259330 166680
183374 885055
466971 562034
858761 901186
422263 278268
20355 938315
347684 169199
446035 965123
337236 762822
843858 694114
941311 39760
948123 430748
117627 919906
113580 741635
713478 651807
943247 937468
99496 929590
943458 465036
972443 583884
91373 911635
244787 15915
779376 914104
504181 560964
219754 631685
369170 724464
614109 14088
514082 631903
16173 931830
309117 496305
748832 468166
599342 139686
733149 822104
626210 621599
655108 929938
842965 587270
440955 413389
903188 280243
961734 526354
861303 660945
224267 268245
729758 878060
271123 986924
507350 694944
370083 510615
436135 895708
165679 376685
840087 212231
412332 969205
279372 921875
677757 91323
923882 197774
167470 898158
893848 843864
611251 230491
67134 959124
299557 938241
799071 540847
507911 37264
854434 913110
286733 451828
258434 77503
208430 521647
714714 745321
409008 528455
629240 777698
728855 587382
752286 703177
146547 288717
204266 774316
86876 48723
479367 440553
623130 719709
782703 663310
982478 234556
500077 965316
794692 448676
473638 666428
540694 244163
320916 834561
598281 233428
582821 954805
196061 611091
173223 903464
837401 359594
707414 360473
58358 750627
783858 154247
462466 865106
863672 734555
946190 203981
524197 302350
576477 171650
906095 446526
608369 690306
564416 204932
223080 992416
640019 159575
439310 177146
917791 151502
466642 999750
171384 412533
853136 629359
708466 645593
376685 719325
241813 755023
742507 858821
57283 458002
979422 595202
624353 951826
783164 130468
764380 261109
420635 65904
580070 397374
547220 857422
594010 688725
889409 521734
941176 965540
723814 215632
866883 729336
379741 337275
144531 916843
614409 35235
78571 620027
286163 71190
970052 989590
288276 975173
564630 598649
694077 727162
527566 86497
286810 21237
153529 496292
437737 549941
966602 916406
169322 246001
749713 679261
973845 275829
466757 529455
54591 363498
119773 676327
813520 641006
277528 937424
214623 412380
102732 101012
486074 887617
552175 276161
593511 343319
730106 877594
323837 750757
263101 262648
954168 151932
976978 566739
464799 364077
344422 909819
589684 424155
424439 144209
602201 795746
608610 814170
145013 887455
866091 353062
686051 892400
954808 2310
443677 272314
658170 884327
163261 269711
960889 811126
741082 203016
602097 24419
381716 990343
806357 96616
560972 427097
815861 487909
54721 430929
555120 344938
782574 267910
26491 301265
332882 958668
686311 841682
283672 376793
289142 689860
171248 733228
235793 761761
292842 963236
852590 343018
479841 722757
560299 446066
928509 313043
37444 684735
966066 105521
582821 841592
576336 614431
52129 312178
914912 725973
932147 873407
31044 905384
143503 871020
674071 268369
363835 166436
473868 27026
693504 544933
492126 351793
92191 679133
684172 4745
119162 940869
387872 172591
332061 351490
623222 210172
898142 816885
619402 196827
319438 493795
304928 21399
75227 523801
891261 371803
242669 689364
191636 750698
829875 219281
267826 270587
985087 197885
760451 139529
380367 721908
973687 878862
123500 836440
529597 726799
172131 198370
16766 853576
213296 410217
801234 243102
136830 307162
828730 713817
543225 26525
72476 621636
163056 513422
438190 964990
524196 352837
672978 129140
496673 238071
839914 969176
468726 662958
106782 961746
806392 343452
875787 273277
843144 689165
171711 434884
204487 153876
230344 29716
426229 498413
539796 955636
867647 850049
406975 825469
691434 750220
727646 492139
730512 508160
4333 655795
223959 631547
271237 634317
424110 365282
436330 768451
401758 614286
909426 579655
896580 564675
530076 332625
911371 985707
580155 80555
295853 574768
878785 159588
801725 548788
249798 269651
44198 307543
586625 850621
825637 533284
974327 198017
72451 625314
32048 545400
222806 273617
146738 926525
767435 400299
404163 51029
55275 519865
283395 594343
295078 27445
214996 159430
848652 99351
112075 694269
711712 79852
558310 322957
265326 748673
754883 814799
559514 713785
851242 996315
891052 846043
950131 78011
104692 540938
779840 156226
464021 303314
638436 208870
810588 869699
704005 235495
244797 213063
702967 716148
602178 538069
53175 390537
518885 658035
561593 279550
287654 701832
853522 468475
320458 974795
720793 743331
161661 741454
976569 216422
866839 442626
215413 764355
532953 652145
940474 644331
626011 164047
401721 59600
6804 642916
695672 211530
718424 704098
924635 195343
396187 981397
166546 96235
631186 161814
824796 261724
871980 260136
900990 251000
934563 487838
388303 81794
49592 958967
905176 614959
640540 498725
653804 46388
88444 560021
506362 531766
889225 321524
877971 507103
967698 782229
60532 813064
26634 641641
563014 280457
470794 460112
399548 599432
71321 618600
231560 499390
29836 387587
752851 55253
452871 388568
783324 767374
950187 916303
216489 290826
138633 329289
876442 473044
690718 603522
204811 651556
315151 295703
124362 890070
317116 397255
640157 544691
291151 546906
25762 386820
582102 722733
898733 958486
105305 918700
288263 912289
939195 344911
161727 154715
790806 773495
505216 179441
541861 850876
269789 566342
810504 221872
943710 126175
552716 544392
310860 818890
195640 489740
696207 289720
318475 433627
344627 687413
845935 865283
451894 936627
567965 28998
680039 804587
778239 24251
653973 269278
477370 104398
410438 145592
182629 998564
561287 147217
5076 683579
48329 956962
215566 330031
513131 316117
84575 957779
123148 521829
679134 710714
774189 44255
509741 619862
749161 377781
319395 959851
383400 795324
742323 270479
15539 162
576344 683109
508587 849480
294 279836
140654 694423
353153 634392
763835 829611
861220 964160
757384 859576
204456 210499
546757 597210
184216 114769
830513 329915
432434 456049
636049 701579
916664 422930
511587 374890
383691 550293
666334 726078
684953 956510
131749 714651
155887 96940
535840 433629
964411 889078
609856 533163
714417 915035
778025 375576
446910 233166
445102 699183
23177 726270
39016 468819
345174 837561
302126 628712
318561 776738
995314 466699
623158 466342
99564 476113
558984 779930
714968 310852
730198 269936
926800 282567
137012 582085
481109 999564
888534 375887
972093 963052
213288 864396
434255 796363
973315 138144
525193 162124
561454 234904
596730 631371
334146 859473
160495 896422
895246 365816
850142 601649
304106 611336
766238 179336
908476 768845
313505 449884
885757 564843
847184 913115
596665 40068
500209 223323
385511 663299
55928 324930
676692 301892
433043 40552
731297 187822
867615 89434
868205 568426
857206 397080
898687 727794
819493 604798
123132 642966
186993 937378
871281 943757
417276 514973
922929 884740
438269 207566
427727 655587
332513 932431
779305 823828
830540 891848
762263 266342
620074 945224
632217 321177
977226 698925
13650 405561
56739 258538
699742 19473
640327 234317
903905 613246
549611 419117
216717 552993
161851 840163
327591 533903
253067 676043
267465 804206
773722 500025
155593 224974
430394 407153
114904 580029
345752 107185
691461 510218
909168 507031
682788 408797
761772 236972
827608 28587
74273 775802
280524 309331
619358 209385
969701 333742
491618 647582
944541 785431
509152 114529
178669 774070
466761 361974
743448 86317
650632 707931
56810 238254
245342 704169
550778 633785
603800 930538
193747 287768
714828 481409
783318 311914
693112 521312
522363 482393
117932 506684
876100 106337
377831 78673
487682 610746
301903 339492
380535 356042
558351 977871
675444 445162
629688 863051
654498 180112
585500 496575
359762 122512
181426 613546
917916 744452
227453 826410
878414 759620
256564 209151
819510 947625
321844 958758
521679 356239
41833 394029
28213 92950
465306 645797
810085 358383
904998 650239
421737 365855
203479 225997
329530 867006
543535 997202
731171 102278
878322 4595
453638 111288
755706 954771
224547 442692
10963 786381
180905 904816
96411 538611
233868 427358
465825 315663
989086 745629
940710 622215
777542 9470
73470 809618
196730 407764
460048 489966
554592 436007
475351 975804
784799 415125
588578 979840
848097 226410
65141 468606
693659 586871
956166 849976
184392 351220
632305 615587
156989 135857
380367 511359
723298 936608
510158 924063
875336 175633
485655 731473
577456 435751
93937 722210
320642 484723
560785 728257
635281 704298
383630 452221
620512 452940
444038 99210
975177 140540
594143 385504
980445 940276
647189 282786
781362 58728
401233 328063
222619 745642
732087 483142
207709 321570
772448 698641
662349 709731
133185 497929
464624 225321
560888 100473
719888 780451
264573 932237
450517 316443
965973 888343
349551 586397
845395 6409
794690 10023
89399 471823
341889 498337
374452 861337
164062 683111
72697 21313
324157 234592
373959 706648
168826 269330
157361 730729
131226 276085
739743 601480
709176 884754
32028 72228
112449 647054
80283 736686
175403 370052
204761 134654
540370 737094
212033 352600
858865 766446
321010 324335
142348 533016
967042 295357
915907 507345
25875 114021
39539 966949
640223 555464
719197 361904
515425 377269
721180 3120
16914 847379
591333 298902
556564 220919
908795 772547
234671 193763
268000 920866
455981 464219
563759 794839
755918 628496
782818 847670
260237 343023
76880 821481
576863 452593
601826 532907
440627 261895
736314 592103
530805 481048
566084 584710
358988 112859
794158 188457
183329 349814
96811 974729
547491 320918
299262 519239
913832 726010
648910 128970
628880 512608
5710 687542
704222 228621
401814 207021
302746 458754
932386 400547
392205 42711
625185 565845
482577 230024
533782 772805
65585 958996
27556 91774
321710 941203
539159 141980
992607 719564
981745 764372
899449 630349
662576 221244
41680 580946
991243 565737
282857 135038
18264 667836
125806 871787
768311 201979
478457 992311
295505 560328
986613 902398
818423 121059
517434 778849
306181 29685
560259 252078
766148 612319
710897 609853
872531 903314
129114 678315
781832 518033
785933 885378
747316 954949
507449 578494
896280 597244
492670 608924
655404 868587
286537 741199
522643 800807
305306 321591
701 895457
404732 362894
98240 365807
362828 616529
404924 689362
669087 440252
648457 72517
839660 644821
3441 115324
25579 46961
123651 105422
107004 913581
582839 278780
104428 357097
254211 242669
817149 567803
986357 712893
644696 634749
414574 976247
894517 171605
840874 657395
690773 150323
780112 151243
254596 999350
925722 369667
773072 349614
263621 823494
285136 811027
81812 335437
673263 747144
104444 511320
702698 908296
998810 24862
504767 630181
91506 149115
166173 136192
789246 963954
343387 346720
118814 595502
860844 425657
47879 662936
896527 857171
288201 350701
460884 403531
974504 989692
869441 828312
326551 510369
374343 944029
821336 227763
757736 949597
442233 445720
599983 141830
470944 819827
859092 3493
388000 946346
848768 602679
394163 339962
154707 404298
643673 860108
300901 842941
624783 550713
270812 562687
933740 459548
49534 699288
321687 456169
4987 902957
160738 153919
299012 545730
518180 450343
460894 743264
635358 413296
444723 321910
421276 899564
648026 190778
178325 620422
538992 697505
515960 798110
926755 122051
306473 134934
469961 94061
523491 690932
794102 816043
719251 176366
940805 738855
109247 177375
156106 433025
652201 683653
161211 621621
706623 285052
853879 621567
683294 952183
347926 17951
94027 607845
531591 898553
367002 322257
55336 732215
266190 620500
210339 687996
184672 925153
227515 580254
54350 761513
833289 794618
405447 887647
56877 506248
389318 72634
641862 465935
374222 747240
512031 533097
748204 600102
146154 82708
781666 704600
768473 571577
303402 440706
105996 385477
831648 105365
670424 636389
753464 832799
527357 288105
601157 133067
18644 617518
712097 191845
966076 827548
215312 211218
675768 567747
243737 900425
150130 976645
318409 764175
248086 801914
54314 805316
192142 17076
794314 99671
212424 776016
507826 565985
144844 465908
356185 3304
608432 89014
248634 752070
99996 98293
706085 277593
344889 863325
829581 978818
258979 308655
509873 798828
425767 545686
135259 873266
434602 507025
765272 329905
189740 736715
628994 286191
734775 17695
126992 90485
387434 155814
447723 149492
805031 849973
51067 466660
248201 692592
997388 29803
259098 842413
650184 422851
443659 819430
953461 864311
259874 88916
305958 978315
218074 758954
454686 950648
894910 864215
966292 761908
68689 971616
280965 564256
592527 968269
886894 236528
761830 65021
689904 290792
679248 465661
510389 488678
288650 731219
454477 430216
169893 171996
755522 900231
528081 267707
628031 372575
199517 149816
919688 306670
99422 122943
477624 26864
141013 214883
746474 277344
770653 805176
790529 972225
648341 988073
793984 145503
273653 39368
144474 303075
74383 890891
427743 989592
705262 486301
266402 591099
415995 612228
788364 637576
652520 868424
351951 178383
801990 173931
476777 841474
158983 589301
236935 638707
522561 844255
163556 648479
349816 542713
452418 179723
747875 500083
135199 10611
595265 902394
665419 416758
415462 87605
89899 27654
606990 918103
640194 647426
721533 288620
418494 517157
682319 413957
143799 775703
405239 261685
968164 121871
390256 901714
144422 869455
587670 671782
772404 749276
737658 720600
215653 691830
774560 54989
78540 526684
510995 988330
115341 752150
544066 260972
335605 597449
666898 197395
966323 340177
30165 507094
472401 569366
407494 586647
129336 779448
641604 972093
253805 273795
768643 844894
139443 272562
412953 395721
14116 746462
649138 427790
567246 826453
778093 348735
106193 870446
344073 945431
605930 406387
968325 839961
131374 812332
40509 959234
893374 871873
678533 370060
662679 981649
985373 138452
927105 719431
957082 821206
40554 466300
268968 28898
477830 779833
83258 629288
524324 56965
588768 494920
36750 208325
99313 467698
274357 937310
132403 838615
604086 173689
516603 494728
711422 308255
574859 184301
626015 624645
368864 334036
741004 520798
569954 883347
566384 990875
543559 480073
24162 408573
927303 579418
65929 313990
192152 294017
6602 5029
776785 959467
344560 109465
469626 345122
553354 284632
889002 157145
702284 365761
436273 581677
950446 50332
505379 132391
331746 523033
232863 607984
221474 428433
583012 969469
351848 591647
296690 905836
781407 529056
25841 901574
826481 169387
882092 644461
333119 15097
287053 741635
716056 739225
482407 305239
351495 572597
725133 375221
910199 386827
642886 407973
934297 839670
910246 393146
458548 401682
30617 10137
444645 610696
867565 327399
99731 632619
87513 510853
558758 19968
20806 389581
29925 917778
165921 812455
627814 296678
2044 806816
937624 609537
546979 677778
483550 717538
918676 99333
626343 779699
357268 899604
195319 463560
791016 659604
748622 218087
107806 573577
892325 35910
728576 633016
645875 114289
61425 933204
876096 927813
729756 950189
282595 882094
705206 839849
717154 293330
664264 807603
676980 762250
51727 345605
721323 368302
799362 385975
151153 25088
292786 228058
353913 585349
740375 161294
366084 358053
45239 27079
494895 518910
382132 60139
717832 908655
441273 504163
359207 909460
999905 556156
950021 529264
186133 914838
849311 305677
979324 654899
438418 336303
270705 516214
404168 20955
924682 191806
359891 279993
795376 202241
227902 365599
136112 874919
129501 823202
943884 246069
594301 483320
651131 716802
634513 951689
529340 718575
691023 300696
425420 134399
729655 377617
286138 460377
481278 417008
293162 333951
459936 919192
940576 704605
288559 690571
11093 441226
710873 514269
398189 602207
568674 354771
903342 729164
13419 823771
169322 203449
627020 120994
836654 562771
612918 38421
875357 152746
157066 528223
291792 120115
30485 945830
527142 554738
452103 944534
524363 172589
172349 412918
758622 774114
160310 854332
579019 49282
200138 488867
250427 934241
510179 701617
256003 876163
473889 461970
130279 451337
252713 923858
445890 642579
203806 712974
851582 972807
692590 592373
193387 103767
889586 241876
970118 206038
864338 449760
405810 419668
322232 989627
16285 54979
234125 634191
187444 917217
173818 671652
291773 28416
103514 994066
11045 614756
294116 603830
550380 40576
686851 779858
45786 125833
517767 167407
207730 265049
709711 216168
407016 32897
406281 334325
542223 982452
805126 568186
379195 158892
820206 618823
94505 345401
682868 480001
882212 512218
972568 451963
205411 344545
698273 554312
382221 837978
336008 493607
954388 884456
9762 506455
323126 952225
46030 349702
456910 693501
441742 903075
8189 183496
721164 838736
935636 640499
699517 628421
491127 745749
20603 733817
358240 949349
945908 715336
935848 456344
789012 557120
525987 195861
557114 112859
439368 93509
193606 758158
131068 346119
100119 998084
363122 456505
81501 25849
875678 313343
595808 588910
710917 739130
804918 430805
243456 959608
674584 237911
151197 723703
510151 809773
128837 13467
1546 696865
575077 683440
194179 321432
623784 729110
449553 139204
492218 365799
956708 942193
22832 494772
288150 101283
143845 789825
169192 563652
237254 521156
581199 825578
485626 923927
451024 326778
535299 692390
704726 422245
882706 863285
181434 814382
920471 809865
104002 334209
350606 501585
903535 867047
862763 382168
258585 70578
992206 868696
801231 413948
53535 430091
660303 195962
248112 453398
168950 799770
322522 267447
580340 263787
186707 974769
457327 829856
395717 266239
450090 187025
294843 848053
120783 623765
584508 848780
733470 787644
832633 426095
709050 340810
262592 467819
51135 461791
574245 168133
44497 882340
291924 125568
59311 653562
700313 666956
868330 559268
836524 257545
524522 600080
838295 197940
35628 390882
408245 469937
39887 512370
603056 558446
496499 905954
866463 811456
68702 659894
299022 220632
180572 739349
860187 377147
845502 583914
640909 236252
201684 638419
855671 567431
410384 925293
345627 902404
58294 424141
538611 40260
233159 187976
231619 688550
893348 16738
634651 476305
369666 784200
914442 273290
664670 886314
43527 515670
890321 853893
990022 332439
282424 374518
676744 997134
433141 7684
813685 710573
304544 515926
970066 904093
136522 808335
895548 524603
603356 391303
117548 386344
73949 865398
424472 361101
371302 596930
240745 673037
232781 562714
8049 979568
978271 266639
629889 183601
141772 808756
462498 601232
603545 670002
41294 412765
748586 367408
690784 840424
282832 622809
994408 922895
537541 670459
468060 296007
295343 457286
323310 160108
666650 575718
725609 37189
177597 919594
716309 501863
748105 782961
573505 9110
303201 961261
319737 993648
385616 822373
596369 898360
414776 433762
714269 380038
905543 203694
618994 750743
529992 394654
614598 692623
100732 870779
366240 517632
767584 232297
536921 7984
598146 148892
687801 23360
868681 97831
975574 720842
804361 115076
898575 640418
155407 664049
567266 949842
318342 560596
584706 371887
300584 570811
524714 489834
61904 745730
980532 223991
807989 365134
448445 494239
131152 8969
658449 207646
909951 500776
896932 496718
942952 394279
797229 312082
143562 789354
918177 819190
92820 422781
65798 265592
718868 83284
593122 121037
123193 305611
746561 720393
733928 1509
559730 242875
366702 436741
34083 537442
827563 736898
762448 493959
432589 643492
944492 373403
443864 80687
846697 154372
79196 389774
618494 846976
213568 229732
52771 308667
22197 952890
783431 526728
564009 102449
696480 118765
388415 820934
883375 714779
333832 850358
193797 331022
859533 270432
582257 158612
455006 992865
41945 239243
683261 825591
655356 262509
670898 734359
805771 444782
494284 906398
992756 620871
348353 408085
61594 792405
596464 817751
702676 538789
897151 106203
566484 908791
994884 234759
30172 27066
917041 675042
235003 675831
926691 870584
616195 347714
362271 674127
499395 86958
821176 237459
215119 342687
896128 208249
402065 67143
719993 709007
759785 917686
262991 968691
158961 228402
625274 805136
697650 371476
763223 564201
972162 565448
40009 185458
514060 745204
619809 224273
280009 118592
282968 81674
175997 132758
840185 777996
982475 680077
845719 443845
125472 912642
307519 511335
387283 231088
880257 627594
411595 495518
263705 692042
196649 558509
207131 465967
143383 123190
617652 667670
958605 806539
864025 793332
336217 223310
710292 558488
173182 691238
770805 63214
441480 964371
213314 95778
984376 232915
935507 255398
717907 912429
352297 876753
371471 757
975997 998280
353427 479052
576956 229346
780586 906972
774013 984481
451298 747844
350536 163281
566655 102708
996930 395624
847766 351956
608432 179458
509400 420146
98291 543639
320690 19385
589012 922424
405072 891499
201294 966156
353592 741808
479584 835162
915746 453214
888950 693466
444699 689646
347177 574094
173259 492972
760684 945712
630130 475744
736279 976954
255842 522347
893597 739738
706442 184262
990052 655070
3513 879617
613913 18214
744706 835831
257833 741527
416431 202874
411285 30727
915345 455606
759397 428724
389838 405819
716545 536977
905301 824708
631169 983892
946017 381168
484741 775107
764748 831230
140771 648251
725617 712135
563639 115961
135287 915077
517406 690162
875756 531023
204531 515150
613746 458806
489907 418536
325419 52510
543281 558907
194052 453367
464836 942728
608574 65054
180907 457669
492904 470424
654095 275055
547776 773242
430500 526602
631782 146770
849375 576844
632891 468650
746836 495569
36736 634400
620410 993394
924449 849285
168529 769064
85161 126926
468376 862789
992927 514250
725285 112413
622972 56833
331603 126052
719024 95542
837895 576848
795553 894928
582121 906343
284045 245201
658563 551701
18502 944542
62816 172151
515311 539544
69077 498834
597786 2302
948511 900968
385540 99851
524534 716017
444786 523957
476285 804818
445972 551289
272926 313462
989321 376779
277350 210896
298614 263828
743379 962429
476076 238891
763602 516506
136262 212245
188562 940410
958085 718296
573417 817692
271123 918860
16736 359477
761726 540265
633826 317475
897808 748497
397038 651298
915446 933307
587264 370198
56642 378133
670497 310551
342005 256801
650127 818165
527278 447302
100000 344011
602069 67268
814955 956930
232295 523089
142849 96409
509396 920428
408573 166976
60180 680966
593329 924844
495328 965129
612138 219670
402670 124259
409216 427243
545812 73679
445843 655239
82922 931717
410327 866355
999229 214953
609362 451714
116231 945080
368344 298719
284011 724039
379438 658727
501871 314468
400992 233935
801959 198757
986016 895517
835836 112206
632986 173132
425305 424791
466708 536666
482548 647609
22601 504094
430105 370603
424888 268290
4302 457607
335082 239092
577955 958446
247429 65877
905961 979540
658830 727473
803368 454345
409615 22589
876727 93053
438462 871936
486562 360663
456612 789768
302870 370638
876832 948632
41823 234538
440794 171072
253007 314474
998038 253236
339144 737458
328552 542634
670445 767788
554219 709605
506640 184826
264104 85161
63603 860663
947684 601854
284293 350428
366785 664033
547842 444936
639524 953080
612182 665069
646163 330266
881011 233335
833300 966793
704133 934790
747536 346634
284195 444677
937456 499612
913972 373127
727067 987886
693922 245477
708049 909329
268330 695256
761819 541982
608678 732424
159280 470983
798795 275431
146561 192913
358046 532926
884451 51617
271144 206663
149760 278526
402110 837228
269024 973859
491290 925569
360941 629621
621026 674686
264247 368768
972263 931753
703303 528660
397949 231489
455854 379694
645629 681932
768935 866031
437080 903100
211668 143855
655157 805720
698168 308431
217605 417843
575222 649874
300239 255973
422346 410877
60592 760368
24146 487515
190186 516477
687406 370472
635254 967033
401041 692131
408086 151545
584524 887097
428588 602080
631936 949903
639551 93591
538979 731055
356687 888801
506446 622337
431220 868448
921081 360682
967076 352552
366935 874723
53811 383397
324559 848402
54626 838853
15029 578694
867890 170357
206316 497350
691558 180153
620564 628002
297702 514721
156304 829729
427578 282981
729320 496366
492015 338542
488003 174881
507040 327744
749248 275694
113449 16344
275677 942045
275962 716177
193263 553764
611150 460001
853288 851305
62330 321713
712921 790947
693920 896209
936168 3393
976869 636627
944812 536410
831615 38
433073 180016
198980 779935
279377 209202
210468 610537
56357 559594
368933 757339
994247 784105
307109 164306
341276 526626
731936 644176
185217 974736
680626 468956
339498 334218
191191 809379
258582 924281
576004 316871
487083 78076
201912 924286
513427 609501
15456 669527
97397 46474
371472 471562
147842 961435
554674 827174
852192 278570
534182 988093
601265 260606
650114 879903
172341 208008
416020 330514
364445 962031
936701 895056
632329 287967
35899 598667
537557 988065
539097 595580
641956 208091
150359 648735
675118 423798
740843 473741
824003 265796
570265 960382
30708 15508
495217 215711
854139 980309
433034 974618
843001 195271
46777 954824
295289 954277
478939 652155
986094 665813
186826 885320
428843 426015
952281 805664
673320 633491
142069 502589
69074 677529
780105 372364
574606 561043
429205 890306
599168 103669
99835 538405
227721 798140
247334 928278
489954 145978
737830 12006
917800 240545
50029 527091
677630 562480
712540 940838
561235 272067
521617 961125
158459 180340
501743 474007
173356 290476
823926 540056
171155 749788
42237 874569
625810 833128
689604 53460
20378 469549
830749 499377
532604 12258
390491 696287
386384 167179
218733 794107
895585 900159
131095 415820
597813 404580
321812 67806
428661 39078
508584 430356
428357 657885
721236 286627
401131 471346
674893 150938
694956 185029
170570 501997
461192 236149
566964 979035
545167 303879
523835 76052
923105 547771
498536 683753
499316 444595
697256 261162
361756 772195
313158 485957
636573 642893
9093 190008
680614 193549
410709 23357
855407 467463
671457 158960
10584 806344
371557 5557
750202 542510
336099 239503
298798 983245
412145 280606
379842 957057
578120 465208
649842 303123
460605 645795
228741 318513
955377 928865
515913 733480
556774 282911
718261 107201
412792 239316
711563 939932
399141 541431
817207 286149
646208 598633
412817 473917
271526 387540
762888 477205
6861 60013
989790 203105
567927 745110
203355 312936
442164 440881
912666 300944
912002 510451
482909 898756
591892 279000
123243 334079
992537 16098
563817 79456
277935 49219
864180 599184
659562 525372
638076 818312
530827 935478
855090 778051
16350 931406
60425 221665
193872 653864
254083 949560
478528 194455
149508 843036
988012 897894
224952 572732
260547 204924
984916 583146
681475 947161
657187 433354
395277 263825
125527 277421
803818 953968
348 28338
619852 407462
14132 276289
42529 828048
454036 193279
429133 461105
266371 309203
1506 485341
652253 547425
921002 229098
683308 224709
848922 130131
465521 379183
292341 147500
144391 398497
15016 382329
940505 963986
203548 402031
417045 336451
970276 964790
622830 117130
858438 500610
258864 426867
808072 520745
328639 832091
274307 159070
129348 277339
235306 760267
919970 296106
53140 85400
627957 760777
33421 365552
843713 288364
398995 674236
520115 831255
536267 378248
969820 460584
477047 403152
138401 403025
648554 575988
120639 168000
443541 45579
927571 931694
315134 563645
678916 990295
679421 462921
816446 401628
135966 408343
925294 556496
386849 742459
544385 181416
311949 115451
453179 552119
542550 842394
838534 543905
887440 371236
379974 420887
907457 515366
136838 25464
718171 864856
508587 318545
748428 224649
273363 129426
293428 822181
810573 267219
905664 393984
979921 21207
443863 367004
496725 750432
92114 633632
539362 253930
363742 709016
232436 774744
983649 401317
850971 561655
396849 206301
255428 580756
992573 913637
414669 266289
434184 281927
17722 505520
8842 662341
716983 712498
519612 443355
64599 941543
857751 405365
966173 26121
220014 430884
108851 572146
254483 265761
152665 519315
433124 293225
263050 755083
934384 621710
88924 388561
206430 907022
187079 612994
480813 249552
312687 846921
5610 717143
994798 336418
131866 670620
285933 337943
97483 308799
705752 213488
170245 868527
285782 693370
798367 88080
946648 135556
805172 987841
75781 977704
717857 195264
521845 918260
52184 797084
451119 163285
349186 575560
43114 690066
770681 667040
169 663233
802325 91716
6257 440307
271366 775600
412888 650067
153242 545890
482753 366532
513866 323363
527381 380060
864793 961278
501834 86853
604018 766215
716709 567765
124309 444138
201833 703039
909686 162601
487214 446510
171530 389713
200322 224706
174576 412808
600186 632258
905080 537243
653139 812983
233883 661314
204098 205507
763227 430992
484346 546362
951274 432596
956237 628138
143020 302736
39169 593296
58909 216925
778109 638370
801225 60121
134004 784784
838088 684318
156423 194543
147856 750218
854311 15694
522197 144441
814297 154913
420370 280426
904539 821962
440405 428307
745385 537317
914257 385499
231220 435409
587311 168577
602909 839423
396376 161991
766136 908264
482032 413757
719539 547048
763435 580811
104057 436782
477144 959531
565258 380433
864773 773296
910159 258520
226422 56267
708654 201953
109960 548493
237205 703593
262085 812821
546037 534007
41260 347823
931643 904868
22253 109261
658769 858076
121214 801588
448480 917746
590891 22073
728381 832087
440573 539599
179677 634805
659560 65814
709556 915725
996783 385142
508698 948276
993663 97319
625192 848587
119947 44288
589703 157806
644238 95546
805129 75873
35542 636233
333490 51120
551248 272500
513787 628348
90785 429716
658736 234850
509488 43738
919917 195230
724251 234319
916143 361225
131781 233305
37382 157394
667046 538486
82605 459381
456017 604371
959136 73918
221027 21394
370219 449825
375504 415024
714824 353093
722889 107646
821316 352902
938040 647070
765367 655424
836654 936201
177522 379163
558589 954696
477196 703051
327125 904057
616399 805962
909114 750068
693670 185376
25696 733057
34230 157584
29553 930639
666002 508610
857505 279596
220871 235794
976148 350417
918491 450828
938570 173460
904769 515288
667703 174376
451376 863744
182124 867964
461873 570350
374365 661510
758586 552550
843303 683247
360450 900402
517061 405766
55208 759927
32739 686055
545052 34831
819010 33685
732708 216432
132026 382637
619582 174479
657409 870868
324180 166169
46829 520657
652597 139825
137300 673572
729881 934116
219417 146443
644672 234320
463021 788749
966086 393166
9192 164573
290362 870333
808031 507435
200328 313843
705635 208585
748261 96912
948262 171446
614540 52202
746814 345747
996291 953633
974991 212743
878452 28069
906624 675754
44531 651437
371245 330110
265337 222733
675561 450626
526446 979958
550399 158036
102752 738204
62874 514659
784257 70886
708171 579068
242015 634159
959947 97525
365307 149540
441531 650335
110670 931892
165276 881871
903355 331737
919491 599248
201440 335355
106933 458510
918728 911523
865615 373924
662822 867559
318105 175966
532054 340966
181906 914428
271060 979100
330931 709134
265761 945690
603572 998275
41592 488238
81280 626701
790756 595548
760543 952511
223901 833546
354972 280193
548622 890141
287166 525575
702549 74261
194089 162554
884900 627516
435044 808147
752482 689453
975023 281031
954591 545609
948678 983388
189246 732525
625126 643138
196791 857587
57216 51278
55118 821899
405150 223471
79497 335838
298295 862520
41052 260037
94832 240050
419546 578212
193234 986679
67061 241800
530824 704488
96466 742170
339874 263070
58652 682737
574756 995301
294302 518234
693079 677888
10989 376132
981112 724750
302672 676600
854745 928483
713656 155194
61000 131545
324694 59600
704904 524392
565147 957746
981971 619806
240239 69703
448592 494659
126247 60402
985746 427707
71331 284833
526047 632888
907684 888323
547500 115227
597321 736598
50275 132838
238659 582934
340526 312880
318050 284378
177093 380358
298072 389883
904253 132181
535293 272331
982928 744562
504066 397685
18247 471527
901008 373301
881576 23079
333962 452274
249042 472070
399868 390698
821072 315616
86727 354435
614540 897484
380632 448354
731924 3927
89404 998125
780829 987978
901231 827632
943506 970602
748370 926205
55458 709540
33751 760594
322503 854394
930761 514879
67942 616133
291184 467092
322479 45165
389471 430159
9972 974784
141016 153130
245398 659670
599475 132605
359429 564122
466804 610945
7710 604152
706834 480591
604052 307503
372568 914158
842502 378261
879540 813994
585258 509324
377621 106313
948237 59062
855984 743231
925626 927398
871491 80054
67870 720786
50452 79076
196679 465814
275823 183338
